% 21-Jul-2025 12:05:29
% Time, s	 Pressure, mBar	 Temperature, degC
0.005 839.2076 34.3097
0.015 839.1850 34.3120
0.025 839.2300 34.3157
0.035 839.2151 34.3167
0.045 839.2409 34.3177
0.055 839.2308 34.3194
0.065 839.1892 34.3206
0.075 839.2260 34.3245
0.085 839.2352 34.3264
0.095 839.2097 34.3264
0.105 839.2242 34.3277
0.115 839.2289 34.3300
0.125 839.1970 34.3327
0.135 839.2184 34.3348
0.145 839.2041 34.3361
0.155 839.2253 34.3365
0.165 839.2260 34.3385
0.174 839.2123 34.3409
0.184 839.2183 34.3422
0.194 839.2577 34.3423
0.204 839.1834 34.3409
0.214 839.2299 34.3420
0.224 839.2330 34.3460
0.234 839.1994 34.3478
0.244 839.1971 34.3476
0.254 839.2135 34.3473
0.264 839.2204 34.3481
0.274 839.2137 34.3507
0.284 839.1970 34.3508
0.294 839.2400 34.3503
0.304 839.2631 34.3524
0.314 839.2162 34.3544
0.324 839.2378 34.3549
0.334 839.2313 34.3551
0.344 839.2236 34.3555
0.354 839.1776 34.3579
0.364 839.2417 34.3593
0.374 839.2241 34.3590
0.384 839.2309 34.3590
0.394 839.2837 34.3599
0.404 839.2364 34.3600
0.414 839.2259 34.3599
0.424 839.2677 34.3620
0.434 839.2113 34.3627
0.444 839.2141 34.3624
0.454 839.2150 34.3620
0.464 839.2150 34.3620
0.474 839.2683 34.3632
0.484 839.2221 34.3630
0.494 839.2287 34.3637
0.504 839.2256 34.3639
0.514 839.2290 34.3647
0.524 839.1950 34.3647
0.534 839.2151 34.3646
0.544 839.2358 34.3639
0.554 839.2155 34.3623
0.564 839.2088 34.3640
0.574 839.2452 34.3660
0.584 839.2112 34.3651
0.594 839.2336 34.3653
0.604 839.2220 34.3663
0.614 839.2651 34.3666
0.624 839.2227 34.3674
0.634 839.2408 34.3680
0.644 839.2672 34.3684
0.654 839.2480 34.3690
0.664 839.2330 34.3691
0.674 839.2520 34.3693
0.684 839.2174 34.3698
0.694 839.2230 34.3684
0.704 839.2187 34.3680
0.714 839.2148 34.3685
0.724 839.2072 34.3690
0.734 839.2247 34.3693
0.744 839.2227 34.3683
0.754 839.2194 34.3691
0.764 839.1965 34.3712
0.774 839.2235 34.3719
0.784 839.2164 34.3718
0.794 839.2229 34.3717
0.804 839.2207 34.3722
0.814 839.2056 34.3707
0.824 839.2271 34.3704
0.834 839.2658 34.3727
0.844 839.2497 34.3739
0.854 839.2238 34.3729
0.864 839.2342 34.3714
0.874 839.2467 34.3717
0.884 839.2232 34.3710
0.894 839.2521 34.3718
0.904 839.2309 34.3731
0.914 839.2499 34.3732
0.924 839.1838 34.3725
0.934 839.2149 34.3702
0.944 839.2141 34.3715
0.954 839.2228 34.3741
0.964 839.2573 34.3727
0.974 839.2164 34.3718
0.984 839.2465 34.3724
0.994 839.1729 34.3746
1.004 839.2619 34.3749
1.014 839.2437 34.3727
1.024 839.2075 34.3741
1.034 839.2333 34.3751
1.044 839.2378 34.3739
1.054 839.2060 34.3734
1.064 839.2480 34.3739
1.074 839.2271 34.3753
1.084 839.2540 34.3744
1.094 839.2363 34.3724
1.104 839.2315 34.3725
1.114 839.2295 34.3732
1.124 839.2475 34.3745
1.134 839.2362 34.3756
1.144 839.2031 34.3769
1.154 839.2362 34.3756
1.164 839.1990 34.3741
1.174 839.2126 34.3749
1.184 839.2424 34.3753
1.194 839.2490 34.3761
1.204 839.2513 34.3772
1.214 839.1937 34.3765
1.224 839.2569 34.3758
1.234 839.2214 34.3751
1.244 839.2291 34.3755
1.254 839.2297 34.3766
1.264 839.2045 34.3759
1.274 839.2081 34.3752
1.284 839.2487 34.3768
1.294 839.2514 34.3780
1.304 839.2249 34.3759
1.314 839.2288 34.3762
1.324 839.2574 34.3793
1.334 839.2159 34.3782
1.344 839.2448 34.3773
1.354 839.2777 34.3785
1.364 839.2216 34.3776
1.374 839.2573 34.3785
1.384 839.2571 34.3792
1.394 839.2001 34.3796
1.404 839.2426 34.3787
1.414 839.2610 34.3786
1.424 839.2381 34.3790
1.434 839.2363 34.3773
1.444 839.2258 34.3772
1.454 839.2314 34.3766
1.464 839.2640 34.3759
1.474 839.2456 34.3769
1.484 839.2135 34.3762
1.494 839.2259 34.3739
1.504 839.2259 34.3748
1.514 839.2266 34.3768
1.524 839.2376 34.3755
1.534 839.1926 34.3768
1.544 839.2520 34.3792
1.554 839.2434 34.3775
1.564 839.2326 34.3780
1.574 839.2499 34.3782
1.584 839.2182 34.3776
1.594 839.2320 34.3769
1.604 839.2402 34.3759
1.614 839.2067 34.3753
1.624 839.1916 34.3738
1.634 839.2092 34.3749
1.644 839.2235 34.3769
1.654 839.2179 34.3775
1.664 839.2468 34.3775
1.674 839.2461 34.3763
1.684 839.2416 34.3758
1.694 839.2271 34.3762
1.704 839.2374 34.3770
1.714 839.2702 34.3797
1.724 839.2160 34.3799
1.734 839.2539 34.3776
1.744 839.2358 34.3779
1.754 839.2264 34.3783
1.764 839.2441 34.3795
1.774 839.2438 34.3802
1.784 839.2418 34.3792
1.794 839.2251 34.3802
1.804 839.2206 34.3796
1.814 839.2156 34.3772
1.824 839.2474 34.3778
1.834 839.2310 34.3789
1.844 839.2171 34.3787
1.854 839.2494 34.3787
1.864 839.1955 34.3773
1.874 839.2102 34.3770
1.884 839.2233 34.3776
1.894 839.2128 34.3775
1.904 839.2301 34.3776
1.914 839.2333 34.3792
1.924 839.2084 34.3795
1.934 839.2384 34.3792
1.944 839.2373 34.3803
1.954 839.2617 34.3797
1.964 839.2451 34.3783
1.974 839.2301 34.3776
1.984 839.2341 34.3787
1.994 839.2333 34.3792
2.004 839.2432 34.3799
2.014 839.2530 34.3813
2.024 839.2551 34.3799
2.034 839.2208 34.3797
2.044 839.2365 34.3807
2.054 839.2259 34.3797
2.064 839.2375 34.3787
2.074 839.2554 34.3792
2.084 839.2458 34.3803
2.094 839.2598 34.3813
2.104 839.2317 34.3809
2.114 839.2736 34.3806
2.124 839.2342 34.3804
2.134 839.2143 34.3799
2.144 839.2134 34.3786
2.154 839.2451 34.3775
2.164 839.2540 34.3793
2.174 839.2330 34.3790
2.184 839.2341 34.3779
2.194 839.2242 34.3789
2.204 839.2163 34.3800
2.214 839.2303 34.3819
2.224 839.2187 34.3820
2.234 839.2527 34.3812
2.244 839.2384 34.3800
2.254 839.2534 34.3790
2.264 839.2466 34.3790
2.274 839.2333 34.3792
2.284 839.2330 34.3790
2.294 839.2308 34.3796
2.304 839.2218 34.3810
2.314 839.2422 34.3810
2.324 839.2492 34.3803
2.334 839.2374 34.3812
2.344 839.2209 34.3814
2.354 839.2524 34.3819
2.364 839.2590 34.3826
2.374 839.2428 34.3822
2.384 839.2442 34.3820
2.394 839.2108 34.3823
2.404 839.2136 34.3812
2.414 839.1883 34.3804
2.424 839.2378 34.3797
2.434 839.2418 34.3800
2.444 839.2452 34.3800
2.454 839.2270 34.3786
2.464 839.2492 34.3795
2.474 839.2210 34.3782
2.484 839.2301 34.3785
2.494 839.2129 34.3792
2.504 839.2393 34.3796
2.514 839.2334 34.3809
2.524 839.2586 34.3816
2.534 839.2534 34.3790
2.544 839.2109 34.3790
2.554 839.2368 34.3817
2.564 839.2187 34.3812
2.574 839.2382 34.3807
2.584 839.2177 34.3790
2.594 839.2196 34.3783
2.604 839.2081 34.3793
2.614 839.2331 34.3807
2.624 839.2430 34.3806
2.634 839.2248 34.3792
2.644 839.2351 34.3809
2.654 839.2284 34.3826
2.664 839.2123 34.3797
2.674 839.2233 34.3785
2.684 839.2050 34.3803
2.694 839.2414 34.3814
2.704 839.1901 34.3822
2.714 839.2078 34.3800
2.724 839.2055 34.3789
2.734 839.2274 34.3804
2.744 839.2478 34.3804
2.754 839.2115 34.3793
2.764 839.2228 34.3799
2.774 839.2250 34.3826
2.784 839.2003 34.3822
2.794 839.2175 34.3814
2.804 839.2201 34.3810
2.814 839.2018 34.3796
2.824 839.2344 34.3789
2.834 839.2327 34.3797
2.844 839.2115 34.3802
2.854 839.2212 34.3807
2.864 839.2268 34.3793
2.874 839.1978 34.3776
2.884 839.1950 34.3787
2.894 839.2645 34.3803
2.904 839.2161 34.3816
2.914 839.2087 34.3813
2.924 839.2221 34.3812
2.934 839.2285 34.3793
2.944 839.2333 34.3792
2.954 839.2325 34.3804
2.964 839.2362 34.3806
2.974 839.2080 34.3826
2.984 839.2497 34.3830
2.994 839.2105 34.3822
3.004 839.2341 34.3829
3.014 839.2420 34.3826
3.024 839.2453 34.3809
3.034 839.2320 34.3810
3.044 839.2399 34.3816
3.054 839.2246 34.3816
3.064 839.2006 34.3823
3.074 839.2382 34.3816
3.084 839.2136 34.3812
3.094 839.2538 34.3809
3.104 839.2336 34.3802
3.114 839.2072 34.3789
3.124 839.2461 34.3796
3.134 839.2342 34.3796
3.144 839.2106 34.3789
3.154 839.2588 34.3792
3.164 839.2237 34.3803
3.174 839.2290 34.3787
3.184 839.2367 34.3792
3.194 839.2363 34.3823
3.204 839.2478 34.3804
3.214 839.2325 34.3796
3.224 839.2016 34.3803
3.234 839.2293 34.3797
3.244 839.2186 34.3803
3.254 839.2140 34.3797
3.264 839.2532 34.3806
3.274 839.2548 34.3830
3.284 839.1977 34.3809
3.294 839.2197 34.3792
3.304 839.1991 34.3816
3.314 839.2451 34.3833
3.324 839.2218 34.3819
3.334 839.2362 34.3814
3.344 839.2618 34.3814
3.354 839.2377 34.3813
3.364 839.2207 34.3822
3.374 839.2096 34.3817
3.384 839.2303 34.3819
3.394 839.2445 34.3822
3.404 839.2141 34.3814
3.414 839.2102 34.3812
3.424 839.2459 34.3812
3.434 839.2294 34.3814
3.444 839.2502 34.3824
3.454 839.2176 34.3823
3.464 839.2340 34.3820
3.474 839.2344 34.3839
3.484 839.2102 34.3820
3.494 839.2069 34.3796
3.504 839.2056 34.3806
3.514 839.2303 34.3810
3.524 839.2151 34.3827
3.534 839.2154 34.3829
3.544 839.2408 34.3820
3.554 839.2230 34.3824
3.564 839.2300 34.3817
3.574 839.2572 34.3817
3.584 839.2216 34.3826
3.594 839.2208 34.3839
3.604 839.2426 34.3837
3.614 839.2190 34.3822
3.624 839.2406 34.3827
3.634 839.2772 34.3840
3.644 839.2379 34.3806
3.654 839.2404 34.3802
3.664 839.2267 34.3826
3.674 839.2306 34.3820
3.684 839.2301 34.3834
3.694 839.2151 34.3836
3.704 839.2825 34.3824
3.714 839.2208 34.3830
3.724 839.2250 34.3834
3.734 839.1896 34.3827
3.744 839.2292 34.3813
3.754 839.2397 34.3823
3.764 839.2083 34.3836
3.774 839.2633 34.3830
3.784 839.2403 34.3834
3.794 839.2237 34.3844
3.804 839.2446 34.3830
3.814 839.2380 34.3823
3.824 839.2349 34.3824
3.834 839.2564 34.3822
3.844 839.2058 34.3840
3.854 839.2705 34.3848
3.864 839.1962 34.3843
3.874 839.2458 34.3844
3.884 839.2196 34.3833
3.894 839.2138 34.3804
3.904 839.2572 34.3809
3.914 839.2533 34.3823
3.924 839.2558 34.3819
3.934 839.2414 34.3814
3.944 839.2102 34.3820
3.954 839.2199 34.3826
3.964 839.1924 34.3824
3.974 839.2008 34.3807
3.984 839.2328 34.3806
3.994 839.2405 34.3819
4.004 839.2192 34.3814
4.014 839.2459 34.3820
4.024 839.2392 34.3829
4.034 839.1837 34.3840
4.044 839.2299 34.3841
4.054 839.2322 34.3844
4.064 839.2420 34.3834
4.074 839.2430 34.3806
4.084 839.2186 34.3803
4.094 839.2068 34.3820
4.104 839.2267 34.3826
4.114 839.2526 34.3803
4.124 839.1733 34.3806
4.134 839.2450 34.3848
4.144 839.2124 34.3847
4.154 839.2298 34.3824
4.164 839.1995 34.3826
4.174 839.2463 34.3830
4.184 839.2171 34.3829
4.194 839.2187 34.3812
4.204 839.2249 34.3809
4.214 839.2349 34.3824
4.224 839.2088 34.3830
4.234 839.2169 34.3844
4.244 839.2332 34.3824
4.254 839.2215 34.3809
4.264 839.2140 34.3830
4.274 839.2151 34.3836
4.284 839.2296 34.3840
4.294 839.2226 34.3847
4.304 839.2333 34.3841
4.314 839.2321 34.3836
4.324 839.2151 34.3836
4.334 839.2426 34.3829
4.344 839.2258 34.3822
4.354 839.2463 34.3830
4.364 839.2226 34.3847
4.374 839.2395 34.3830
4.384 839.2326 34.3822
4.394 839.2432 34.3840
4.404 839.2206 34.3846
4.414 839.2245 34.3848
4.424 839.2433 34.3848
4.434 839.2511 34.3837
4.444 839.2276 34.3830
4.454 839.2488 34.3834
4.464 839.2069 34.3829
4.474 839.2340 34.3812
4.484 839.2386 34.3826
4.494 839.2407 34.3844
4.504 839.2131 34.3834
4.514 839.2471 34.3826
4.524 839.2221 34.3820
4.534 839.2406 34.3836
4.544 839.2783 34.3837
4.554 839.1104 34.3814
4.564 839.2212 34.3816
4.574 839.2390 34.3803
4.584 839.1510 34.3780
4.594 839.0552 34.3778
4.604 838.9402 34.3797
4.614 838.8860 34.3823
4.624 838.7867 34.3812
4.634 838.6344 34.3790
4.644 838.5783 34.3790
4.654 838.4958 34.3786
4.664 838.3251 34.3783
4.674 838.0811 34.3796
4.684 837.7495 34.3796
4.694 837.6126 34.3792
4.704 837.4020 34.3793
4.714 837.2850 34.3803
4.724 837.1036 34.3806
4.734 836.8276 34.3812
4.744 836.9340 34.3833
4.754 836.9216 34.3839
4.764 837.0346 34.3834
4.774 837.0698 34.3831
4.784 837.0889 34.3850
4.794 837.1969 34.3863
4.804 837.1512 34.3856
4.814 837.1280 34.3858
4.824 837.1385 34.3860
4.834 837.0880 34.3854
4.844 837.0419 34.3861
4.854 836.9948 34.3864
4.864 837.0316 34.3853
4.874 837.0650 34.3841
4.884 836.9454 34.3839
4.894 836.8831 34.3850
4.904 836.8901 34.3843
4.914 837.0074 34.3834
4.924 837.0661 34.3830
4.934 837.0368 34.3820
4.944 836.9649 34.3826
4.954 837.0775 34.3844
4.964 837.1438 34.3844
4.974 837.0800 34.3831
4.984 837.1029 34.3827
4.994 837.0369 34.3829
5.004 837.1117 34.3837
5.014 837.1248 34.3834
5.024 837.2053 34.3837
5.034 837.1857 34.3833
5.044 837.1269 34.3812
5.054 837.1184 34.3812
5.064 837.1659 34.3836
5.074 837.1739 34.3858
5.084 837.1141 34.3848
5.094 837.1127 34.3858
5.104 837.1893 34.3867
5.114 837.2203 34.3844
5.124 837.2213 34.3857
5.134 837.1003 34.3873
5.144 837.1456 34.3861
5.154 837.0826 34.3853
5.164 837.1070 34.3856
5.174 837.1170 34.3871
5.184 837.1306 34.3871
5.194 837.1491 34.3870
5.204 837.1913 34.3868
5.214 837.1675 34.3868
5.224 837.1063 34.3868
5.234 837.1986 34.3854
5.244 837.1209 34.3857
5.254 837.1494 34.3871
5.264 837.0890 34.3875
5.274 837.0680 34.3864
5.284 837.2179 34.3857
5.294 837.1947 34.3868
5.304 837.2401 34.3874
5.314 837.1680 34.3863
5.324 837.1711 34.3861
5.334 837.2016 34.3844
5.344 837.2184 34.3851
5.354 837.2423 34.3860
5.364 837.2585 34.3873
5.374 837.2575 34.3901
5.384 837.1996 34.3892
5.394 837.2182 34.3875
5.404 837.1967 34.3870
5.414 837.2282 34.3874
5.424 837.2557 34.3875
5.434 837.2055 34.3880
5.444 837.2209 34.3888
5.454 837.2175 34.3888
5.464 837.2746 34.3868
5.474 837.1878 34.3851
5.484 837.2114 34.3858
5.494 837.1892 34.3858
5.504 837.2058 34.3873
5.514 837.1997 34.3901
5.524 837.2541 34.3892
5.534 837.2108 34.3864
5.544 837.2369 34.3858
5.554 837.1471 34.3877
5.564 837.2066 34.3868
5.574 837.1536 34.3867
5.584 837.1445 34.3864
5.594 837.1865 34.3878
5.604 837.1830 34.3902
5.614 837.1840 34.3882
5.624 837.1275 34.3864
5.634 837.1249 34.3860
5.644 837.0841 34.3868
5.654 837.1257 34.3856
5.664 837.1294 34.3848
5.674 837.1612 34.3854
5.684 837.1695 34.3870
5.694 837.1892 34.3899
5.704 837.2459 34.3902
5.714 837.1735 34.3881
5.724 837.1760 34.3877
5.734 837.1916 34.3878
5.744 837.1655 34.3867
5.754 837.1652 34.3874
5.764 837.1531 34.3890
5.774 837.2002 34.3895
5.784 837.1582 34.3881
5.794 837.1395 34.3890
5.804 837.1027 34.3884
5.814 837.1261 34.3874
5.824 837.1364 34.3882
5.834 837.1129 34.3884
5.844 837.0809 34.3894
5.854 837.1290 34.3888
5.864 837.1591 34.3894
5.874 837.1417 34.3875
5.884 837.1610 34.3878
5.894 837.1665 34.3905
5.904 837.1596 34.3880
5.914 837.1717 34.3873
5.924 837.2469 34.3882
5.934 837.1924 34.3865
5.944 837.2055 34.3871
5.954 837.1531 34.3890
5.964 837.2039 34.3897
5.974 837.2037 34.3912
5.984 837.1838 34.3907
5.994 837.2013 34.3884
6.004 837.2191 34.3880
6.014 837.2498 34.3888
6.024 837.2750 34.3887
6.034 837.2253 34.3877
6.044 837.2577 34.3877
6.054 837.1908 34.3891
6.064 837.2311 34.3897
6.074 837.2244 34.3905
6.084 837.2034 34.3911
6.094 837.2340 34.3911
6.104 837.2570 34.3907
6.114 837.2601 34.3905
6.124 837.2085 34.3911
6.134 837.2600 34.3897
6.144 837.2356 34.3894
6.154 837.1965 34.3894
6.164 837.1741 34.3884
6.174 837.1610 34.3878
6.184 837.2024 34.3873
6.194 837.2347 34.3881
6.204 837.2113 34.3899
6.214 837.2011 34.3899
6.224 837.2725 34.3899
6.234 837.2815 34.3885
6.244 837.2710 34.3875
6.254 837.2300 34.3899
6.264 837.2719 34.3897
6.274 837.2419 34.3891
6.284 837.2928 34.3882
6.294 837.2718 34.3871
6.304 837.2767 34.3878
6.314 837.2768 34.3912
6.324 837.2956 34.3929
6.334 837.2644 34.3926
6.344 837.2806 34.3922
6.354 837.2929 34.3899
6.364 837.2265 34.3882
6.374 837.2756 34.3898
6.384 837.3318 34.3907
6.394 837.2870 34.3895
6.404 837.3113 34.3890
6.414 837.2647 34.3870
6.424 837.2497 34.3880
6.434 837.2963 34.3891
6.444 837.3013 34.3882
6.454 837.3088 34.3902
6.464 837.3168 34.3916
6.474 837.2879 34.3908
6.484 837.2377 34.3904
6.494 837.2207 34.3912
6.504 837.1847 34.3911
6.514 837.1548 34.3890
6.524 837.2007 34.3881
6.534 837.2285 34.3884
6.544 837.1912 34.3901
6.554 837.1971 34.3897
6.564 837.1743 34.3868
6.574 837.2061 34.3882
6.584 837.2201 34.3909
6.594 837.2796 34.3892
6.604 837.2792 34.3882
6.614 837.2785 34.3904
6.624 837.2296 34.3922
6.634 837.1808 34.3916
6.644 837.1864 34.3911
6.654 837.2389 34.3918
6.664 837.2372 34.3918
6.674 837.2564 34.3912
6.684 837.2400 34.3907
6.694 837.2323 34.3911
6.704 837.2962 34.3924
6.714 837.2893 34.3907
6.724 837.2699 34.3887
6.734 837.2753 34.3897
6.744 837.3054 34.3902
6.754 837.2807 34.3898
6.764 837.2790 34.3898
6.774 837.2632 34.3912
6.784 837.2676 34.3925
6.794 837.2743 34.3916
6.804 837.3344 34.3911
6.814 837.3516 34.3904
6.824 837.3584 34.3904
6.834 837.3580 34.3926
6.844 837.3463 34.3919
6.854 837.3618 34.3904
6.864 837.3988 34.3918
6.874 837.3977 34.3938
6.884 837.4404 34.3922
6.894 837.4401 34.3912
6.904 837.4555 34.3929
6.914 837.4255 34.3941
6.924 837.4304 34.3948
6.934 837.4119 34.3932
6.944 837.4093 34.3928
6.954 837.3881 34.3941
6.964 837.4328 34.3926
6.974 837.4010 34.3921
6.984 837.3988 34.3926
6.994 837.4419 34.3921
7.004 837.4501 34.3919
7.014 837.4149 34.3914
7.024 837.4308 34.3916
7.034 837.4088 34.3934
7.044 837.4065 34.3939
7.054 837.4397 34.3935
7.064 837.3928 34.3922
7.074 837.4572 34.3921
7.084 837.4007 34.3919
7.094 837.4993 34.3911
7.104 837.4985 34.3915
7.114 837.4674 34.3921
7.124 837.5065 34.3929
7.134 837.4824 34.3919
7.144 837.4693 34.3914
7.154 837.5010 34.3911
7.164 837.4554 34.3904
7.174 837.5302 34.3904
7.184 837.4925 34.3911
7.194 837.4762 34.3922
7.204 837.4871 34.3909
7.214 837.4954 34.3908
7.224 837.5081 34.3912
7.234 837.5389 34.3897
7.244 837.6010 34.3901
7.254 837.5723 34.3926
7.264 837.5652 34.3925
7.274 837.6306 34.3912
7.284 837.6718 34.3939
7.294 837.6816 34.3962
7.304 837.6809 34.3942
7.314 837.6480 34.3931
7.324 837.6386 34.3935
7.334 837.6027 34.3951
7.344 837.6203 34.3953
7.354 837.6423 34.3936
7.364 837.6235 34.3911
7.374 837.6442 34.3921
7.384 837.6696 34.3953
7.394 837.7067 34.3935
7.404 837.7182 34.3916
7.414 837.6641 34.3926
7.424 837.7266 34.3949
7.434 837.6926 34.3949
7.444 837.7611 34.3935
7.454 837.7016 34.3943
7.464 837.8012 34.3956
7.474 837.7867 34.3952
7.484 837.7404 34.3934
7.494 837.7597 34.3936
7.504 837.7867 34.3952
7.514 837.8261 34.3945
7.524 837.8725 34.3939
7.534 837.8326 34.3943
7.544 837.8677 34.3941
7.554 837.8804 34.3928
7.564 837.9127 34.3936
7.574 837.9213 34.3953
7.584 837.8726 34.3956
7.594 837.9168 34.3956
7.604 837.9332 34.3953
7.614 837.9395 34.3959
7.624 837.9696 34.3965
7.634 837.9745 34.3939
7.644 837.9206 34.3925
7.654 837.9048 34.3939
7.664 837.9805 34.3935
7.674 837.9964 34.3946
7.684 837.9919 34.3958
7.694 838.0033 34.3955
7.704 837.9696 34.3965
7.714 838.0126 34.3951
7.724 837.9627 34.3948
7.734 838.0013 34.3962
7.744 838.0585 34.3942
7.754 838.0612 34.3922
7.764 837.9913 34.3938
7.774 838.0260 34.3958
7.784 838.0685 34.3958
7.794 838.0849 34.3963
7.804 838.0461 34.3965
7.814 838.1248 34.3951
7.824 838.0983 34.3962
7.834 838.0628 34.3963
7.844 838.0921 34.3932
7.854 838.1420 34.3926
7.864 838.1488 34.3935
7.874 838.1693 34.3952
7.884 838.1399 34.3966
7.894 838.1898 34.3960
7.904 838.2510 34.3952
7.914 838.2547 34.3962
7.924 838.2409 34.3969
7.934 838.2080 34.3966
7.944 838.2314 34.3956
7.954 838.2430 34.3946
7.964 838.2538 34.3958
7.974 838.3250 34.3965
7.984 838.2853 34.3962
7.994 838.2130 34.3949
8.004 838.2892 34.3948
8.014 838.3378 34.3960
8.024 838.3808 34.3946
8.034 838.2860 34.3932
8.044 838.3116 34.3941
8.054 838.3286 34.3949
8.064 838.3093 34.3946
8.074 838.3457 34.3958
8.084 838.3448 34.3962
8.094 838.4793 34.3929
8.104 838.4495 34.3916
8.114 838.4932 34.4030
8.124 844.6206 34.3963
8.134 838.0745 34.3830
8.144 839.4435 34.3871
8.154 839.2819 34.3871
8.164 839.3511 34.3868
8.174 839.3412 34.3878
8.184 839.3064 34.3891
8.194 839.2851 34.3887
8.204 839.2690 34.3882
8.214 839.2378 34.3880
8.224 839.2159 34.3873
8.234 839.2527 34.3870
8.244 839.2694 34.3860
8.254 839.2238 34.3861
8.264 839.2371 34.3868
8.274 839.2152 34.3853
8.284 839.1946 34.3860
8.294 839.1968 34.3895
8.304 839.2042 34.3898
8.314 839.2143 34.3890
8.324 839.1985 34.3904
8.334 839.1628 34.3904
8.344 839.1670 34.3891
8.354 839.1539 34.3877
8.364 839.1680 34.3880
8.374 839.1822 34.3882
8.384 839.1930 34.3877
8.394 839.1962 34.3892
8.404 839.1559 34.3878
8.414 839.1180 34.3860
8.424 839.1776 34.3868
8.434 839.1618 34.3874
8.444 839.1825 34.3884
8.454 839.1727 34.3894
8.464 839.1313 34.3899
8.474 839.1534 34.3899
8.484 839.1529 34.3905
8.494 839.1418 34.3901
8.504 839.1602 34.3891
8.514 839.1457 34.3887
8.524 839.1456 34.3878
8.534 839.1564 34.3881
8.544 839.1300 34.3877
8.554 839.1299 34.3892
8.564 839.1682 34.3905
8.574 839.1180 34.3892
8.584 839.1362 34.3907
8.594 839.1549 34.3907
8.604 839.1554 34.3892
8.614 839.1432 34.3899
8.624 839.1263 34.3908
8.634 839.1214 34.3892
8.644 839.1420 34.3885
8.654 839.1511 34.3897
8.664 839.1565 34.3890
8.674 839.1279 34.3899
8.684 839.1303 34.3911
8.694 839.1597 34.3914
8.704 839.1186 34.3904
8.714 839.1299 34.3892
8.724 839.1324 34.3888
8.734 839.1284 34.3885
8.744 839.1347 34.3899
8.754 839.1506 34.3902
8.764 839.1359 34.3905
8.774 839.1324 34.3888
8.784 839.1562 34.3897
8.794 839.1686 34.3924
8.804 839.1471 34.3926
8.814 839.1581 34.3922
8.824 839.1725 34.3909
8.834 839.1762 34.3911
8.844 839.1924 34.3924
8.854 839.1810 34.3918
8.864 839.1730 34.3904
8.874 839.1656 34.3901
8.884 839.2007 34.3890
8.894 839.1565 34.3898
8.904 839.1734 34.3922
8.914 839.1593 34.3928
8.924 839.1858 34.3916
8.934 839.2077 34.3915
8.944 839.2135 34.3902
8.954 839.1707 34.3892
8.964 839.1996 34.3901
8.974 839.1886 34.3897
8.984 839.1952 34.3912
8.994 839.1964 34.3926
9.004 839.1929 34.3918
9.014 839.1770 34.3907
9.024 839.2027 34.3899
9.034 839.2169 34.3902
9.044 839.2202 34.3926
9.054 839.1973 34.3931
9.064 839.1980 34.3909
9.074 839.2043 34.3915
9.084 839.2245 34.3931
9.094 839.2227 34.3922
9.104 839.2133 34.3918
9.114 839.2458 34.3935
9.124 839.2284 34.3925
9.134 839.2306 34.3919
9.144 839.9724 34.3912
9.154 838.6241 34.3931
9.164 839.3064 34.3941
9.174 839.2853 34.3912
9.184 839.4557 34.3922
9.194 839.2214 34.3932
9.204 839.2553 34.3915
9.214 839.2193 34.3914
9.224 839.2542 34.3926
9.234 839.2363 34.3914
9.244 839.2615 34.3921
9.254 839.2457 34.3926
9.264 839.2859 34.3924
9.274 839.2317 34.3908
9.284 839.2282 34.3891
9.294 839.2536 34.3915
9.304 839.2428 34.3921
9.314 839.2720 34.3914
9.324 839.2504 34.3908
9.334 839.2319 34.3901
9.344 839.2357 34.3919
9.354 839.2482 34.3922
9.364 839.2665 34.3936
9.374 839.2931 34.3942
9.384 839.2533 34.3914
9.394 839.2734 34.3912
9.404 839.2288 34.3902
9.414 839.2350 34.3891
9.424 839.2493 34.3911
9.434 839.2596 34.3919
9.444 839.2638 34.3924
9.454 839.2667 34.3929
9.464 839.2360 34.3912
9.474 839.2509 34.3902
9.484 839.2294 34.3897
9.494 839.2424 34.3894
9.504 839.2410 34.3904
9.514 839.2502 34.3924
9.524 839.2287 34.3926
9.534 839.2292 34.3921
9.544 839.2335 34.3925
9.554 839.2806 34.3931
9.564 839.2494 34.3936
9.574 839.2576 34.3918
9.584 839.2385 34.3908
9.594 839.2740 34.3915
9.604 839.2389 34.3918
9.614 839.2828 34.3925
9.624 839.3418 34.3931
9.634 839.2349 34.3915
9.644 839.1844 34.3909
9.654 839.2596 34.3919
9.664 839.2805 34.3922
9.674 839.3165 34.3924
9.684 839.3132 34.3941
9.694 839.2839 34.3955
9.704 839.2809 34.3932
9.714 839.2435 34.3941
9.724 839.2892 34.3948
9.734 839.2391 34.3911
9.744 839.2984 34.3918
9.754 839.2778 34.3942
9.764 839.2689 34.3924
9.774 839.2529 34.3904
9.784 839.2610 34.3918
9.794 839.2724 34.3932
9.804 839.2584 34.3922
9.814 839.2818 34.3936
9.824 839.2932 34.3951
9.834 839.2833 34.3952
9.844 839.2799 34.3952
9.854 839.2520 34.3932
9.864 839.2788 34.3922
9.874 839.2539 34.3925
9.884 839.2840 34.3931
9.894 839.2571 34.3941
9.904 839.2792 34.3941
9.914 839.2712 34.3918
9.924 839.2752 34.3929
9.934 839.2713 34.3935
9.944 839.2944 34.3924
9.954 839.3225 34.3928
9.964 839.2755 34.3931
9.974 839.2452 34.3932
9.984 839.2865 34.3926
9.994 839.2633 34.3938
10.004 839.3031 34.3949
10.014 839.2668 34.3955
10.024 839.2768 34.3953
10.034 839.3091 34.3953
10.044 839.2796 34.3951
10.054 839.2904 34.3953
10.064 839.3110 34.3946
10.074 839.2531 34.3929
10.084 839.2988 34.3936
10.094 839.2878 34.3949
10.104 839.2941 34.3955
10.114 839.2880 34.3942
10.124 839.2730 34.3943
10.134 839.2600 34.3955
10.144 839.2822 34.3955
10.154 839.3022 34.3945
10.164 839.2943 34.3948
10.174 839.2581 34.3953
10.184 839.2979 34.3941
10.194 839.2908 34.3939
10.204 839.3023 34.3962
10.214 839.2848 34.3968
10.224 839.2924 34.3955
10.234 839.2623 34.3958
10.244 839.2844 34.3958
10.254 839.2547 34.3962
10.264 839.2924 34.3963
10.274 839.2737 34.3955
10.284 839.2824 34.3948
10.294 839.2683 34.3953
10.304 839.3159 34.3962
10.314 839.2646 34.3952
10.324 839.2701 34.3938
10.334 839.2595 34.3952
10.344 839.2879 34.3966
10.354 839.2722 34.3956
10.364 839.2769 34.3970
10.374 839.2491 34.3976
10.384 839.3012 34.3965
10.394 839.3047 34.3973
10.404 839.2386 34.3975
10.414 839.2717 34.3962
10.424 839.3006 34.3962
10.434 839.2887 34.3962
10.444 839.2788 34.3955
10.454 839.2703 34.3963
10.464 839.2729 34.3976
10.474 839.2878 34.3958
10.484 839.2645 34.3943
10.494 839.2972 34.3962
10.504 839.2638 34.3965
10.514 839.3048 34.3958
10.524 839.2881 34.3959
10.534 839.2867 34.3952
10.544 839.2615 34.3953
10.554 839.3122 34.3952
10.564 839.2867 34.3952
10.574 839.2636 34.3980
10.584 839.2979 34.3982
10.594 839.2717 34.3962
10.604 839.2628 34.3943
10.614 839.2602 34.3939
10.624 839.2782 34.3960
10.634 839.2615 34.3962
10.644 839.2544 34.3952
10.654 839.2768 34.3962
10.664 839.2632 34.3962
10.674 839.2620 34.3956
10.684 839.2501 34.3956
10.694 839.2773 34.3956
10.704 839.2850 34.3960
10.714 839.2875 34.3948
10.724 839.2680 34.3952
10.734 839.2595 34.3960
10.744 839.2935 34.3960
10.754 839.3078 34.3972
10.764 839.2754 34.3963
10.774 839.2885 34.3969
10.784 839.2841 34.3989
10.794 839.3214 34.3972
10.804 839.2780 34.3968
10.814 839.2973 34.3979
10.824 839.2681 34.3969
10.834 839.2847 34.3959
10.844 839.2873 34.3963
10.854 839.3001 34.3976
10.864 839.2831 34.3968
10.874 839.2892 34.3989
10.884 839.2801 34.3986
10.894 839.2833 34.3952
10.904 839.2687 34.3972
10.914 839.2906 34.3987
10.924 839.2903 34.3994
10.934 839.2902 34.3977
10.944 839.2748 34.3960
10.954 839.2525 34.3976
10.964 839.2876 34.3965
10.974 839.2904 34.3962
10.984 839.3024 34.3970
10.994 839.2675 34.3975
11.004 839.2982 34.3983
11.014 839.2665 34.3986
11.024 839.2543 34.3985
11.034 839.2979 34.3973
11.044 839.3121 34.3985
11.054 839.2835 34.3986
11.064 839.2902 34.3969
11.074 839.2984 34.3976
11.084 839.2341 34.3969
11.094 839.2748 34.3960
11.104 839.2701 34.3970
11.114 839.2565 34.3970
11.124 839.2516 34.3972
11.134 839.2702 34.3987
11.144 839.2880 34.3992
11.154 839.2542 34.3968
11.164 839.2850 34.3960
11.174 839.2713 34.3985
11.184 839.2637 34.3997
11.194 839.2940 34.3996
11.204 839.2534 34.3980
11.214 839.2494 34.3977
11.224 839.3084 34.3983
11.234 839.2673 34.3990
11.244 839.2638 34.4006
11.254 839.2827 34.3999
11.264 839.2605 34.3982
11.274 839.2880 34.3992
11.284 839.2855 34.3996
11.294 839.2998 34.3975
11.304 839.2610 34.3976
11.314 839.2863 34.3983
11.324 839.2506 34.3992
11.334 839.2637 34.3997
11.344 839.2909 34.3997
11.354 839.2898 34.4000
11.364 839.2689 34.4006
11.374 839.2708 34.4007
11.384 839.2822 34.4004
11.394 839.3091 34.4003
11.404 839.2603 34.3997
11.414 839.2671 34.3997
11.424 839.2878 34.3999
11.434 839.2788 34.4004
11.444 839.2977 34.3997
11.454 839.2331 34.3997
11.464 839.3010 34.4021
11.474 839.2851 34.4019
11.484 839.2825 34.4006
11.494 839.2731 34.4002
11.504 839.2659 34.3992
11.514 839.2758 34.3990
11.524 839.2682 34.3994
11.534 839.2764 34.3993
11.544 839.2541 34.4000
11.554 839.2758 34.4023
11.564 839.2979 34.4023
11.574 839.2970 34.4019
11.584 839.2850 34.4002
11.594 839.2824 34.3989
11.604 839.2912 34.3999
11.614 839.3043 34.4004
11.624 839.2825 34.4006
11.634 839.2564 34.4003
11.644 839.3049 34.4007
11.654 839.2411 34.4003
11.664 839.2733 34.3994
11.674 839.2810 34.3999
11.684 839.2615 34.4003
11.694 839.2725 34.3999
11.704 839.2759 34.3999
11.714 839.2771 34.4004
11.724 839.2944 34.4006
11.734 839.2862 34.4007
11.744 839.2895 34.3999
11.754 839.2731 34.4002
11.764 839.2556 34.4016
11.774 839.2847 34.4009
11.784 839.2638 34.4006
11.794 839.2601 34.4013
11.804 839.2862 34.4016
11.814 839.2575 34.4009
11.824 839.3122 34.4002
11.834 839.2689 34.4014
11.844 839.2908 34.4021
11.854 839.2791 34.4014
11.864 839.2808 34.4006
11.874 839.3100 34.4007
11.884 839.2726 34.4016
11.894 839.2775 34.4023
11.904 839.2787 34.4037
11.914 839.2812 34.4033
11.924 839.2485 34.4014
11.934 839.2558 34.4009
11.944 839.2545 34.4027
11.954 839.2954 34.4036
11.964 839.2882 34.4026
11.974 839.2856 34.4013
11.984 839.2757 34.4014
11.994 839.2760 34.4016
12.004 839.2697 34.4002
12.014 839.2658 34.4016
12.024 839.2690 34.4023
12.034 839.2607 34.4016
12.044 839.2794 34.4016
12.054 839.2809 34.4023
12.064 839.2338 34.4017
12.074 839.3259 34.4010
12.084 839.2733 34.4036
12.094 839.2727 34.4041
12.104 839.2717 34.4053
12.114 839.2719 34.4037
12.124 839.2918 34.4002
12.134 839.2826 34.4023
12.144 839.2772 34.4030
12.154 839.2678 34.4017
12.164 839.2630 34.4019
12.174 839.3073 34.4036
12.184 839.3047 34.4031
12.194 839.2632 34.4011
12.204 839.2446 34.4020
12.214 839.2803 34.4020
12.224 839.2806 34.4030
12.234 839.2921 34.4053
12.244 839.2917 34.4043
12.254 839.2710 34.4041
12.264 839.3110 34.4037
12.274 839.2514 34.4028
12.284 839.3071 34.4051
12.294 839.2819 34.4053
12.304 839.2756 34.4038
12.314 839.3171 34.4058
12.324 839.2723 34.4064
12.334 839.2617 34.4037
12.344 839.2494 34.4027
12.354 839.2874 34.4030
12.364 839.2642 34.4041
12.374 839.2784 34.4044
12.384 839.2793 34.4048
12.394 839.2623 34.4040
12.404 839.2563 34.4036
12.414 839.3059 34.4045
12.424 839.2858 34.4038
12.434 839.2829 34.4033
12.444 839.3019 34.4034
12.454 839.2625 34.4033
12.464 839.2699 34.4036
12.474 839.2835 34.4044
12.484 839.2784 34.4044
12.494 839.2581 34.4053
12.504 839.2695 34.4067
12.514 839.2547 34.4053
12.524 839.2931 34.4033
12.534 839.2460 34.4027
12.544 839.2642 34.4033
12.554 839.3116 34.4048
12.564 839.3043 34.4054
12.574 839.2887 34.4061
12.584 839.2695 34.4067
12.594 839.2666 34.4053
12.604 839.2835 34.4044
12.614 839.2652 34.4054
12.624 839.2672 34.4064
12.634 839.2663 34.4051
12.644 839.2551 34.4030
12.654 839.2909 34.4038
12.664 839.2964 34.4057
12.674 839.2765 34.4051
12.684 839.2711 34.4050
12.694 839.3086 34.4067
12.704 839.2842 34.4064
12.714 839.2857 34.4071
12.724 839.2321 34.4067
12.734 839.2659 34.4082
12.744 839.2926 34.4097
12.754 839.2754 34.4063
12.764 839.2805 34.4063
12.774 839.2645 34.4084
12.784 839.2772 34.4071
12.794 839.2978 34.4064
12.804 839.2564 34.4061
12.814 839.2612 34.4060
12.824 839.2825 34.4055
12.834 839.2913 34.4065
12.844 839.3104 34.4075
12.854 839.3015 34.4065
12.864 839.2879 34.4065
12.874 839.2916 34.4067
12.884 839.2667 34.4070
12.894 839.2704 34.4071
12.904 839.2968 34.4075
12.914 839.2443 34.4068
12.924 839.2499 34.4063
12.934 839.2858 34.4047
12.944 839.2750 34.4044
12.954 839.2627 34.4067
12.964 839.2800 34.4068
12.974 839.2946 34.4048
12.984 839.2563 34.4036
12.994 839.2967 34.4058
13.004 839.2768 34.4061
13.014 839.2614 34.4044
13.024 839.2584 34.4054
13.034 839.2951 34.4075
13.044 839.2911 34.4081
13.054 839.2829 34.4074
13.064 839.2797 34.4067
13.074 839.2624 34.4057
13.084 839.2749 34.4068
13.094 839.2860 34.4081
13.104 839.3090 34.4077
13.114 839.2854 34.4070
13.124 839.2508 34.4075
13.134 839.2725 34.4089
13.144 839.2668 34.4095
13.154 839.2566 34.4087
13.164 839.3007 34.4078
13.174 839.2446 34.4078
13.184 839.2787 34.4087
13.194 839.2487 34.4089
13.204 839.2838 34.4087
13.214 839.2475 34.4084
13.224 839.2685 34.4087
13.234 839.2767 34.4085
13.244 839.2667 34.4070
13.254 839.2851 34.4068
13.264 839.2650 34.4070
13.274 839.2679 34.4084
13.284 839.3010 34.4080
13.294 839.2811 34.4057
13.304 839.2579 34.4077
13.314 839.2884 34.4092
13.324 839.2929 34.4098
13.334 839.3024 34.4078
13.344 839.3211 34.4070
13.354 839.2682 34.4094
13.364 839.2600 34.4087
13.374 839.2588 34.4081
13.384 839.2778 34.4074
13.394 839.2814 34.4067
13.404 839.2785 34.4061
13.414 839.2842 34.4055
13.424 839.2780 34.4067
13.434 839.2786 34.4078
13.444 839.2827 34.4089
13.454 839.2649 34.4102
13.464 839.2714 34.4101
13.474 839.2592 34.4091
13.484 839.3062 34.4088
13.494 839.2790 34.4088
13.504 839.2683 34.4102
13.514 839.2820 34.4111
13.524 839.3074 34.4102
13.534 839.2963 34.4089
13.544 839.2634 34.4095
13.554 839.2957 34.4095
13.564 839.2792 34.4072
13.574 839.2885 34.4068
13.584 839.2634 34.4087
13.594 839.3119 34.4091
13.604 839.3260 34.4077
13.614 839.2798 34.4084
13.624 839.2858 34.4088
13.634 839.2863 34.4082
13.644 839.3210 34.4102
13.654 839.2543 34.4125
13.664 839.2884 34.4101
13.674 839.2690 34.4072
13.684 839.3167 34.4098
13.694 839.3003 34.4101
13.704 839.2682 34.4085
13.714 839.2573 34.4115
13.724 839.2536 34.4114
13.734 839.2756 34.4097
13.744 839.2638 34.4105
13.754 839.2703 34.4112
13.764 839.2749 34.4109
13.774 839.2756 34.4088
13.784 839.2728 34.4099
13.794 839.3024 34.4111
13.804 839.2712 34.4108
13.814 839.2544 34.4109
13.824 839.2546 34.4094
13.834 839.2849 34.4084
13.844 839.2549 34.4087
13.854 839.2967 34.4116
13.864 839.2554 34.4122
13.874 839.2734 34.4102
13.884 839.2581 34.4111
13.894 839.2715 34.4109
13.904 839.2933 34.4108
13.914 839.3142 34.4102
13.924 839.2802 34.4102
13.934 839.2984 34.4116
13.944 839.2733 34.4126
13.954 839.2624 34.4115
13.964 839.2889 34.4095
13.974 839.2750 34.4094
13.984 839.2555 34.4098
13.994 839.2816 34.4101
14.004 839.3018 34.4108
14.014 839.3129 34.4112
14.024 839.2864 34.4091
14.034 839.2932 34.4099
14.044 839.2749 34.4118
14.054 839.2811 34.4115
14.064 839.3066 34.4106
14.074 839.2669 34.4104
14.084 839.2860 34.4122
14.094 839.2741 34.4122
14.104 839.2727 34.4123
14.114 839.2906 34.4128
14.124 839.2632 34.4111
14.134 839.2800 34.4109
14.144 839.2798 34.4125
14.154 839.2721 34.4121
14.164 839.2699 34.4135
14.174 839.3068 34.4140
14.184 839.2973 34.4111
14.194 839.2965 34.4123
14.204 839.2752 34.4128
14.214 839.2941 34.4104
14.224 839.2882 34.4108
14.234 839.2574 34.4123
14.244 839.2867 34.4101
14.254 839.2954 34.4085
14.264 839.2749 34.4118
14.274 839.2761 34.4132
14.284 839.2608 34.4123
14.294 839.2901 34.4142
14.304 839.2759 34.4139
14.314 839.2786 34.4119
14.324 839.2814 34.4116
14.334 839.2625 34.4123
14.344 839.3076 34.4136
14.354 839.3173 34.4142
14.364 839.2775 34.4131
14.374 839.2627 34.4108
14.384 839.2905 34.4111
14.394 839.2591 34.4132
14.404 839.2716 34.4135
14.414 839.2908 34.4121
14.424 839.2920 34.4126
14.434 839.2686 34.4112
14.444 839.2634 34.4095
14.454 839.2734 34.4111
14.464 839.2957 34.4128
14.474 839.2696 34.4133
14.484 839.2899 34.4108
14.494 839.2635 34.4104
14.504 839.3203 34.4132
14.514 839.3177 34.4160
14.524 839.2657 34.4148
14.534 839.2644 34.4116
14.544 839.2533 34.4112
14.554 839.2653 34.4129
14.564 839.2982 34.4132
14.574 839.2574 34.4123
14.584 839.2954 34.4126
14.594 839.2977 34.4129
14.604 839.2962 34.4131
14.614 839.2798 34.4133
14.624 839.2781 34.4133
14.634 839.2778 34.4132
14.644 839.2972 34.4143
14.654 839.2824 34.4138
14.664 839.2537 34.4122
14.674 839.2644 34.4116
14.684 839.2456 34.4140
14.694 839.2748 34.4142
14.704 839.2534 34.4121
14.714 839.2580 34.4126
14.724 839.2758 34.4122
14.734 839.2438 34.4123
14.744 839.2826 34.4131
14.754 839.3218 34.4098
14.764 839.2731 34.4092
14.774 839.2778 34.4123
14.784 839.2764 34.4125
14.794 839.2875 34.4138
14.804 839.2751 34.4143
14.814 839.2671 34.4138
14.824 839.2820 34.4160
14.834 839.2831 34.4166
14.844 839.2689 34.4163
14.854 839.2652 34.4153
14.864 839.2737 34.4153
14.874 839.2842 34.4155
14.884 839.3039 34.4135
14.894 839.2537 34.4131
14.904 839.2707 34.4122
14.914 839.3065 34.4139
14.924 839.2791 34.4163
14.934 839.2808 34.4155
14.944 839.2655 34.4155
14.954 839.2995 34.4146
14.964 839.2654 34.4138
14.974 839.3040 34.4152
14.984 839.2777 34.4165
14.994 839.2786 34.4160
15.004 839.2858 34.4138
15.014 839.2859 34.4155
15.024 839.3161 34.4177
15.034 839.2681 34.4159
15.044 839.2859 34.4163
15.054 839.2484 34.4146
15.064 839.2619 34.4121
15.074 839.2640 34.4148
15.084 839.2992 34.4153
15.094 839.2685 34.4145
15.104 839.2700 34.4143
15.114 839.2667 34.4128
15.124 839.2679 34.4133
15.134 839.2739 34.4146
15.144 839.2695 34.4166
15.154 839.2565 34.4169
15.164 839.2511 34.4167
15.174 839.2312 34.4162
15.184 839.2569 34.4138
15.194 839.2526 34.4133
15.204 839.2856 34.4145
15.214 839.2970 34.4159
15.224 839.2879 34.4165
15.234 839.2675 34.4165
15.244 839.2975 34.4153
15.254 839.2647 34.4159
15.264 839.2995 34.4155
15.274 839.3037 34.4142
15.284 839.2788 34.4145
15.294 839.2558 34.4149
15.304 839.2667 34.4160
15.314 839.2969 34.4142
15.324 839.2560 34.4133
15.334 839.2989 34.4152
15.344 839.2579 34.4159
15.354 839.2891 34.4162
15.364 839.2370 34.4182
15.374 839.2544 34.4192
15.384 839.2880 34.4173
15.394 839.3053 34.4174
15.404 839.3036 34.4174
15.414 839.2828 34.4165
15.424 839.2633 34.4169
15.434 839.2798 34.4183
15.444 839.2836 34.4193
15.454 839.2713 34.4183
15.464 839.2649 34.4152
15.474 839.2486 34.4172
15.484 839.2693 34.4173
15.494 839.2556 34.4156
15.504 839.2849 34.4183
15.514 839.3031 34.4180
15.524 839.2982 34.4173
15.534 839.2670 34.4170
15.544 839.2565 34.4169
15.554 839.2792 34.4172
15.564 839.2795 34.4173
15.574 839.2518 34.4187
15.584 839.2793 34.4189
15.594 839.2792 34.4172
15.604 839.2815 34.4174
15.614 839.2634 34.4177
15.624 839.2516 34.4194
15.634 839.2394 34.4193
15.644 839.2832 34.4174
15.654 839.2484 34.4187
15.664 839.2649 34.4193
15.674 839.2846 34.4182
15.684 839.2698 34.4167
15.694 839.2934 34.4174
15.704 839.2833 34.4192
15.714 839.2688 34.4187
15.724 839.2757 34.4204
15.734 839.2796 34.4199
15.744 839.2988 34.4184
15.754 839.2802 34.4201
15.764 839.2683 34.4193
15.774 839.2816 34.4200
15.784 839.2885 34.4217
15.794 839.2689 34.4196
15.804 839.2979 34.4172
15.814 839.2858 34.4187
15.824 839.2867 34.4200
15.834 839.2683 34.4201
15.844 839.2633 34.4210
15.854 839.2686 34.4203
15.864 839.2362 34.4186
15.874 839.2819 34.4193
15.884 839.2813 34.4199
15.894 839.2662 34.4183
15.904 839.2549 34.4186
15.914 839.3048 34.4189
15.924 839.3196 34.4194
15.934 839.2582 34.4210
15.944 839.2468 34.4204
15.954 839.2845 34.4206
15.964 839.2445 34.4193
15.974 839.2866 34.4183
15.984 839.2850 34.4200
15.994 839.2780 34.4207
16.004 839.2850 34.4192
16.014 839.2887 34.4193
16.024 839.2926 34.4179
16.034 839.2386 34.4165
16.044 839.2944 34.4196
16.054 839.3029 34.4196
16.064 839.2791 34.4196
16.074 839.2644 34.4207
16.084 839.2533 34.4203
16.094 839.2873 34.4203
16.104 839.2921 34.4201
16.114 839.2692 34.4214
16.124 839.2962 34.4213
16.134 839.2655 34.4204
16.144 839.2798 34.4224
16.154 839.2885 34.4217
16.164 839.2765 34.4200
16.174 839.2737 34.4203
16.184 839.2992 34.4203
16.194 839.3146 34.4211
16.204 839.2755 34.4220
16.214 839.2587 34.4204
16.224 839.2751 34.4201
16.234 839.2553 34.4204
16.244 839.2743 34.4206
16.254 839.2658 34.4214
16.264 839.3203 34.4214
16.274 839.2797 34.4207
16.284 839.2998 34.4197
16.294 839.2791 34.4204
16.304 839.2885 34.4217
16.314 839.2970 34.4209
16.324 839.2911 34.4213
16.334 839.2815 34.4224
16.344 839.2684 34.4218
16.354 839.2953 34.4217
16.364 839.2817 34.4209
16.374 839.2476 34.4200
16.384 839.2893 34.4204
16.394 839.2706 34.4204
16.404 839.2913 34.4206
16.414 839.2966 34.4199
16.424 839.2623 34.4189
16.434 839.2752 34.4210
16.444 839.2974 34.4227
16.454 839.2793 34.4238
16.464 839.2856 34.4244
16.474 839.2713 34.4224
16.484 839.2814 34.4207
16.494 839.2598 34.4201
16.504 839.2789 34.4211
16.514 839.2931 34.4223
16.524 839.2621 34.4213
16.534 839.2562 34.4217
16.544 839.2928 34.4221
16.554 839.2861 34.4230
16.564 839.3093 34.4235
16.574 839.2898 34.4240
16.584 839.2606 34.4238
16.594 839.2486 34.4221
16.604 839.2954 34.4234
16.614 839.2758 34.4221
16.624 839.2805 34.4203
16.634 839.2877 34.4213
16.644 839.2988 34.4226
16.654 839.2574 34.4223
16.664 839.2632 34.4201
16.674 839.2684 34.4218
16.684 839.2535 34.4228
16.694 839.2817 34.4209
16.704 839.2738 34.4220
16.714 839.2759 34.4238
16.724 839.2674 34.4238
16.734 839.2853 34.4243
16.744 839.3119 34.4240
16.754 839.2651 34.4235
16.764 839.2702 34.4227
16.774 839.2909 34.4237
16.784 839.2575 34.4240
16.794 839.2671 34.4228
16.804 839.2754 34.4244
16.814 839.2794 34.4247
16.824 839.2669 34.4252
16.834 839.2519 34.4245
16.844 839.2858 34.4228
16.854 839.2773 34.4237
16.864 839.2850 34.4241
16.874 839.2549 34.4235
16.884 839.2560 34.4233
16.894 839.2881 34.4240
16.904 839.2711 34.4248
16.914 839.2858 34.4237
16.924 839.2579 34.4217
16.934 839.2744 34.4223
16.944 839.2773 34.4237
16.954 839.2629 34.4241
16.964 839.2748 34.4241
16.974 839.2719 34.4227
16.984 839.2709 34.4214
16.994 839.2791 34.4204
17.004 839.2608 34.4223
17.014 839.2681 34.4258
17.024 839.2959 34.4261
17.034 839.2394 34.4243
17.044 839.2459 34.4241
17.054 839.2759 34.4238
17.064 839.2614 34.4226
17.074 839.2929 34.4230
17.084 839.2621 34.4245
17.094 839.2944 34.4245
17.104 839.2450 34.4228
17.114 839.3133 34.4238
17.124 839.2504 34.4238
17.134 839.2529 34.4234
17.144 839.2928 34.4262
17.154 839.2873 34.4252
17.164 839.2936 34.4258
17.174 839.2928 34.4271
17.184 839.2870 34.4243
17.194 839.2681 34.4258
17.204 839.2793 34.4279
17.214 839.2842 34.4254
17.224 839.2740 34.4245
17.234 839.2882 34.4257
17.244 839.2866 34.4265
17.254 839.2771 34.4252
17.264 839.2845 34.4247
17.274 839.2783 34.4258
17.284 839.2664 34.4258
17.294 839.2732 34.4258
17.304 839.2823 34.4269
17.314 839.2639 34.4262
17.324 839.2856 34.4252
17.334 839.3084 34.4264
17.344 839.2678 34.4265
17.354 839.2821 34.4277
17.364 839.3089 34.4258
17.374 839.2884 34.4241
17.384 839.2726 34.4255
17.394 839.2893 34.4254
17.404 839.2575 34.4248
17.414 839.2848 34.4248
17.424 839.2771 34.4244
17.434 839.2788 34.4252
17.444 839.2637 34.4278
17.454 839.2429 34.4260
17.464 839.2743 34.4247
17.474 839.2911 34.4271
17.484 839.2738 34.4261
17.494 839.2840 34.4261
17.504 839.2922 34.4260
17.514 839.2797 34.4257
17.524 839.2638 34.4254
17.534 839.2893 34.4245
17.544 839.2905 34.4260
17.554 839.2503 34.4262
17.564 839.2686 34.4252
17.574 839.2933 34.4257
17.584 839.2851 34.4258
17.594 839.2800 34.4258
17.604 839.2945 34.4262
17.614 839.2709 34.4255
17.624 839.3412 34.4258
17.634 839.3001 34.4248
17.644 839.3140 34.4250
17.654 839.3025 34.4277
17.664 839.2665 34.4275
17.674 839.2820 34.4260
17.684 839.2724 34.4271
17.694 839.2829 34.4272
17.704 839.2712 34.4257
17.714 839.2806 34.4269
17.724 839.2780 34.4257
17.734 839.2839 34.4244
17.744 839.2530 34.4243
17.754 839.2768 34.4251
17.764 839.2912 34.4279
17.774 839.3200 34.4271
17.784 839.2548 34.4268
17.794 839.2667 34.4268
17.804 839.2829 34.4264
17.814 839.2721 34.4261
17.824 839.2649 34.4251
17.834 839.2837 34.4260
17.844 839.2753 34.4277
17.854 839.2537 34.4271
17.864 839.2792 34.4271
17.874 839.2735 34.4268
17.884 839.2638 34.4245
17.894 839.2235 34.4240
17.904 839.2379 34.4235
17.914 839.2909 34.4228
17.924 839.2946 34.4238
17.934 839.2789 34.4261
17.944 839.2565 34.4268
17.954 839.2775 34.4262
17.964 839.2511 34.4258
17.974 839.2561 34.4250
17.984 839.2619 34.4269
17.994 839.2558 34.4281
18.004 839.2690 34.4271
18.014 839.2775 34.4271
18.024 839.2522 34.4255
18.034 839.2572 34.4238
18.044 839.2655 34.4254
18.054 839.2892 34.4286
18.064 839.2464 34.4285
18.074 839.2595 34.4291
18.084 839.2443 34.4267
18.094 839.2607 34.4247
18.104 839.2618 34.4252
18.114 839.2649 34.4251
18.124 839.3025 34.4277
18.134 839.2685 34.4285
18.144 839.2421 34.4272
18.154 839.2554 34.4262
18.164 839.2406 34.4265
18.174 839.2726 34.4255
18.184 839.2562 34.4267
18.194 839.2877 34.4271
18.204 839.2673 34.4271
18.214 839.2493 34.4291
18.224 839.2662 34.4274
18.234 839.2327 34.4260
18.244 839.2636 34.4269
18.254 839.2552 34.4286
18.264 839.2443 34.4308
18.274 839.2891 34.4311
18.284 839.2565 34.4309
18.294 839.2658 34.4305
18.304 839.2693 34.4264
18.314 839.2522 34.4255
18.324 839.2606 34.4279
18.334 839.2742 34.4288
18.344 839.2725 34.4279
18.354 839.2849 34.4265
18.364 839.2816 34.4282
18.374 839.2997 34.4288
18.384 839.2604 34.4295
18.394 839.2756 34.4286
18.404 839.2591 34.4272
18.414 839.2830 34.4289
18.424 839.2519 34.4295
18.434 839.2513 34.4301
18.444 839.3273 34.4306
18.454 839.2778 34.4313
18.464 839.2916 34.4306
18.474 839.2600 34.4285
18.484 839.2759 34.4279
18.494 839.2794 34.4305
18.504 839.2687 34.4319
18.514 839.2371 34.4298
18.524 839.2903 34.4275
18.534 839.2560 34.4274
18.544 839.2629 34.4299
18.554 839.2913 34.4296
18.564 839.2720 34.4302
18.574 839.3002 34.4323
18.584 839.2671 34.4328
18.594 839.2688 34.4328
18.604 839.2832 34.4315
18.614 839.2585 34.4319
18.624 839.2993 34.4319
18.634 839.2324 34.4316
18.644 839.2446 34.4309
18.654 839.2534 34.4311
18.664 839.2466 34.4319
18.674 839.2803 34.4309
18.684 839.2612 34.4291
18.694 839.2985 34.4315
18.704 839.2248 34.4321
18.714 839.2877 34.4312
18.724 839.2668 34.4326
18.734 839.2690 34.4312
18.744 839.2775 34.4321
18.754 839.2873 34.4302
18.764 839.2462 34.4292
18.774 839.2877 34.4312
18.784 839.2853 34.4301
18.794 839.2828 34.4305
18.804 839.2677 34.4330
18.814 839.2856 34.4335
18.824 839.2713 34.4323
18.834 839.2817 34.4308
18.844 839.2729 34.4298
18.854 839.2876 34.4303
18.864 839.2948 34.4313
18.874 839.2803 34.4318
18.884 839.2710 34.4322
18.894 839.2629 34.4332
18.904 839.2845 34.4346
18.914 839.2946 34.4329
18.924 839.3030 34.4312
18.934 839.2803 34.4309
18.944 839.2570 34.4295
18.954 839.2213 34.4303
18.964 839.2899 34.4306
18.974 839.2784 34.4316
18.984 839.2728 34.4330
18.994 839.2781 34.4315
19.004 839.2785 34.4301
19.014 839.3026 34.4302
19.024 839.2583 34.4326
19.034 839.3284 34.4336
19.044 839.2784 34.4325
19.054 839.2719 34.4335
19.064 839.2683 34.4333
19.074 839.2625 34.4313
19.084 839.2676 34.4322
19.094 839.2977 34.4328
19.104 839.2802 34.4301
19.114 839.2532 34.4285
19.124 839.2597 34.4284
19.134 839.2623 34.4279
19.144 839.2615 34.4301
19.154 839.2696 34.4323
19.164 839.2827 34.4329
19.174 839.2446 34.4309
19.184 839.2612 34.4291
19.194 839.2472 34.4313
19.204 839.2438 34.4313
19.214 839.2637 34.4286
19.224 839.2624 34.4296
19.234 839.2588 34.4321
19.244 839.2937 34.4316
19.254 839.2792 34.4312
19.264 839.2653 34.4319
19.274 839.2646 34.4332
19.284 839.2824 34.4328
19.294 839.2873 34.4335
19.304 839.2956 34.4350
19.314 839.2904 34.4342
19.324 839.2717 34.4333
19.334 839.2600 34.4326
19.344 839.2474 34.4315
19.354 839.2786 34.4309
19.364 839.2662 34.4323
19.374 839.2722 34.4336
19.384 839.2661 34.4356
19.394 839.2596 34.4357
19.404 839.2717 34.4342
19.414 839.2683 34.4333
19.424 839.2926 34.4336
19.434 839.2589 34.4338
19.444 839.2847 34.4339
19.454 839.2620 34.4336
19.464 839.2886 34.4325
19.474 839.2740 34.4345
19.484 839.2649 34.4342
19.494 839.2926 34.4336
19.504 839.2981 34.4346
19.514 839.2865 34.4347
19.524 839.2743 34.4346
19.534 839.2794 34.4346
19.544 839.2754 34.4352
19.554 839.2857 34.4352
19.564 839.2975 34.4343
19.574 839.2597 34.4333
19.584 839.2630 34.4349
19.594 839.2684 34.4359
19.604 839.2762 34.4339
19.614 839.2702 34.4326
19.624 839.2351 34.4329
19.634 839.2920 34.4325
19.644 839.2959 34.4311
19.654 839.2659 34.4313
19.664 839.2665 34.4325
19.674 839.2592 34.4330
19.684 839.2915 34.4330
19.694 839.2785 34.4342
19.704 839.2624 34.4346
19.714 839.2873 34.4343
19.724 839.2621 34.4345
19.734 839.2729 34.4356
19.744 839.2350 34.4370
19.754 839.2652 34.4352
19.764 839.2691 34.4329
19.774 839.2501 34.4336
19.784 839.2922 34.4350
19.794 839.2837 34.4350
19.804 839.3018 34.4347
19.814 839.2823 34.4352
19.824 839.2933 34.4356
19.834 839.2587 34.4353
19.844 839.2593 34.4356
19.854 839.2762 34.4339
19.864 839.2561 34.4332
19.874 839.2505 34.4346
19.884 839.2672 34.4345
19.894 839.2564 34.4342
19.904 839.2796 34.4339
19.914 839.2964 34.4346
19.924 839.2613 34.4357
19.934 839.2855 34.4367
19.944 839.2879 34.4355
19.954 839.2955 34.4342
19.964 839.2690 34.4370
19.974 839.2540 34.4363
19.984 839.2902 34.4349
19.994 839.2738 34.4360
20.004 839.2662 34.4364
20.014 839.2908 34.4360
20.024 839.2361 34.4359
20.034 839.2752 34.4350
20.044 839.2834 34.4357
20.054 839.2911 34.4362
20.064 839.2812 34.4363
20.074 839.2689 34.4353
20.084 839.2737 34.4352
20.094 839.2846 34.4363
20.104 839.2769 34.4359
20.114 839.2673 34.4362
20.124 839.2648 34.4366
20.134 839.2571 34.4370
20.144 839.2886 34.4374
20.154 839.2887 34.4383
20.164 839.2727 34.4372
20.174 839.2818 34.4366
20.184 839.2607 34.4355
20.194 839.2929 34.4338
20.204 839.2922 34.4350
20.214 839.2594 34.4364
20.224 839.2245 34.4360
20.234 839.2690 34.4362
20.244 839.2784 34.4374
20.254 839.2805 34.4384
20.264 839.2705 34.4386
20.274 839.2753 34.4367
20.284 839.2803 34.4359
20.294 839.2784 34.4374
20.304 839.2792 34.4362
20.314 839.2406 34.4347
20.324 839.2866 34.4364
20.334 839.2836 34.4383
20.344 839.2537 34.4370
20.354 839.2592 34.4380
20.364 839.2774 34.4394
20.374 839.2657 34.4387
20.384 839.2745 34.4389
20.394 839.2688 34.4377
20.404 839.2940 34.4376
20.414 839.2438 34.4372
20.424 839.2821 34.4367
20.434 839.2802 34.4383
20.444 839.2606 34.4387
20.454 839.2564 34.4383
20.464 839.2890 34.4393
20.474 839.2781 34.4373
20.484 839.2835 34.4374
20.494 839.2797 34.4397
20.504 839.2779 34.4389
20.514 839.2799 34.4381
20.524 839.2676 34.4372
20.534 839.2833 34.4381
20.544 839.2632 34.4391
20.554 839.2922 34.4400
20.564 839.2684 34.4400
20.574 839.2860 34.4370
20.584 839.2778 34.4363
20.594 839.2631 34.4366
20.604 839.2548 34.4359
20.614 839.2577 34.4364
20.624 839.2818 34.4374
20.634 839.2793 34.4387
20.644 839.2401 34.4362
20.654 839.2684 34.4359
20.664 839.2710 34.4363
20.674 839.2496 34.4350
20.684 839.2741 34.4362
20.694 839.2602 34.4360
20.704 839.2685 34.4376
20.714 839.3003 34.4390
20.724 839.2640 34.4387
20.734 839.2693 34.4372
20.744 839.2696 34.4364
20.754 839.2709 34.4355
20.764 839.2693 34.4363
20.774 839.2746 34.4406
20.784 839.2579 34.4398
20.794 839.2506 34.4372
20.804 839.2972 34.4383
20.814 839.2969 34.4390
20.824 839.2944 34.4394
20.834 839.3233 34.4386
20.844 839.2541 34.4389
20.854 839.3009 34.4393
20.864 839.2515 34.4384
20.874 839.2552 34.4386
20.884 839.2657 34.4387
20.894 839.2842 34.4394
20.904 839.2769 34.4408
20.914 839.2946 34.4420
20.924 839.2823 34.4401
20.934 839.2697 34.4381
20.944 839.2657 34.4387
20.954 839.2711 34.4389
20.964 839.2660 34.4380
20.974 839.2810 34.4387
20.984 839.2607 34.4396
20.994 839.2925 34.4410
21.004 839.2607 34.4404
21.014 839.2569 34.4386
21.024 839.2589 34.4387
21.034 839.2443 34.4407
21.044 839.2421 34.4413
21.054 839.2836 34.4383
21.064 839.2623 34.4379
21.074 839.2819 34.4383
21.084 839.2712 34.4397
21.094 839.2769 34.4408
21.104 839.2888 34.4408
21.114 839.2906 34.4417
21.124 839.2648 34.4415
21.134 839.2727 34.4421
21.144 839.2603 34.4418
21.154 839.2519 34.4403
21.164 839.2814 34.4397
21.174 839.2608 34.4413
21.184 839.2740 34.4403
21.194 839.2800 34.4398
21.204 839.2934 34.4423
21.214 839.2651 34.4417
21.224 839.2809 34.4411
21.234 839.2696 34.4414
21.244 839.2824 34.4427
21.254 839.2603 34.4427
21.264 839.2713 34.4414
21.274 839.2835 34.4415
21.284 839.3045 34.4418
21.294 839.2659 34.4421
21.304 839.2803 34.4400
21.314 839.2833 34.4390
21.324 839.2795 34.4413
21.334 839.2661 34.4406
21.344 839.2896 34.4404
21.354 839.2909 34.4427
21.364 839.2897 34.4413
21.374 839.2848 34.4397
21.384 839.2760 34.4404
21.394 839.2928 34.4403
21.404 839.2653 34.4410
21.414 839.2869 34.4415
21.424 839.2764 34.4414
21.434 839.2806 34.4410
21.444 839.2727 34.4413
21.454 839.2750 34.4415
21.464 839.2821 34.4417
21.474 839.2979 34.4411
21.484 839.2641 34.4404
21.494 839.2717 34.4432
21.504 839.2817 34.4448
21.514 839.2685 34.4425
21.524 839.2664 34.4407
21.534 839.2781 34.4423
21.544 839.2690 34.4411
21.554 839.2859 34.4394
21.564 839.2798 34.4414
21.574 839.2632 34.4432
21.584 839.2629 34.4440
21.594 839.2473 34.4438
21.604 839.2556 34.4445
21.614 839.2645 34.4423
21.624 839.2831 34.4406
21.634 839.2877 34.4411
21.644 839.2710 34.4413
21.654 839.2878 34.4428
21.664 839.2566 34.4417
21.674 839.2724 34.4420
21.684 839.2765 34.4440
21.694 839.2836 34.4432
21.704 839.2712 34.4447
21.714 839.2752 34.4458
21.724 839.2649 34.4432
21.734 839.2807 34.4418
21.744 839.2657 34.4428
21.754 839.2664 34.4448
21.764 839.2857 34.4451
21.774 839.2874 34.4451
21.784 839.2704 34.4451
21.794 839.2887 34.4432
21.804 839.2935 34.4440
21.814 839.2930 34.4445
21.824 839.2619 34.4451
21.834 839.2644 34.4455
21.844 839.2799 34.4440
21.854 839.2870 34.4432
21.864 839.2661 34.4447
21.874 839.2959 34.4459
21.884 839.2633 34.4450
21.894 839.2860 34.4452
21.904 839.2899 34.4447
21.914 839.2904 34.4441
21.924 839.2891 34.4451
21.934 839.2568 34.4459
21.944 839.2724 34.4461
21.954 839.2953 34.4448
21.964 839.2715 34.4448
21.974 839.2602 34.4451
21.984 839.2606 34.4428
21.994 839.2891 34.4410
22.004 839.2700 34.4441
22.014 839.2985 34.4464
22.024 839.2558 34.4438
22.034 839.2842 34.4444
22.044 839.2829 34.4462
22.054 839.2908 34.4459
22.064 839.2583 34.4467
22.074 839.2554 34.4461
22.084 839.2706 34.4444
22.094 839.2904 34.4441
22.104 839.2606 34.4437
22.114 839.2497 34.4450
22.124 839.2644 34.4455
22.134 839.2672 34.4435
22.144 839.2465 34.4434
22.154 839.2711 34.4430
22.164 839.2693 34.4421
22.174 839.2592 34.4438
22.184 839.2597 34.4465
22.194 839.2554 34.4452
22.204 839.2580 34.4415
22.214 839.2443 34.4407
22.224 839.2450 34.4427
22.234 839.2465 34.4434
22.244 839.2802 34.4441
22.254 839.2741 34.4452
22.264 839.2483 34.4451
22.274 839.2680 34.4440
22.284 839.2652 34.4442
22.294 839.2738 34.4451
22.304 839.2627 34.4455
22.314 839.2565 34.4450
22.324 839.2890 34.4434
22.334 839.2765 34.4440
22.344 839.2677 34.4438
22.354 839.2669 34.4442
22.364 839.2692 34.4445
22.374 839.3050 34.4462
22.384 839.2602 34.4459
22.394 839.2700 34.4441
22.404 839.2797 34.4455
22.414 839.2772 34.4459
22.424 839.2707 34.4461
22.434 839.2705 34.4468
22.444 839.2526 34.4464
22.454 839.2621 34.4435
22.464 839.2725 34.4428
22.474 839.2802 34.4441
22.484 839.2982 34.4462
22.494 839.2614 34.4465
22.504 839.2890 34.4442
22.514 839.2778 34.4454
22.524 839.2294 34.4434
22.534 839.2612 34.4431
22.544 839.2667 34.4458
22.554 839.2606 34.4469
22.564 839.2911 34.4461
22.574 839.2604 34.4435
22.584 839.2421 34.4462
22.594 839.3048 34.4469
22.604 839.2889 34.4467
22.614 839.2981 34.4486
22.624 839.2561 34.4481
22.634 839.2897 34.4462
22.644 839.2764 34.4464
22.654 839.2520 34.4461
22.664 839.2717 34.4441
22.674 839.2474 34.4455
22.684 839.2603 34.4476
22.694 839.2960 34.4476
22.704 839.2731 34.4481
22.714 839.2699 34.4474
22.724 839.2283 34.4478
22.734 839.3021 34.4498
22.744 839.2490 34.4488
22.754 839.2345 34.4475
22.764 839.2416 34.4476
22.774 839.2836 34.4491
22.784 839.2714 34.4489
22.794 839.2777 34.4486
22.804 839.2501 34.4476
22.814 839.2577 34.4472
22.824 839.3016 34.4503
22.834 839.2616 34.4508
22.844 839.2814 34.4496
22.854 839.2641 34.4486
22.864 839.2265 34.4469
22.874 839.2715 34.4457
22.884 839.2946 34.4478
22.894 839.2971 34.4506
22.904 839.2798 34.4505
22.914 839.2797 34.4496
22.924 839.2917 34.4505
22.934 839.2953 34.4498
22.944 839.2427 34.4474
22.954 839.2663 34.4489
22.964 839.2774 34.4493
22.974 839.2357 34.4481
22.984 839.2904 34.4482
22.994 839.2590 34.4486
23.004 839.2734 34.4482
23.014 839.2887 34.4491
23.024 839.2741 34.4510
23.034 839.2587 34.4493
23.044 839.2445 34.4491
23.054 839.2698 34.4498
23.064 839.2822 34.4492
23.074 839.2643 34.4488
23.084 839.2589 34.4478
23.094 839.2909 34.4476
23.104 839.2530 34.4482
23.114 839.2743 34.4486
23.124 839.2517 34.4509
23.134 839.2719 34.4525
23.144 839.2911 34.4510
23.154 839.2812 34.4512
23.164 839.2390 34.4513
23.174 839.2902 34.4498
23.184 839.2704 34.4501
23.194 839.2639 34.4502
23.204 839.2516 34.4492
23.214 839.2916 34.4488
23.224 839.2887 34.4491
23.234 839.2590 34.4486
23.244 839.2740 34.4493
23.254 839.3038 34.4489
23.264 839.2672 34.4493
23.274 839.2651 34.4525
23.284 839.2662 34.4513
23.294 839.3107 34.4515
23.304 839.2401 34.4510
23.314 839.2649 34.4482
23.324 839.2695 34.4488
23.334 839.2473 34.4488
23.344 839.2325 34.4474
23.354 839.2475 34.4472
23.364 839.2904 34.4491
23.374 839.2943 34.4518
23.384 839.3135 34.4512
23.394 839.2919 34.4498
23.404 839.2528 34.4498
23.414 839.2676 34.4512
23.424 839.2783 34.4506
23.434 839.2683 34.4491
23.444 839.2689 34.4493
23.454 839.2445 34.4482
23.464 839.2700 34.4491
23.474 839.2811 34.4495
23.484 839.2675 34.4495
23.494 839.2959 34.4501
23.504 839.2533 34.4492
23.514 839.2730 34.4505
23.524 839.2740 34.4493
23.534 839.2629 34.4489
23.544 839.2527 34.4489
23.554 839.2757 34.4493
23.564 839.2616 34.4508
23.574 839.2605 34.4502
23.584 839.2801 34.4515
23.594 839.2627 34.4505
23.604 839.2558 34.4488
23.614 839.2757 34.4493
23.624 839.2353 34.4512
23.634 839.2729 34.4496
23.644 839.2518 34.4476
23.654 839.2860 34.4510
23.664 839.2617 34.4525
23.674 839.2678 34.4488
23.684 839.2708 34.4478
23.694 839.2506 34.4503
23.704 839.2762 34.4520
23.714 839.2588 34.4502
23.724 839.2825 34.4493
23.734 839.2650 34.4508
23.744 839.2303 34.4488
23.754 839.2777 34.4486
23.764 839.2660 34.4488
23.774 839.2792 34.4502
23.784 839.2677 34.4520
23.794 839.2716 34.4515
23.804 839.2986 34.4530
23.814 839.2924 34.4542
23.824 839.2827 34.4527
23.834 839.2806 34.4509
23.844 839.2650 34.4508
23.854 839.2696 34.4513
23.864 839.2860 34.4510
23.874 839.2809 34.4510
23.884 839.2671 34.4526
23.894 839.2771 34.4533
23.904 839.2680 34.4522
23.914 839.2808 34.4535
23.924 839.3035 34.4546
23.934 839.2939 34.4540
23.944 839.2803 34.4540
23.954 839.2930 34.4544
23.964 839.2902 34.4539
23.974 839.2862 34.4536
23.984 839.2887 34.4532
23.994 839.2718 34.4508
24.004 839.2390 34.4513
24.014 839.2861 34.4519
24.024 839.2809 34.4510
24.034 839.2940 34.4516
24.044 839.2736 34.4516
24.054 839.2433 34.4518
24.064 839.2680 34.4522
24.074 839.2929 34.4519
24.084 839.2525 34.4537
24.094 839.2703 34.4542
24.104 839.2468 34.4535
24.114 839.2905 34.4549
24.124 839.2712 34.4546
24.134 839.2949 34.4520
24.144 839.2515 34.4516
24.154 839.2783 34.4539
24.164 839.2601 34.4542
24.174 839.2652 34.4533
24.184 839.2748 34.4530
24.194 839.2856 34.4533
24.204 839.2909 34.4526
24.214 839.2756 34.4526
24.224 839.2842 34.4543
24.234 839.2838 34.4525
24.244 839.2852 34.4506
24.254 839.2439 34.4529
24.264 839.2946 34.4527
24.274 839.2738 34.4509
24.284 839.2704 34.4509
24.294 839.2781 34.4513
24.304 839.2725 34.4527
24.314 839.2476 34.4530
24.324 839.2850 34.4530
24.334 839.3029 34.4535
24.344 839.2836 34.4532
24.354 839.2655 34.4535
24.364 839.2837 34.4540
24.374 839.2726 34.4536
24.384 839.3078 34.4550
24.394 839.2514 34.4557
24.404 839.2965 34.4553
24.414 839.2832 34.4563
24.424 839.2889 34.4557
24.434 839.2791 34.4543
24.444 839.2922 34.4540
24.454 839.2968 34.4554
24.464 839.2757 34.4543
24.474 839.2652 34.4533
24.484 839.2838 34.4557
24.494 839.2761 34.4561
24.504 839.2499 34.4533
24.514 839.2408 34.4530
24.524 839.2703 34.4533
24.534 839.2700 34.4540
24.544 839.2979 34.4552
24.554 839.2829 34.4553
24.564 839.2534 34.4559
24.574 839.2733 34.4556
24.584 839.2659 34.4553
24.594 839.2508 34.4537
24.604 839.2703 34.4542
24.614 839.2752 34.4557
24.624 839.2622 34.4552
24.634 839.2524 34.4570
24.644 839.2918 34.4580
24.654 839.2668 34.4566
24.664 839.2653 34.4559
24.674 839.3016 34.4553
24.684 839.2987 34.4547
24.694 839.2639 34.4552
24.704 839.2654 34.4576
24.714 839.2731 34.4580
24.724 839.2762 34.4570
24.734 839.2546 34.4573
24.744 839.2689 34.4543
24.754 839.2774 34.4543
24.764 839.2889 34.4566
24.774 839.2829 34.4561
24.784 839.2668 34.4574
24.794 839.2756 34.4576
24.804 839.3044 34.4550
24.814 839.2741 34.4552
24.824 839.2555 34.4569
24.834 839.2639 34.4560
24.844 839.2667 34.4557
24.854 839.2846 34.4553
24.864 839.2742 34.4569
24.874 839.2768 34.4581
24.884 839.2898 34.4570
24.894 839.2849 34.4563
24.904 839.2721 34.4550
24.914 839.2650 34.4557
24.924 839.2560 34.4563
24.934 839.2699 34.4556
24.944 839.3059 34.4566
24.954 839.2844 34.4569
24.964 839.2880 34.4553
24.974 839.2721 34.4550
24.984 839.2968 34.4563
24.994 839.2664 34.4547
25.004 839.2377 34.4532
25.014 839.2873 34.4542
25.024 839.2769 34.4549
25.034 839.2818 34.4564
25.044 839.3089 34.4547
25.054 839.2779 34.4529
25.064 839.2619 34.4550
25.074 839.2526 34.4554
25.084 839.2838 34.4557
25.094 839.2682 34.4564
25.104 839.2759 34.4577
25.114 839.3079 34.4567
25.124 839.2588 34.4552
25.134 839.2721 34.4559
25.144 839.2452 34.4560
25.154 839.2716 34.4564
25.164 839.2793 34.4577
25.174 839.2940 34.4566
25.184 839.2520 34.4552
25.194 839.2879 34.4544
25.204 839.2758 34.4552
25.214 839.2727 34.4561
25.224 839.3079 34.4559
25.234 839.2556 34.4544
25.244 839.2474 34.4537
25.254 839.2631 34.4556
25.264 839.2552 34.4567
25.274 839.2579 34.4556
25.284 839.2656 34.4552
25.294 839.2543 34.4563
25.304 839.2699 34.4564
25.314 839.2792 34.4560
25.324 839.2993 34.4550
25.334 839.2613 34.4556
25.344 839.2725 34.4569
25.354 839.2742 34.4577
25.364 839.2688 34.4567
25.374 839.2583 34.4566
25.384 839.2711 34.4579
25.394 839.2885 34.4588
25.404 839.2912 34.4569
25.414 839.2540 34.4561
25.424 839.2773 34.4576
25.434 839.2981 34.4586
25.444 839.2685 34.4574
25.454 839.2673 34.4552
25.464 839.3145 34.4574
25.474 839.2457 34.4587
25.484 839.2739 34.4576
25.494 839.2612 34.4571
25.504 839.2829 34.4561
25.514 839.2714 34.4571
25.524 839.2649 34.4581
25.534 839.2793 34.4577
25.544 839.2875 34.4576
25.554 839.2481 34.4574
25.564 839.2873 34.4574
25.574 839.2394 34.4581
25.584 839.2682 34.4605
25.594 839.2783 34.4597
25.604 839.2737 34.4591
25.614 839.2675 34.4594
25.624 839.2709 34.4586
25.634 839.2496 34.4581
25.644 839.2507 34.4579
25.654 839.2620 34.4576
25.664 839.2521 34.4577
25.674 839.2288 34.4563
25.684 839.2586 34.4576
25.694 839.2579 34.4597
25.704 839.2249 34.4569
25.714 839.2807 34.4576
25.724 839.2626 34.4579
25.734 839.2794 34.4586
25.744 839.2961 34.4584
25.754 839.2603 34.4576
25.764 839.2854 34.4590
25.774 839.2725 34.4577
25.784 839.2725 34.4577
25.794 839.2662 34.4563
25.804 839.2651 34.4566
25.814 839.2800 34.4588
25.824 839.2698 34.4588
25.834 839.2808 34.4593
25.844 839.2474 34.4596
25.854 839.2468 34.4584
25.864 839.2794 34.4586
25.874 839.2399 34.4576
25.884 839.2683 34.4573
25.894 839.2783 34.4597
25.904 839.2775 34.4601
25.914 839.3288 34.4603
25.924 839.2920 34.4605
25.934 839.3090 34.4614
25.944 839.2686 34.4591
25.954 839.2627 34.4587
25.964 839.2957 34.4615
25.974 839.2566 34.4615
25.984 839.2758 34.4610
25.994 839.2682 34.4614
26.004 839.2849 34.4613
26.014 839.2814 34.4596
26.024 839.2599 34.4598
26.034 839.2679 34.4613
26.044 839.2623 34.4618
26.054 839.2870 34.4622
26.064 839.2946 34.4610
26.074 839.2753 34.4615
26.084 839.2829 34.4611
26.094 839.2795 34.4603
26.104 839.2730 34.4613
26.114 839.2914 34.4611
26.124 839.2617 34.4607
26.134 839.2811 34.4594
26.144 839.2843 34.4601
26.154 839.2778 34.4603
26.164 839.2772 34.4600
26.174 839.2679 34.4613
26.184 839.2647 34.4597
26.194 839.2695 34.4587
26.204 839.2809 34.4601
26.214 839.2889 34.4615
26.224 839.2821 34.4615
26.234 839.2912 34.4610
26.244 839.2947 34.4627
26.254 839.2833 34.4630
26.264 839.2790 34.4608
26.274 839.2946 34.4610
26.284 839.2939 34.4598
26.294 839.2743 34.4594
26.304 839.2716 34.4614
26.314 839.2719 34.4607
26.324 839.2687 34.4608
26.334 839.2838 34.4607
26.344 839.2718 34.4598
26.354 839.2730 34.4604
26.364 839.2602 34.4608
26.374 839.3360 34.4613
26.384 839.2609 34.4620
26.394 839.2595 34.4621
26.404 839.2601 34.4624
26.414 839.3165 34.4625
26.424 839.2707 34.4610
26.434 839.2991 34.4607
26.444 839.2764 34.4613
26.454 839.2523 34.4603
26.464 839.2565 34.4607
26.474 839.2716 34.4605
26.484 839.2820 34.4598
26.494 839.2744 34.4603
26.504 839.2784 34.4614
26.514 839.2549 34.4624
26.524 839.2430 34.4615
26.534 839.2965 34.4603
26.544 839.2948 34.4611
26.554 839.2779 34.4620
26.564 839.2481 34.4615
26.574 839.2737 34.4624
26.584 839.2913 34.4627
26.594 839.2638 34.4634
26.604 839.2722 34.4625
26.614 839.2564 34.4622
26.624 839.2964 34.4627
26.634 839.2785 34.4631
26.644 839.2519 34.4634
26.654 839.2498 34.4615
26.664 839.2679 34.4604
26.674 839.2900 34.4613
26.684 839.2830 34.4628
26.694 839.2574 34.4611
26.704 839.2663 34.4621
26.714 839.2899 34.4637
26.724 839.2501 34.4625
26.734 839.2819 34.4622
26.744 839.2493 34.4630
26.754 839.2703 34.4624
26.764 839.2740 34.4625
26.774 839.2661 34.4637
26.784 839.2715 34.4638
26.794 839.2681 34.4638
26.804 839.2850 34.4621
26.814 839.2649 34.4622
26.824 839.2380 34.4632
26.834 839.2586 34.4625
26.844 839.2688 34.4617
26.854 839.2808 34.4625
26.864 839.2864 34.4628
26.874 839.2595 34.4621
26.884 839.2708 34.4618
26.894 839.2722 34.4617
26.904 839.2429 34.4598
26.914 839.2170 34.4588
26.924 839.3043 34.4632
26.934 839.2622 34.4651
26.944 839.2808 34.4625
26.954 839.2612 34.4621
26.964 839.2320 34.4628
26.974 839.2433 34.4617
26.984 839.2626 34.4620
26.994 839.2670 34.4641
27.004 839.2738 34.4649
27.014 839.2887 34.4631
27.024 839.2602 34.4608
27.034 839.2581 34.4622
27.044 839.2613 34.4638
27.054 839.2351 34.4618
27.064 839.2694 34.4620
27.074 839.2664 34.4638
27.084 839.2607 34.4635
27.094 839.2575 34.4620
27.104 839.2555 34.4618
27.114 839.2646 34.4630
27.124 839.2817 34.4638
27.134 839.2599 34.4639
27.144 839.2547 34.4631
27.154 839.2712 34.4637
27.164 839.2872 34.4656
27.174 839.2571 34.4651
27.184 839.2916 34.4637
27.194 839.2511 34.4647
27.204 839.2533 34.4632
27.214 839.2382 34.4617
27.224 839.2691 34.4618
27.234 839.2700 34.4622
27.244 839.2649 34.4631
27.254 839.2590 34.4635
27.264 839.2669 34.4632
27.274 839.2527 34.4630
27.284 839.2558 34.4620
27.294 839.2722 34.4617
27.304 839.2488 34.4635
27.314 839.2473 34.4628
27.324 839.2634 34.4615
27.334 839.2705 34.4617
27.344 839.2532 34.4624
27.354 839.2494 34.4638
27.364 839.2698 34.4647
27.374 839.2965 34.4652
27.384 839.2907 34.4632
27.394 839.2566 34.4615
27.404 839.2443 34.4638
27.414 839.2783 34.4647
27.424 839.2763 34.4645
27.434 839.2764 34.4654
27.444 839.2795 34.4652
27.454 839.2834 34.4647
27.464 839.2739 34.4658
27.474 839.2613 34.4647
27.484 839.2711 34.4628
27.494 839.2513 34.4622
27.504 839.2535 34.4625
27.514 839.3106 34.4647
27.524 839.2311 34.4665
27.534 839.2673 34.4659
27.544 839.2699 34.4605
27.554 839.2566 34.4615
27.564 839.2633 34.4648
27.574 839.2982 34.4644
27.584 839.2539 34.4635
27.594 839.2870 34.4622
27.604 839.2558 34.4620
27.614 839.2776 34.4627
27.624 839.2811 34.4644
27.634 839.2672 34.4642
27.644 839.2635 34.4624
27.654 839.2819 34.4622
27.664 839.2990 34.4639
27.674 839.2624 34.4644
27.684 839.2772 34.4649
27.694 839.2549 34.4665
27.704 839.2634 34.4665
27.714 839.2540 34.4652
27.724 839.2899 34.4645
27.734 839.2590 34.4644
27.744 839.2282 34.4659
27.754 839.2580 34.4655
27.764 839.2765 34.4630
27.774 839.2575 34.4628
27.784 839.2689 34.4634
27.794 839.2679 34.4654
27.804 839.3000 34.4661
27.814 839.2630 34.4647
27.824 839.2580 34.4664
27.834 839.2725 34.4668
27.844 839.2724 34.4651
27.854 839.2693 34.4661
27.864 839.2621 34.4675
27.874 839.2694 34.4669
27.884 839.2718 34.4648
27.894 839.2962 34.4651
27.904 839.2680 34.4671
27.914 839.2881 34.4669
27.924 839.2808 34.4675
27.934 839.2494 34.4688
27.944 839.3134 34.4676
27.954 839.2469 34.4659
27.964 839.2594 34.4654
27.974 839.2549 34.4656
27.984 839.2688 34.4658
27.994 839.2773 34.4658
28.004 839.2647 34.4647
28.014 839.2448 34.4641
28.024 839.2557 34.4652
28.034 839.2543 34.4662
28.044 839.2889 34.4656
28.054 839.2605 34.4659
28.064 839.2470 34.4668
28.074 839.2742 34.4659
28.084 839.2765 34.4671
28.094 839.2598 34.4672
28.104 839.2631 34.4664
28.114 839.2711 34.4678
28.124 839.2845 34.4685
28.134 839.2609 34.4669
28.144 839.2926 34.4666
28.154 839.2772 34.4699
28.164 839.2931 34.4702
28.174 839.2535 34.4675
28.184 839.2388 34.4678
28.194 839.2592 34.4678
28.204 839.2754 34.4673
28.214 839.2618 34.4673
28.224 839.2527 34.4679
28.234 839.2601 34.4673
28.244 839.2629 34.4671
28.254 839.2842 34.4675
28.264 839.2944 34.4675
28.274 839.2729 34.4686
28.284 839.2854 34.4698
28.294 839.2508 34.4695
28.304 839.2585 34.4690
28.314 839.2883 34.4703
28.324 839.2611 34.4703
28.334 839.2443 34.4688
28.344 839.2763 34.4686
28.354 839.2771 34.4682
28.364 839.2720 34.4682
28.374 839.2616 34.4689
28.384 839.2703 34.4682
28.394 839.2729 34.4686
28.404 839.2589 34.4709
28.414 839.2458 34.4703
28.424 839.2894 34.4692
28.434 839.2772 34.4690
28.444 839.2521 34.4676
28.454 839.2645 34.4662
28.464 839.2303 34.4669
28.474 839.2497 34.4689
28.484 839.2955 34.4681
28.494 839.2767 34.4664
28.504 839.2538 34.4668
28.514 839.2496 34.4681
28.524 839.2589 34.4676
28.534 839.3032 34.4676
28.544 839.2714 34.4679
28.554 839.2656 34.4692
28.564 839.2800 34.4696
28.574 839.2641 34.4693
28.584 839.2684 34.4689
28.594 839.2479 34.4681
28.604 839.2497 34.4689
28.614 839.2590 34.4693
28.624 839.2766 34.4688
28.634 839.2732 34.4688
28.644 839.2826 34.4692
28.654 839.2780 34.4695
28.664 839.2437 34.4685
28.674 839.2805 34.4682
28.684 839.2708 34.4709
28.694 839.2785 34.4730
28.704 839.2468 34.4725
28.714 839.2671 34.4716
28.724 839.2825 34.4725
28.734 839.2652 34.4723
28.744 839.2674 34.4709
28.754 839.2590 34.4693
28.764 839.2844 34.4717
28.774 839.2737 34.4723
28.784 839.2737 34.4682
28.794 839.2473 34.4669
28.804 839.2632 34.4681
28.814 839.2634 34.4706
28.824 839.2796 34.4710
28.834 839.2744 34.4702
28.844 839.2410 34.4705
28.854 839.2736 34.4715
28.864 839.2547 34.4722
28.874 839.2833 34.4720
28.884 839.2738 34.4699
28.894 839.2647 34.4688
28.904 839.2684 34.4698
28.914 839.2676 34.4702
28.924 839.2988 34.4705
28.934 839.2719 34.4715
28.944 839.2441 34.4712
28.954 839.2641 34.4693
28.964 839.2463 34.4689
28.974 839.2699 34.4705
28.984 839.2772 34.4699
28.994 839.2774 34.4683
29.004 839.2710 34.4702
29.014 839.3002 34.4703
29.024 839.2810 34.4709
29.034 839.2980 34.4717
29.044 839.2558 34.4719
29.054 839.2895 34.4709
29.064 839.3024 34.4698
29.074 839.2484 34.4708
29.084 839.2316 34.4700
29.094 839.2361 34.4698
29.104 839.2776 34.4709
29.114 839.2951 34.4703
29.124 839.2673 34.4692
29.134 839.2548 34.4689
29.144 839.2970 34.4696
29.154 839.2863 34.4702
29.164 839.2679 34.4703
29.174 839.2494 34.4696
29.184 839.2681 34.4696
29.194 839.2620 34.4716
29.204 839.2668 34.4715
29.214 839.2563 34.4705
29.224 839.2920 34.4705
29.234 839.2745 34.4719
29.244 839.2818 34.4713
29.254 839.2817 34.4696
29.264 839.2718 34.4689
29.274 839.2636 34.4690
29.284 839.2877 34.4700
29.294 839.2563 34.4713
29.304 839.2770 34.4715
29.314 839.2636 34.4699
29.324 839.2778 34.4702
29.334 839.2659 34.4702
29.344 839.2510 34.4720
29.354 839.2751 34.4730
29.364 839.2783 34.4737
29.374 839.2725 34.4759
29.384 839.3089 34.4729
29.394 839.2682 34.4713
29.404 839.2503 34.4742
29.414 839.2579 34.4737
29.424 839.2495 34.4705
29.434 839.2860 34.4700
29.444 839.2444 34.4713
29.454 839.2555 34.4709
29.464 839.2730 34.4712
29.474 839.2699 34.4705
29.484 839.2657 34.4709
29.494 839.2737 34.4723
29.504 839.2825 34.4725
29.514 839.2630 34.4737
29.524 839.2791 34.4733
29.534 839.2703 34.4723
29.544 839.2561 34.4720
29.554 839.2897 34.4751
29.564 839.2784 34.4754
29.574 839.2695 34.4736
29.584 839.2730 34.4744
29.594 839.2856 34.4732
29.604 839.2706 34.4725
29.614 839.2597 34.4713
29.624 839.2623 34.4717
29.634 839.2706 34.4725
29.644 839.2574 34.4710
29.654 839.2697 34.4720
29.664 839.2746 34.4727
29.674 839.3003 34.4712
29.684 839.2371 34.4719
29.694 839.2731 34.4720
29.704 839.2818 34.4713
29.714 839.2984 34.4736
29.724 839.2817 34.4746
29.734 839.2701 34.4747
29.744 839.2455 34.4751
29.754 839.2542 34.4744
29.764 839.2828 34.4734
29.774 839.2828 34.4734
29.784 839.2476 34.4729
29.794 839.2609 34.4727
29.804 839.2659 34.4751
29.814 839.2525 34.4736
29.824 839.2740 34.4725
29.834 839.2448 34.4732
29.844 839.2751 34.4730
29.854 839.2691 34.4759
29.864 839.2764 34.4753
29.874 839.2488 34.4734
29.884 839.2576 34.4744
29.894 839.2923 34.4764
29.904 839.3052 34.4777
29.914 839.2645 34.4753
29.924 839.2596 34.4737
29.934 839.2710 34.4743
29.944 839.2939 34.4747
29.954 839.2757 34.4733
29.964 839.2655 34.4725
29.974 839.2469 34.4750
29.984 839.2823 34.4749
29.994 839.2517 34.4740
