% 21-Jul-2025 12:18:28
% Time, s	 Pressure, mBar	 Temperature, degC
0.005 839.5290 34.4487
0.015 839.5094 34.4498
0.025 839.5143 34.4495
0.035 839.5051 34.4504
0.045 839.5042 34.4553
0.055 839.4793 34.4601
0.065 839.5311 34.4625
0.075 839.4718 34.4636
0.085 839.5531 34.4636
0.095 839.5611 34.4667
0.105 839.5059 34.4698
0.115 839.5540 34.4686
0.125 839.5251 34.4686
0.135 839.5298 34.4718
0.145 839.5308 34.4714
0.155 839.5388 34.4745
0.165 839.5268 34.4767
0.174 839.5304 34.4730
0.184 839.5214 34.4740
0.194 839.4996 34.4757
0.204 839.5202 34.4752
0.214 839.5405 34.4772
0.224 839.5606 34.4827
0.234 839.5287 34.4849
0.244 839.5040 34.4825
0.254 839.5281 34.4827
0.264 839.5272 34.4877
0.274 839.5505 34.4885
0.284 839.5150 34.4870
0.294 839.5323 34.4876
0.304 839.5184 34.4879
0.314 839.5076 34.4888
0.324 839.5341 34.4903
0.334 839.5248 34.4911
0.344 839.5238 34.4942
0.354 839.5424 34.4945
0.364 839.5401 34.4915
0.374 839.5075 34.4906
0.384 839.5461 34.4918
0.394 839.5316 34.4945
0.404 839.5155 34.4973
0.414 839.5220 34.4969
0.424 839.5168 34.4970
0.434 839.5547 34.4997
0.444 839.5191 34.4964
0.454 839.5118 34.4964
0.464 839.5238 34.4978
0.474 839.5273 34.4959
0.484 839.5396 34.4976
0.494 839.5443 34.4991
0.504 839.5351 34.4999
0.514 839.5464 34.5028
0.524 839.4940 34.5028
0.534 839.5364 34.4996
0.544 839.5131 34.4997
0.554 839.5064 34.5000
0.564 839.5394 34.4993
0.574 839.5380 34.5004
0.584 839.5492 34.5015
0.594 839.5038 34.5023
0.604 839.5300 34.5036
0.614 839.5595 34.5049
0.624 839.5482 34.5055
0.634 839.5064 34.5054
0.644 839.5399 34.5050
0.654 839.5210 34.5046
0.664 839.5515 34.5044
0.674 839.5254 34.5040
0.684 839.5463 34.5046
0.694 839.5331 34.5070
0.704 839.5403 34.5070
0.714 839.5508 34.5059
0.724 839.5535 34.5073
0.734 839.5752 34.5082
0.744 839.5369 34.5062
0.754 839.5123 34.5057
0.764 839.5400 34.5069
0.774 839.5388 34.5071
0.784 839.5444 34.5063
0.794 839.5659 34.5071
0.804 839.5385 34.5070
0.814 839.5072 34.5067
0.824 839.5648 34.5102
0.834 839.5393 34.5111
0.844 839.5318 34.5100
0.854 839.5719 34.5120
0.864 839.5553 34.5136
0.874 839.5437 34.5105
0.884 839.5400 34.5096
0.894 839.5304 34.5120
0.904 839.5418 34.5096
0.914 839.5206 34.5062
0.924 839.5563 34.5069
0.934 839.5281 34.5100
0.944 839.5193 34.5128
0.954 839.5070 34.5102
0.964 839.5243 34.5098
0.974 839.5108 34.5094
0.984 839.5255 34.5096
0.994 839.5484 34.5120
1.004 839.5566 34.5107
1.014 839.5533 34.5117
1.024 839.5557 34.5120
1.034 839.5536 34.5119
1.044 839.5322 34.5120
1.054 839.5325 34.5094
1.064 839.5146 34.5086
1.074 839.5686 34.5085
1.084 839.5627 34.5092
1.094 839.5353 34.5117
1.104 839.5276 34.5124
1.114 839.5268 34.5120
1.124 839.5607 34.5109
1.134 839.5226 34.5117
1.144 839.5646 34.5138
1.154 839.5130 34.5115
1.164 839.4992 34.5090
1.174 839.5458 34.5107
1.184 839.5456 34.5124
1.194 839.5169 34.5116
1.204 839.5492 34.5115
1.214 839.5406 34.5108
1.224 839.5332 34.5116
1.234 839.5235 34.5131
1.244 839.5256 34.5142
1.254 839.5457 34.5170
1.264 839.5398 34.5167
1.274 839.5533 34.5144
1.284 839.5050 34.5147
1.294 839.5550 34.5135
1.304 839.5316 34.5117
1.314 839.5342 34.5148
1.324 839.5128 34.5186
1.334 839.5382 34.5169
1.344 839.5501 34.5138
1.354 839.5201 34.5132
1.364 839.5297 34.5171
1.374 839.5381 34.5186
1.384 839.4939 34.5146
1.394 839.5266 34.5128
1.404 839.5424 34.5144
1.414 839.5028 34.5154
1.424 839.5342 34.5175
1.434 839.5281 34.5163
1.444 839.5345 34.5123
1.454 839.4953 34.5125
1.464 839.5547 34.5133
1.474 839.5469 34.5158
1.484 839.5235 34.5167
1.494 839.5478 34.5171
1.504 839.5297 34.5171
1.514 839.5200 34.5150
1.524 839.5294 34.5133
1.534 839.4888 34.5147
1.544 839.5197 34.5175
1.554 839.5360 34.5185
1.564 839.5628 34.5174
1.574 839.4896 34.5151
1.584 839.5134 34.5162
1.594 839.5305 34.5166
1.604 839.5520 34.5147
1.614 839.5213 34.5147
1.624 839.5441 34.5162
1.634 839.5437 34.5178
1.644 839.5021 34.5169
1.654 839.5356 34.5192
1.664 839.5590 34.5209
1.674 839.5427 34.5182
1.684 839.5524 34.5167
1.694 839.5562 34.5159
1.704 839.5141 34.5183
1.714 839.5561 34.5213
1.724 839.5107 34.5185
1.734 839.5109 34.5167
1.744 839.5129 34.5159
1.754 839.5824 34.5173
1.764 839.5481 34.5173
1.774 839.5244 34.5154
1.784 839.5319 34.5182
1.794 839.5628 34.5174
1.804 839.4949 34.5178
1.814 839.5304 34.5193
1.824 839.5503 34.5193
1.834 839.5338 34.5192
1.844 839.5623 34.5171
1.854 839.5412 34.5183
1.864 839.4991 34.5181
1.874 839.5578 34.5167
1.884 839.5655 34.5187
1.894 839.5404 34.5179
1.904 839.5239 34.5178
1.914 839.5615 34.5204
1.924 839.5553 34.5209
1.934 839.5283 34.5182
1.944 839.5217 34.5167
1.954 839.5192 34.5173
1.964 839.5429 34.5174
1.974 839.5450 34.5175
1.984 839.5078 34.5170
1.994 839.5515 34.5181
2.004 839.5534 34.5190
2.014 839.5201 34.5186
2.024 839.5211 34.5155
2.034 839.5467 34.5193
2.044 839.5535 34.5236
2.054 839.5331 34.5206
2.064 839.5316 34.5208
2.074 839.5574 34.5210
2.084 839.5618 34.5205
2.094 839.5277 34.5206
2.104 839.5501 34.5201
2.114 839.5318 34.5173
2.124 839.5207 34.5171
2.134 839.5609 34.5192
2.144 839.4983 34.5213
2.154 839.5291 34.5223
2.164 839.5435 34.5213
2.174 839.5375 34.5201
2.184 839.5353 34.5190
2.194 839.5492 34.5178
2.204 839.5252 34.5185
2.214 839.5423 34.5198
2.224 839.5466 34.5183
2.234 839.5692 34.5170
2.244 839.5428 34.5192
2.254 839.5611 34.5220
2.264 839.5360 34.5212
2.274 839.5092 34.5186
2.284 839.5311 34.5178
2.294 839.5338 34.5201
2.304 839.5233 34.5202
2.314 839.5520 34.5210
2.324 839.5298 34.5217
2.334 839.5422 34.5216
2.344 839.5588 34.5217
2.354 839.5666 34.5202
2.364 839.5261 34.5198
2.374 839.5347 34.5205
2.384 839.5292 34.5196
2.394 839.5448 34.5183
2.404 839.5581 34.5205
2.414 839.5335 34.5227
2.424 839.5468 34.5212
2.434 839.5130 34.5205
2.444 839.5315 34.5235
2.454 839.5339 34.5237
2.464 839.5446 34.5218
2.474 839.5307 34.5194
2.484 839.5554 34.5182
2.494 839.5505 34.5185
2.504 839.5468 34.5202
2.514 839.5562 34.5223
2.524 839.4994 34.5218
2.534 839.5331 34.5233
2.544 839.5819 34.5243
2.554 839.5458 34.5243
2.564 839.5800 34.5224
2.574 839.5159 34.5210
2.584 839.5270 34.5212
2.594 839.5486 34.5202
2.604 839.5169 34.5206
2.614 839.5746 34.5224
2.624 839.5508 34.5223
2.634 839.5205 34.5206
2.644 839.5608 34.5209
2.654 839.5498 34.5227
2.664 839.5635 34.5232
2.674 839.5375 34.5210
2.684 839.5337 34.5209
2.694 839.5368 34.5216
2.704 839.5128 34.5213
2.714 839.5076 34.5214
2.724 839.5144 34.5221
2.734 839.5209 34.5227
2.744 839.5360 34.5212
2.754 839.5196 34.5229
2.764 839.5531 34.5225
2.774 839.5254 34.5204
2.784 839.5333 34.5225
2.794 839.5192 34.5209
2.804 839.5140 34.5201
2.814 839.5380 34.5231
2.824 839.5465 34.5228
2.834 839.5019 34.5204
2.844 839.5069 34.5193
2.854 839.5182 34.5213
2.864 839.4979 34.5220
2.874 839.5076 34.5205
2.884 839.5076 34.5205
2.894 839.5326 34.5204
2.904 839.5234 34.5212
2.914 839.5452 34.5231
2.924 839.5310 34.5232
2.934 839.5097 34.5243
2.944 839.5714 34.5254
2.954 839.5685 34.5212
2.964 839.4972 34.5208
2.974 839.4920 34.5236
2.984 839.5054 34.5231
2.994 839.5596 34.5231
3.004 839.5432 34.5239
3.014 839.5484 34.5247
3.024 839.5394 34.5256
3.034 839.5632 34.5258
3.044 839.5544 34.5250
3.054 839.5765 34.5243
3.064 839.5440 34.5243
3.074 839.5460 34.5235
3.084 839.5379 34.5221
3.094 839.5320 34.5228
3.104 839.5590 34.5245
3.114 839.5373 34.5245
3.124 839.5580 34.5250
3.134 839.5515 34.5244
3.144 839.5624 34.5227
3.154 839.5428 34.5228
3.164 839.5064 34.5227
3.174 839.5197 34.5239
3.184 839.5453 34.5240
3.194 839.5289 34.5231
3.204 839.5463 34.5236
3.214 839.5594 34.5229
3.224 839.5257 34.5214
3.234 839.5353 34.5227
3.244 839.5218 34.5250
3.254 839.5299 34.5227
3.264 839.5224 34.5216
3.274 839.5185 34.5251
3.284 839.5210 34.5245
3.294 839.5145 34.5231
3.304 839.5554 34.5255
3.314 839.5359 34.5266
3.324 839.4960 34.5247
3.334 839.5674 34.5233
3.344 839.5088 34.5239
3.354 839.5212 34.5228
3.364 839.5104 34.5237
3.374 839.5271 34.5258
3.384 839.5238 34.5241
3.394 839.5489 34.5240
3.404 839.5476 34.5243
3.414 839.5363 34.5223
3.424 839.5410 34.5228
3.434 839.5133 34.5252
3.444 839.5140 34.5237
3.454 839.5088 34.5229
3.464 839.5160 34.5229
3.474 839.5142 34.5202
3.484 839.5157 34.5218
3.494 839.5437 34.5241
3.504 839.5241 34.5243
3.514 839.5481 34.5236
3.524 839.5515 34.5244
3.534 839.5074 34.5250
3.544 839.5129 34.5232
3.554 839.5420 34.5224
3.564 839.5361 34.5221
3.574 839.5548 34.5233
3.584 839.5102 34.5245
3.594 839.5036 34.5231
3.604 839.5102 34.5218
3.614 839.5447 34.5237
3.624 839.5130 34.5214
3.634 839.4816 34.5220
3.644 839.5704 34.5248
3.654 839.5434 34.5231
3.664 839.5255 34.5223
3.674 839.5185 34.5224
3.684 839.5213 34.5210
3.694 839.5398 34.5204
3.704 839.4866 34.5227
3.714 839.5481 34.5236
3.724 839.5318 34.5236
3.734 839.5034 34.5239
3.744 839.5092 34.5223
3.754 839.5139 34.5228
3.764 839.5146 34.5250
3.774 839.5220 34.5268
3.784 839.4972 34.5262
3.794 839.5457 34.5233
3.804 839.5225 34.5235
3.814 839.5020 34.5259
3.824 839.5471 34.5276
3.834 839.5494 34.5270
3.844 839.5180 34.5248
3.854 839.5046 34.5227
3.864 839.5574 34.5237
3.874 839.5397 34.5258
3.884 839.5167 34.5251
3.894 839.5558 34.5239
3.904 839.5467 34.5256
3.914 839.5325 34.5258
3.924 839.5397 34.5258
3.934 839.5343 34.5258
3.944 839.5249 34.5247
3.954 839.4883 34.5254
3.964 839.5152 34.5262
3.974 839.5483 34.5264
3.984 839.5387 34.5262
3.994 839.5325 34.5258
4.004 839.5436 34.5259
4.014 839.5376 34.5256
4.024 839.5354 34.5263
4.034 839.5542 34.5267
4.044 839.5253 34.5258
4.054 839.5199 34.5267
4.064 839.5545 34.5268
4.074 839.5516 34.5263
4.084 839.5113 34.5251
4.094 839.5326 34.5267
4.104 839.5278 34.5279
4.114 839.5259 34.5270
4.124 839.5279 34.5271
4.134 839.5645 34.5255
4.144 839.5215 34.5266
4.154 839.5459 34.5289
4.164 839.5871 34.5305
4.174 839.5527 34.5295
4.184 839.5174 34.5272
4.194 839.5295 34.5270
4.204 839.5426 34.5290
4.214 839.5295 34.5306
4.224 839.5201 34.5295
4.234 839.5182 34.5276
4.244 839.5612 34.5266
4.254 839.5148 34.5278
4.264 839.5437 34.5278
4.274 839.5363 34.5250
4.284 839.5144 34.5258
4.294 839.5154 34.5281
4.304 839.5426 34.5290
4.314 839.5244 34.5308
4.324 839.5534 34.5317
4.334 839.5205 34.5306
4.344 839.5499 34.5299
4.354 839.5612 34.5302
4.364 839.5653 34.5295
4.374 839.5400 34.5295
4.384 839.5116 34.5289
4.394 839.5161 34.5302
4.404 839.5496 34.5298
4.414 839.5270 34.5285
4.424 839.5601 34.5287
4.434 839.5831 34.5294
4.444 839.5641 34.5308
4.454 839.5133 34.5306
4.464 839.5331 34.5297
4.474 839.5331 34.5297
4.484 839.5226 34.5308
4.494 839.5274 34.5295
4.504 839.5694 34.5289
4.514 839.5509 34.5295
4.524 839.5400 34.5295
4.534 839.5561 34.5303
4.544 839.5256 34.5305
4.554 839.5424 34.5308
4.564 839.5308 34.5303
4.574 839.5371 34.5317
4.584 839.6778 34.5325
4.594 839.6393 34.5286
4.604 839.5584 34.5270
4.614 839.4939 34.5272
4.624 839.4591 34.5279
4.634 839.4589 34.5287
4.644 839.3568 34.5274
4.654 839.3752 34.5275
4.664 839.2231 34.5274
4.674 839.1546 34.5266
4.684 839.0143 34.5278
4.694 838.8195 34.5298
4.704 838.4260 34.5309
4.714 838.1776 34.5305
4.724 838.3748 34.5306
4.734 838.7125 34.5314
4.744 838.6722 34.5302
4.754 838.7125 34.5278
4.764 838.7255 34.5289
4.774 838.6937 34.5310
4.784 838.7263 34.5320
4.794 838.7184 34.5334
4.804 838.7072 34.5324
4.814 838.6741 34.5285
4.824 838.7002 34.5289
4.834 838.7312 34.5326
4.844 838.7032 34.5313
4.854 838.7123 34.5286
4.864 838.6792 34.5310
4.874 838.6585 34.5333
4.884 838.6745 34.5341
4.894 838.6210 34.5326
4.904 838.6295 34.5287
4.914 838.5991 34.5298
4.924 838.6019 34.5330
4.934 838.5497 34.5322
4.944 838.5093 34.5310
4.954 838.5533 34.5313
4.964 838.5320 34.5306
4.974 838.4980 34.5317
4.984 838.5015 34.5334
4.994 838.4871 34.5334
5.004 838.4555 34.5330
5.014 838.4430 34.5313
5.024 838.4521 34.5286
5.034 838.4280 34.5274
5.044 838.4251 34.5295
5.054 838.4305 34.5332
5.064 838.4588 34.5347
5.074 838.4682 34.5330
5.084 838.4243 34.5328
5.094 838.4231 34.5340
5.104 838.4230 34.5330
5.114 838.4356 34.5321
5.124 838.4419 34.5298
5.134 838.4611 34.5276
5.144 838.4707 34.5289
5.154 838.4559 34.5305
5.164 838.4956 34.5305
5.174 838.4540 34.5295
5.184 838.4110 34.5316
5.194 838.4357 34.5330
5.204 838.4493 34.5326
5.214 838.4294 34.5326
5.224 838.4411 34.5330
5.234 838.4230 34.5330
5.244 838.3886 34.5321
5.254 838.3796 34.5321
5.264 838.3873 34.5314
5.274 838.4061 34.5309
5.284 838.3657 34.5333
5.294 838.3925 34.5359
5.304 838.3861 34.5326
5.314 838.3889 34.5322
5.324 838.3625 34.5353
5.334 838.3503 34.5337
5.344 838.3511 34.5314
5.354 838.3695 34.5316
5.364 838.3426 34.5317
5.374 838.3446 34.5299
5.384 838.3642 34.5298
5.394 838.3629 34.5301
5.404 838.3510 34.5295
5.414 838.3552 34.5308
5.424 838.3158 34.5318
5.434 838.3447 34.5318
5.444 838.3364 34.5340
5.454 838.3157 34.5336
5.464 838.3053 34.5329
5.474 838.2820 34.5357
5.484 838.3308 34.5357
5.494 838.3157 34.5345
5.504 838.3153 34.5352
5.514 838.2953 34.5370
5.524 838.2627 34.5370
5.534 838.2719 34.5352
5.544 838.2536 34.5351
5.554 838.2723 34.5336
5.564 838.2449 34.5334
5.574 838.2558 34.5344
5.584 838.2644 34.5314
5.594 838.2540 34.5308
5.604 838.2619 34.5329
5.614 838.2378 34.5344
5.624 838.2202 34.5337
5.634 838.2158 34.5306
5.644 838.2055 34.5309
5.654 838.2333 34.5330
5.664 838.2354 34.5332
5.674 838.2147 34.5337
5.684 838.1933 34.5339
5.694 838.1889 34.5334
5.704 838.2278 34.5321
5.714 838.1940 34.5297
5.724 838.2173 34.5305
5.734 838.1605 34.5328
5.744 838.1901 34.5322
5.754 838.1991 34.5313
5.764 838.2216 34.5317
5.774 838.1824 34.5329
5.784 838.1969 34.5329
5.794 838.1830 34.5332
5.804 838.1959 34.5343
5.814 838.1988 34.5348
5.824 838.2101 34.5341
5.834 838.1904 34.5333
5.844 838.2046 34.5359
5.854 838.1889 34.5361
5.864 838.1773 34.5340
5.874 838.1798 34.5361
5.884 838.1820 34.5372
5.894 838.1766 34.5345
5.904 838.1507 34.5333
5.914 838.1775 34.5359
5.924 838.1804 34.5364
5.934 838.1832 34.5360
5.944 838.1920 34.5368
5.954 838.2130 34.5347
5.964 838.1847 34.5322
5.974 838.2162 34.5353
5.984 838.2176 34.5370
5.994 838.1750 34.5337
6.004 838.1931 34.5337
6.014 838.1701 34.5340
6.024 838.1812 34.5341
6.034 838.1883 34.5322
6.044 838.1510 34.5334
6.054 838.1726 34.5361
6.064 838.2143 34.5344
6.074 838.1569 34.5337
6.084 838.2060 34.5339
6.094 838.1773 34.5340
6.104 838.1903 34.5351
6.114 838.1966 34.5364
6.124 838.1730 34.5345
6.134 838.1647 34.5313
6.144 838.1602 34.5326
6.154 838.2007 34.5357
6.164 838.1648 34.5359
6.174 838.1801 34.5363
6.184 838.1690 34.5334
6.194 838.1938 34.5305
6.204 838.1386 34.5336
6.214 838.1655 34.5344
6.224 838.1653 34.5316
6.234 838.2059 34.5329
6.244 838.2188 34.5357
6.254 838.2185 34.5383
6.264 838.2040 34.5383
6.274 838.2023 34.5329
6.284 838.1758 34.5314
6.294 838.2073 34.5345
6.304 838.1741 34.5351
6.314 838.1885 34.5351
6.324 838.2027 34.5349
6.334 838.1980 34.5344
6.344 838.1894 34.5328
6.354 838.2076 34.5310
6.364 838.1649 34.5332
6.374 838.2153 34.5340
6.384 838.1801 34.5326
6.394 838.2135 34.5349
6.404 838.2156 34.5378
6.414 838.2216 34.5353
6.424 838.2419 34.5337
6.434 838.2308 34.5345
6.444 838.2192 34.5341
6.454 838.2627 34.5370
6.464 838.2309 34.5391
6.474 838.2333 34.5367
6.484 838.2257 34.5347
6.494 838.2363 34.5355
6.504 838.2732 34.5349
6.514 838.2395 34.5371
6.524 838.2678 34.5395
6.534 838.2621 34.5348
6.544 838.2322 34.5352
6.554 838.2585 34.5357
6.564 838.2894 34.5340
6.574 838.2792 34.5388
6.584 838.2670 34.5391
6.594 838.2551 34.5349
6.604 838.2872 34.5356
6.614 838.2623 34.5376
6.624 838.3083 34.5380
6.634 838.3154 34.5361
6.644 838.2996 34.5355
6.654 838.3128 34.5367
6.664 838.3139 34.5345
6.674 838.2729 34.5348
6.684 838.3141 34.5364
6.694 838.2936 34.5352
6.704 838.3109 34.5348
6.714 838.3136 34.5371
6.724 838.3207 34.5388
6.734 838.3194 34.5355
6.744 838.3124 34.5347
6.754 838.3152 34.5370
6.764 838.3179 34.5392
6.774 838.3419 34.5395
6.784 838.3217 34.5348
6.794 838.3267 34.5355
6.804 838.3551 34.5388
6.814 838.3503 34.5374
6.824 838.3735 34.5372
6.834 838.3652 34.5367
6.844 838.3628 34.5355
6.854 838.3698 34.5353
6.864 838.3668 34.5366
6.874 838.3618 34.5395
6.884 838.3909 34.5387
6.894 838.4019 34.5370
6.904 838.4249 34.5376
6.914 838.4249 34.5376
6.924 838.3995 34.5367
6.934 838.4374 34.5384
6.944 838.4235 34.5397
6.954 838.4253 34.5397
6.964 838.4047 34.5366
6.974 838.4390 34.5366
6.984 838.4313 34.5399
6.994 838.4619 34.5390
7.004 838.4447 34.5403
7.014 838.4709 34.5407
7.024 838.4738 34.5386
7.034 838.4510 34.5344
7.044 838.4551 34.5337
7.054 838.4809 34.5376
7.064 838.4706 34.5370
7.074 838.5131 34.5366
7.084 838.5441 34.5403
7.094 838.5303 34.5415
7.104 838.5076 34.5383
7.114 838.5503 34.5361
7.124 838.5497 34.5349
7.134 838.5879 34.5351
7.144 838.5845 34.5379
7.154 838.5964 34.5384
7.164 838.5963 34.5375
7.174 838.5934 34.5360
7.184 838.5930 34.5349
7.194 838.6113 34.5341
7.204 838.6229 34.5336
7.214 838.6219 34.5349
7.224 838.6226 34.5361
7.234 838.6259 34.5360
7.244 838.6548 34.5387
7.254 838.6786 34.5398
7.264 838.6813 34.5384
7.274 838.6982 34.5397
7.284 838.7030 34.5411
7.294 838.6960 34.5413
7.304 838.7418 34.5388
7.314 838.7181 34.5370
7.324 838.7385 34.5363
7.334 838.7400 34.5361
7.344 838.7610 34.5376
7.354 838.7582 34.5380
7.364 838.7347 34.5371
7.374 838.7926 34.5390
7.384 838.7621 34.5409
7.394 838.7901 34.5395
7.404 838.8242 34.5403
7.414 838.8394 34.5425
7.424 838.8080 34.5403
7.434 838.8081 34.5386
7.444 838.8392 34.5370
7.454 838.8614 34.5372
7.464 838.8272 34.5391
7.474 838.8965 34.5367
7.484 838.8362 34.5355
7.494 838.8917 34.5379
7.504 838.8875 34.5403
7.514 838.9356 34.5418
7.524 838.9705 34.5421
7.534 838.9408 34.5417
7.544 838.9565 34.5414
7.554 838.9950 34.5390
7.564 838.9877 34.5380
7.574 838.9979 34.5395
7.584 838.9950 34.5417
7.594 838.9753 34.5445
7.604 839.0398 34.5433
7.614 839.0045 34.5410
7.624 839.0284 34.5394
7.634 839.0570 34.5392
7.644 839.0276 34.5390
7.654 839.0604 34.5401
7.664 839.0739 34.5414
7.674 839.0842 34.5402
7.684 839.0939 34.5397
7.694 839.1204 34.5384
7.704 839.0990 34.5386
7.714 839.1233 34.5417
7.724 839.1611 34.5434
7.734 839.1382 34.5410
7.744 839.2216 34.5384
7.754 839.1796 34.5391
7.764 839.1773 34.5388
7.774 839.1759 34.5382
7.784 839.2206 34.5415
7.804 832.9521 34.5432
7.814 839.8119 34.5490
7.824 837.0714 34.5526
7.834 839.1333 34.5513
7.844 839.4870 34.5513
7.854 839.4864 34.5510
7.864 839.3724 34.5498
7.874 839.2993 34.5488
7.884 839.5347 34.5475
7.894 839.6048 34.5477
7.904 839.5596 34.5484
7.914 839.5883 34.5457
7.924 839.5616 34.5492
7.934 839.5961 34.5513
7.944 839.5869 34.5495
7.954 839.5843 34.5486
7.964 839.6189 34.5472
7.974 839.5829 34.5483
7.984 839.5633 34.5492
7.994 839.6016 34.5494
8.004 839.5679 34.5504
8.014 839.5853 34.5490
8.024 839.5961 34.5477
8.034 839.5936 34.5495
8.044 839.6078 34.5483
8.054 839.5967 34.5482
8.064 839.5912 34.5507
8.074 839.5480 34.5498
8.084 839.6151 34.5490
8.094 839.6086 34.5518
8.104 839.6006 34.5513
8.114 839.5837 34.5482
8.124 839.5805 34.5496
8.134 839.5981 34.5480
8.144 839.5876 34.5460
8.154 839.5885 34.5471
8.164 839.6129 34.5484
8.174 839.6135 34.5471
8.184 839.5863 34.5483
8.194 839.5805 34.5500
8.204 839.6422 34.5490
8.214 839.6319 34.5518
8.224 839.5972 34.5521
8.234 839.6190 34.5510
8.244 839.6079 34.5529
8.254 839.6133 34.5518
8.264 839.5882 34.5491
8.274 839.5876 34.5510
8.284 839.6107 34.5507
8.294 839.6405 34.5487
8.304 839.5850 34.5500
8.314 839.6131 34.5503
8.324 839.5914 34.5499
8.334 839.6416 34.5499
8.344 839.6208 34.5506
8.354 839.5907 34.5529
8.364 839.5939 34.5531
8.374 839.6294 34.5511
8.384 839.5977 34.5499
8.394 839.6395 34.5513
8.404 839.6234 34.5504
8.414 839.6109 34.5523
8.424 839.6120 34.5542
8.434 839.6198 34.5521
8.444 839.6245 34.5523
8.454 839.6242 34.5538
8.464 839.6212 34.5527
8.474 839.6250 34.5513
8.484 839.6510 34.5531
8.494 839.6320 34.5553
8.504 839.6409 34.5530
8.514 839.6206 34.5521
8.524 839.6338 34.5527
8.534 839.6391 34.5540
8.544 839.6055 34.5557
8.554 839.6502 34.5542
8.564 839.6532 34.5522
8.574 839.6345 34.5537
8.584 839.6197 34.5561
8.594 839.6131 34.5550
8.604 839.6421 34.5562
8.614 839.6469 34.5572
8.624 839.6304 34.5560
8.634 839.6312 34.5558
8.644 839.6634 34.5562
8.654 839.6343 34.5561
8.664 839.6321 34.5569
8.674 839.6199 34.5576
8.684 839.6491 34.5542
8.694 839.6324 34.5507
8.704 839.6328 34.5523
8.714 839.6242 34.5571
8.724 839.6388 34.5564
8.734 839.6548 34.5519
8.744 839.6085 34.5545
8.754 839.6298 34.5567
8.764 839.6336 34.5546
8.774 839.6800 34.5548
8.784 839.6218 34.5562
8.794 839.6296 34.5588
8.804 839.6631 34.5591
8.814 839.6571 34.5577
8.824 839.6541 34.5575
8.834 839.6527 34.5560
8.844 839.6326 34.5571
8.854 839.6361 34.5579
8.864 839.6309 34.5569
8.874 839.6436 34.5561
8.884 839.6493 34.5534
8.894 839.6525 34.5535
8.904 839.6214 34.5552
8.914 839.6423 34.5531
8.924 839.6404 34.5537
8.934 839.6411 34.5581
8.944 839.6391 34.5576
8.954 839.6434 34.5557
8.964 839.6401 34.5569
8.974 839.6254 34.5580
8.984 839.6018 34.5552
8.994 839.6398 34.5533
9.004 839.6209 34.5542
9.014 839.6527 34.5538
9.024 839.6131 34.5544
9.034 839.6089 34.5562
9.044 839.6347 34.5587
9.054 839.6365 34.5580
9.064 839.6286 34.5544
9.074 839.6178 34.5531
9.084 839.5722 34.5541
9.094 839.6077 34.5548
9.104 839.6288 34.5562
9.114 839.6142 34.5550
9.124 839.6132 34.5541
9.134 839.6295 34.5545
9.144 839.6489 34.5545
9.154 839.6483 34.5588
9.164 839.6499 34.5603
9.174 839.6328 34.5584
9.184 839.6353 34.5571
9.194 839.6422 34.5556
9.204 839.6228 34.5581
9.214 839.6248 34.5584
9.224 839.6607 34.5576
9.234 839.6515 34.5602
9.244 839.6497 34.5583
9.254 839.6575 34.5556
9.264 839.6418 34.5558
9.274 839.6341 34.5571
9.284 839.6349 34.5577
9.294 839.6309 34.5572
9.304 839.6175 34.5561
9.314 839.6136 34.5567
9.324 839.6617 34.5592
9.334 839.6671 34.5598
9.344 839.6129 34.5598
9.354 839.6463 34.5598
9.364 839.6250 34.5575
9.374 839.6081 34.5568
9.384 839.6122 34.5583
9.394 839.6196 34.5576
9.404 839.6085 34.5568
9.414 839.5901 34.5567
9.424 839.6092 34.5556
9.434 839.6144 34.5561
9.444 839.6075 34.5560
9.454 839.6597 34.5571
9.464 839.6360 34.5606
9.474 839.6545 34.5623
9.484 839.6412 34.5634
9.494 839.6376 34.5595
9.504 839.6172 34.5558
9.514 839.6323 34.5556
9.524 839.6534 34.5577
9.534 839.6564 34.5602
9.544 839.6348 34.5580
9.554 839.6395 34.5589
9.564 839.6522 34.5604
9.574 839.6208 34.5577
9.584 839.6030 34.5556
9.594 839.6328 34.5593
9.604 839.6022 34.5634
9.614 839.6601 34.5616
9.624 839.6216 34.5589
9.634 839.6632 34.5587
9.644 839.6390 34.5596
9.654 839.6304 34.5602
9.664 839.6247 34.5595
9.674 839.6297 34.5593
9.684 839.6030 34.5610
9.694 839.5815 34.5593
9.704 839.6608 34.5576
9.714 839.6402 34.5584
9.724 839.6457 34.5599
9.734 839.6300 34.5599
9.744 839.6274 34.5575
9.754 839.6322 34.5580
9.764 839.6513 34.5595
9.774 839.5995 34.5591
9.784 839.6423 34.5603
9.794 839.5909 34.5600
9.804 839.6130 34.5596
9.814 839.6222 34.5580
9.824 839.6568 34.5572
9.834 839.6592 34.5600
9.844 839.6109 34.5585
9.854 839.6416 34.5579
9.864 839.5938 34.5606
9.874 839.6314 34.5602
9.884 839.6135 34.5618
9.894 839.6602 34.5646
9.904 839.6729 34.5635
9.914 839.6457 34.5618
9.924 839.6183 34.5599
9.934 839.6450 34.5598
9.944 839.6241 34.5614
9.954 839.6309 34.5608
9.964 839.6275 34.5588
9.974 839.6202 34.5589
9.984 839.6208 34.5607
9.994 839.6118 34.5592
10.004 839.6307 34.5592
10.014 839.6368 34.5633
10.024 839.6527 34.5618
10.034 839.6482 34.5607
10.044 839.6303 34.5630
10.054 839.6328 34.5612
10.064 839.6435 34.5598
10.074 839.6481 34.5625
10.084 839.6218 34.5647
10.094 839.5979 34.5615
10.104 839.6044 34.5595
10.114 839.6389 34.5610
10.124 839.6359 34.5619
10.134 839.6190 34.5631
10.144 839.6465 34.5619
10.154 839.6215 34.5612
10.164 839.6618 34.5641
10.174 839.6223 34.5653
10.184 839.6238 34.5618
10.194 839.6033 34.5580
10.204 839.6653 34.5595
10.214 839.6129 34.5598
10.224 839.6159 34.5571
10.234 839.6462 34.5595
10.244 839.6437 34.5602
10.254 839.6264 34.5607
10.264 839.6597 34.5611
10.274 839.6339 34.5606
10.284 839.6605 34.5612
10.294 839.6180 34.5619
10.304 839.6141 34.5623
10.314 839.6583 34.5622
10.324 839.6767 34.5635
10.334 839.6576 34.5637
10.344 839.6142 34.5641
10.354 839.6465 34.5641
10.364 839.6267 34.5639
10.374 839.6054 34.5622
10.384 839.6208 34.5596
10.394 839.6060 34.5619
10.404 839.6340 34.5645
10.414 839.6290 34.5622
10.424 839.6417 34.5615
10.434 839.6004 34.5651
10.444 839.6298 34.5680
10.454 839.6440 34.5683
10.464 839.6545 34.5654
10.474 839.6225 34.5643
10.484 839.6205 34.5646
10.494 839.6004 34.5645
10.504 839.6367 34.5626
10.514 839.6028 34.5635
10.524 839.6337 34.5665
10.534 839.6510 34.5647
10.544 839.5903 34.5626
10.554 839.6018 34.5611
10.564 839.6544 34.5633
10.574 839.6604 34.5661
10.584 839.6108 34.5664
10.594 839.6302 34.5660
10.604 839.6083 34.5630
10.614 839.6517 34.5638
10.624 839.6231 34.5647
10.634 839.6573 34.5649
10.644 839.6400 34.5666
10.654 839.6334 34.5661
10.664 839.6211 34.5646
10.674 839.6300 34.5630
10.684 839.6167 34.5647
10.694 839.6371 34.5662
10.704 839.6134 34.5656
10.714 839.6468 34.5637
10.724 839.5889 34.5641
10.734 839.6343 34.5668
10.744 839.5819 34.5669
10.754 839.6333 34.5633
10.764 839.6372 34.5637
10.774 839.6204 34.5665
10.784 839.6552 34.5662
10.794 839.6268 34.5665
10.804 839.6217 34.5658
10.814 839.6336 34.5633
10.824 839.6514 34.5638
10.834 839.6627 34.5673
10.844 839.6556 34.5693
10.854 839.6177 34.5676
10.864 839.6515 34.5649
10.874 839.6401 34.5656
10.884 839.6704 34.5680
10.894 839.5770 34.5660
10.904 839.6562 34.5635
10.914 839.6366 34.5651
10.924 839.6293 34.5662
10.934 839.6291 34.5689
10.944 839.6426 34.5688
10.954 839.5925 34.5674
10.964 839.6268 34.5668
10.974 839.6256 34.5658
10.984 839.6448 34.5670
10.994 839.6167 34.5658
11.004 839.6612 34.5662
11.014 839.6480 34.5668
11.024 839.5979 34.5665
11.034 839.6725 34.5658
11.044 839.6150 34.5661
11.054 839.6254 34.5672
11.064 839.6403 34.5678
11.074 839.6060 34.5672
11.084 839.6214 34.5645
11.094 839.6439 34.5658
11.104 839.6496 34.5672
11.114 839.6230 34.5673
11.124 839.6212 34.5676
11.134 839.6632 34.5666
11.144 839.6431 34.5660
11.154 839.6190 34.5668
11.164 839.6348 34.5683
11.174 839.6024 34.5689
11.184 839.6562 34.5681
11.194 839.6323 34.5688
11.204 839.6469 34.5704
11.214 839.5882 34.5687
11.224 839.6068 34.5683
11.234 839.5780 34.5685
11.244 839.6145 34.5631
11.254 839.6606 34.5642
11.264 839.6057 34.5656
11.274 839.6253 34.5634
11.284 839.6283 34.5669
11.294 839.6440 34.5684
11.304 839.6115 34.5681
11.314 839.6310 34.5691
11.324 839.6175 34.5670
11.334 839.6039 34.5657
11.344 839.6388 34.5670
11.354 839.6194 34.5683
11.364 839.6486 34.5703
11.374 839.6091 34.5704
11.384 839.6674 34.5705
11.394 839.6312 34.5708
11.404 839.6132 34.5699
11.414 839.6513 34.5699
11.424 839.6517 34.5691
11.434 839.6386 34.5674
11.444 839.6067 34.5681
11.454 839.6415 34.5703
11.464 839.6009 34.5696
11.474 839.6226 34.5683
11.484 839.6461 34.5683
11.494 839.6668 34.5683
11.504 839.6244 34.5687
11.514 839.6326 34.5683
11.524 839.6071 34.5705
11.534 839.6183 34.5723
11.544 839.5991 34.5697
11.554 839.6332 34.5683
11.564 839.6109 34.5691
11.574 839.6486 34.5705
11.584 839.6329 34.5714
11.594 839.6282 34.5716
11.604 839.6603 34.5711
11.614 839.5844 34.5691
11.624 839.6359 34.5691
11.634 839.6012 34.5704
11.644 839.6430 34.5693
11.654 839.6020 34.5685
11.664 839.6155 34.5688
11.674 839.6507 34.5701
11.684 839.6161 34.5715
11.694 839.6328 34.5714
11.704 839.6813 34.5707
11.714 839.6019 34.5696
11.724 839.6140 34.5678
11.734 839.6314 34.5676
11.744 839.6355 34.5691
11.754 839.6390 34.5720
11.764 839.6291 34.5701
11.774 839.6228 34.5688
11.784 839.6457 34.5711
11.794 839.6271 34.5699
11.804 839.6484 34.5696
11.814 839.6228 34.5685
11.824 839.5957 34.5684
11.834 839.6341 34.5711
11.844 839.6339 34.5731
11.854 839.5987 34.5739
11.864 839.6187 34.5735
11.874 839.6043 34.5718
11.884 839.6301 34.5718
11.894 839.6395 34.5720
11.904 839.6239 34.5695
11.914 839.6531 34.5689
11.924 839.6057 34.5691
11.934 839.6251 34.5670
11.944 839.6344 34.5704
11.954 839.6388 34.5705
11.964 839.6280 34.5673
11.974 839.6471 34.5709
11.984 839.6033 34.5715
11.994 839.6236 34.5695
12.004 839.6632 34.5715
12.014 839.6240 34.5696
12.024 839.6302 34.5672
12.034 839.6704 34.5703
12.044 839.6001 34.5723
12.054 839.6428 34.5715
12.064 839.6489 34.5730
12.074 839.6527 34.5751
12.084 839.6489 34.5734
12.094 839.6477 34.5715
12.104 839.6541 34.5727
12.114 839.6442 34.5750
12.124 839.6103 34.5736
12.134 839.6271 34.5730
12.144 839.6208 34.5732
12.154 839.6402 34.5719
12.164 839.6320 34.5726
12.174 839.6479 34.5730
12.184 839.5889 34.5719
12.194 839.6414 34.5695
12.204 839.6197 34.5677
12.214 839.6576 34.5714
12.224 839.6235 34.5731
12.234 839.6226 34.5705
12.244 839.6527 34.5719
12.254 839.6184 34.5707
12.264 839.6319 34.5707
12.274 839.6218 34.5720
12.284 839.6208 34.5715
12.294 839.6282 34.5719
12.304 839.6133 34.5711
12.314 839.6340 34.5718
12.324 839.5868 34.5722
12.334 839.6573 34.5703
12.344 839.5958 34.5693
12.354 839.6405 34.5693
12.364 839.5899 34.5691
12.374 839.6263 34.5700
12.384 839.6334 34.5728
12.394 839.6215 34.5746
12.404 839.6103 34.5714
12.414 839.6376 34.5703
12.424 839.6271 34.5695
12.434 839.6246 34.5696
12.444 839.6193 34.5738
12.454 839.6214 34.5757
12.464 839.6492 34.5758
12.474 839.6384 34.5726
12.484 839.6285 34.5726
12.494 839.6487 34.5749
12.504 839.6517 34.5759
12.514 839.6202 34.5774
12.524 839.6632 34.5780
12.534 839.6561 34.5759
12.544 839.6445 34.5742
12.554 839.6160 34.5747
12.564 839.5989 34.5731
12.574 839.6169 34.5727
12.584 839.6434 34.5745
12.594 839.6007 34.5742
12.604 839.6278 34.5727
12.614 839.6258 34.5718
12.624 839.6298 34.5726
12.634 839.6293 34.5746
12.644 839.6335 34.5753
12.654 839.6264 34.5755
12.664 839.6015 34.5738
12.674 839.6530 34.5731
12.684 839.6302 34.5745
12.694 839.6306 34.5730
12.704 839.6517 34.5723
12.714 839.6218 34.5738
12.724 839.6750 34.5751
12.734 839.6329 34.5755
12.744 839.6484 34.5716
12.754 839.6308 34.5712
12.764 839.6471 34.5715
12.774 839.6075 34.5715
12.784 839.6486 34.5734
12.794 839.6218 34.5741
12.804 839.6244 34.5751
12.814 839.6299 34.5755
12.824 839.6295 34.5755
12.834 839.6584 34.5745
12.844 839.6852 34.5745
12.854 839.6337 34.5770
12.864 839.6260 34.5757
12.874 839.6340 34.5754
12.884 839.6155 34.5758
12.894 839.6294 34.5765
12.904 839.6796 34.5762
12.914 839.5991 34.5742
12.924 839.5996 34.5746
12.934 839.6591 34.5749
12.944 839.6736 34.5766
12.954 839.6552 34.5766
12.964 839.6340 34.5765
12.974 839.6309 34.5758
12.984 839.6219 34.5751
12.994 839.6525 34.5761
13.004 839.6307 34.5778
13.014 839.6215 34.5796
13.024 839.6722 34.5777
13.034 839.6417 34.5750
13.044 839.6517 34.5751
13.054 839.6041 34.5747
13.064 839.6587 34.5735
13.074 839.6230 34.5746
13.084 839.6595 34.5776
13.094 839.6201 34.5777
13.104 839.6270 34.5761
13.114 839.6342 34.5750
13.124 839.6247 34.5777
13.134 839.6032 34.5784
13.144 839.6147 34.5749
13.154 839.6817 34.5761
13.164 839.6214 34.5780
13.174 839.6356 34.5767
13.184 839.6242 34.5757
13.194 839.6417 34.5754
13.204 839.6426 34.5778
13.214 839.6404 34.5801
13.224 839.6358 34.5781
13.234 839.6773 34.5785
13.244 839.6463 34.5785
13.254 839.6347 34.5784
13.264 839.6115 34.5780
13.274 839.6284 34.5754
13.284 839.6489 34.5739
13.294 839.6405 34.5751
13.304 839.6157 34.5790
13.314 839.6245 34.5793
13.324 839.6392 34.5801
13.334 839.6389 34.5793
13.344 839.6338 34.5755
13.354 839.6431 34.5766
13.364 839.6409 34.5794
13.374 839.6111 34.5784
13.384 839.6411 34.5770
13.394 839.6595 34.5776
13.404 839.6435 34.5777
13.414 839.6448 34.5788
13.424 839.6599 34.5785
13.434 839.6275 34.5770
13.444 839.6149 34.5753
13.454 839.6144 34.5762
13.464 839.5901 34.5796
13.474 839.6650 34.5782
13.484 839.6105 34.5786
13.494 839.6624 34.5794
13.504 839.6486 34.5792
13.514 839.6462 34.5804
13.524 839.6249 34.5792
13.534 839.6571 34.5785
13.544 839.6390 34.5801
13.554 839.6370 34.5801
13.564 839.6205 34.5782
13.574 839.6176 34.5781
13.584 839.6556 34.5803
13.594 839.6103 34.5812
13.604 839.5922 34.5793
13.614 839.6420 34.5793
13.624 839.6127 34.5789
13.634 839.6308 34.5769
13.644 839.5787 34.5778
13.654 839.6443 34.5789
13.664 839.6230 34.5782
13.674 839.6469 34.5766
13.684 839.6388 34.5759
13.694 839.6605 34.5773
13.704 839.6453 34.5782
13.714 839.5949 34.5778
13.724 839.6227 34.5770
13.734 839.6415 34.5792
13.744 839.6147 34.5786
13.754 839.6224 34.5761
13.764 839.6154 34.5754
13.774 839.6476 34.5755
13.784 839.6275 34.5781
13.794 839.6189 34.5780
13.804 839.5967 34.5773
13.814 839.6181 34.5770
13.824 839.5943 34.5769
13.834 839.6261 34.5767
13.844 839.6130 34.5763
13.854 839.6343 34.5780
13.864 839.6108 34.5796
13.874 839.5855 34.5796
13.884 839.6138 34.5796
13.894 839.6448 34.5784
13.904 839.6230 34.5785
13.914 839.6446 34.5803
13.924 839.6280 34.5793
13.934 839.6219 34.5819
13.944 839.6112 34.5824
13.954 839.6473 34.5780
13.964 839.6452 34.5770
13.974 839.6232 34.5796
13.984 839.6596 34.5831
13.994 839.6106 34.5823
14.004 839.6346 34.5804
14.014 839.6148 34.5797
14.024 839.6065 34.5816
14.034 839.6326 34.5838
14.044 839.6518 34.5805
14.054 839.6178 34.5784
14.064 839.6008 34.5794
14.074 839.6323 34.5800
14.084 839.6180 34.5804
14.094 839.6330 34.5796
14.104 839.6254 34.5789
14.114 839.6385 34.5815
14.124 839.6322 34.5808
14.134 839.5970 34.5794
14.144 839.6181 34.5808
14.154 839.6060 34.5805
14.164 839.6280 34.5808
14.174 839.6218 34.5819
14.184 839.6447 34.5842
14.194 839.6328 34.5839
14.204 839.6103 34.5834
14.214 839.6389 34.5857
14.224 839.6570 34.5819
14.234 839.6584 34.5819
14.244 839.6539 34.5835
14.254 839.5976 34.5821
14.264 839.6257 34.5820
14.274 839.6242 34.5816
14.284 839.6476 34.5817
14.294 839.6495 34.5808
14.304 839.6213 34.5817
14.314 839.6431 34.5848
14.324 839.6619 34.5858
14.334 839.6516 34.5862
14.344 839.6447 34.5865
14.354 839.6451 34.5866
14.364 839.6481 34.5859
14.374 839.6516 34.5838
14.384 839.6378 34.5855
14.394 839.6260 34.5850
14.404 839.6398 34.5827
14.414 839.6286 34.5832
14.424 839.6549 34.5831
14.434 839.6181 34.5827
14.444 839.6571 34.5842
14.454 839.6347 34.5838
14.464 839.6517 34.5807
14.474 839.6511 34.5838
14.484 839.6123 34.5835
14.494 839.6340 34.5821
14.504 839.6104 34.5858
14.514 839.6266 34.5839
14.524 839.5913 34.5830
14.534 839.6070 34.5843
14.544 839.6474 34.5831
14.554 839.6512 34.5816
14.564 839.6246 34.5808
14.574 839.6343 34.5811
14.584 839.6240 34.5832
14.594 839.5965 34.5835
14.604 839.6282 34.5842
14.614 839.6395 34.5838
14.624 839.5992 34.5804
14.634 839.6479 34.5792
14.644 839.6315 34.5819
14.654 839.6218 34.5836
14.664 839.6340 34.5842
14.674 839.6303 34.5858
14.684 839.6367 34.5848
14.694 839.5969 34.5835
14.704 839.5922 34.5835
14.714 839.6316 34.5820
14.724 839.6815 34.5809
14.734 839.6531 34.5824
14.744 839.6276 34.5817
14.754 839.6148 34.5825
14.764 839.6032 34.5843
14.774 839.6266 34.5848
14.784 839.5951 34.5839
14.794 839.6116 34.5835
14.804 839.6098 34.5827
14.814 839.6293 34.5827
14.824 839.6473 34.5843
14.834 839.6413 34.5834
14.844 839.6066 34.5858
14.854 839.5991 34.5857
14.864 839.6242 34.5846
14.874 839.6374 34.5854
14.884 839.6422 34.5857
14.894 839.6383 34.5844
14.904 839.5881 34.5843
14.914 839.6523 34.5863
14.924 839.6203 34.5850
14.934 839.6469 34.5852
14.944 839.6274 34.5859
14.954 839.6095 34.5870
14.964 839.6187 34.5889
14.974 839.6258 34.5881
14.984 839.5970 34.5862
14.994 839.6359 34.5871
15.004 839.6539 34.5894
15.014 839.6642 34.5885
15.024 839.6591 34.5892
15.034 839.6400 34.5893
15.044 839.6174 34.5861
15.054 839.6638 34.5874
15.064 839.6563 34.5898
15.074 839.6413 34.5897
15.084 839.6199 34.5894
15.094 839.6647 34.5896
15.104 839.6213 34.5885
15.114 839.6249 34.5885
15.124 839.6164 34.5885
15.134 839.6614 34.5888
15.144 839.6262 34.5923
15.154 839.6646 34.5919
15.164 839.6001 34.5875
15.174 839.6123 34.5842
15.184 839.6510 34.5858
15.194 839.6478 34.5879
15.204 839.5931 34.5873
15.214 839.6678 34.5879
15.224 839.6502 34.5882
15.234 839.6382 34.5875
15.244 839.6263 34.5870
15.254 839.6067 34.5865
15.264 839.6482 34.5866
15.274 839.6339 34.5884
15.284 839.6225 34.5912
15.294 839.6521 34.5900
15.304 839.6498 34.5858
15.314 839.6138 34.5855
15.324 839.6234 34.5874
15.334 839.6069 34.5886
15.344 839.6162 34.5885
15.354 839.6236 34.5859
15.364 839.6374 34.5878
15.374 839.6411 34.5893
15.384 839.5986 34.5875
15.394 839.6415 34.5879
15.404 839.6378 34.5896
15.414 839.6324 34.5877
15.424 839.6006 34.5850
15.434 839.5984 34.5871
15.444 839.6551 34.5888
15.454 839.6616 34.5882
15.464 839.6258 34.5888
15.474 839.6485 34.5898
15.484 839.6273 34.5894
15.494 839.6469 34.5888
15.504 839.6337 34.5886
15.514 839.6287 34.5884
15.524 839.6740 34.5877
15.534 839.6656 34.5886
15.544 839.6274 34.5898
15.554 839.6463 34.5906
15.564 839.6192 34.5910
15.574 839.6547 34.5910
15.584 839.6433 34.5898
15.594 839.6417 34.5886
15.604 839.6064 34.5888
15.614 839.5993 34.5892
15.624 839.6620 34.5874
15.634 839.6223 34.5871
15.644 839.6641 34.5881
15.654 839.6367 34.5873
15.664 839.5978 34.5898
15.674 839.6507 34.5912
15.684 839.6338 34.5905
15.694 839.6193 34.5893
15.704 839.6425 34.5857
15.714 839.6125 34.5882
15.724 839.6707 34.5913
15.734 839.6308 34.5897
15.744 839.6337 34.5905
15.754 839.6330 34.5910
15.764 839.5991 34.5925
15.774 839.5873 34.5909
15.784 839.6054 34.5886
15.794 839.6352 34.5896
15.804 839.6393 34.5882
15.814 839.6552 34.5902
15.824 839.6207 34.5919
15.834 839.6445 34.5909
15.844 839.6339 34.5910
15.854 839.6361 34.5912
15.864 839.6119 34.5896
15.874 839.6224 34.5901
15.884 839.6283 34.5927
15.894 839.6418 34.5920
15.904 839.6390 34.5897
15.914 839.6185 34.5901
15.924 839.6277 34.5916
15.934 839.5949 34.5908
15.944 839.5889 34.5906
15.954 839.6510 34.5904
15.964 839.6157 34.5879
15.974 839.6385 34.5857
15.984 839.6355 34.5898
15.994 839.6435 34.5910
16.004 839.6446 34.5878
16.014 839.6259 34.5884
16.024 839.6155 34.5881
16.034 839.6043 34.5901
16.044 839.6031 34.5917
16.054 839.6160 34.5902
16.064 839.5959 34.5894
16.074 839.6327 34.5902
16.084 839.6053 34.5888
16.094 839.6411 34.5886
16.104 839.6182 34.5902
16.114 839.6196 34.5915
16.124 839.6309 34.5931
16.134 839.6378 34.5915
16.144 839.6283 34.5913
16.154 839.6161 34.5920
16.164 839.6259 34.5904
16.174 839.6302 34.5908
16.184 839.6251 34.5929
16.194 839.6400 34.5940
16.204 839.6435 34.5924
16.214 839.6262 34.5915
16.224 839.6044 34.5909
16.234 839.6413 34.5900
16.244 839.6185 34.5894
16.254 839.6379 34.5889
16.264 839.6510 34.5923
16.274 839.6480 34.5943
16.284 839.6137 34.5928
16.294 839.6335 34.5928
16.304 839.6390 34.5928
16.314 839.6402 34.5928
16.324 839.6047 34.5925
16.334 839.6172 34.5901
16.344 839.6141 34.5919
16.354 839.6338 34.5948
16.364 839.6701 34.5966
16.374 839.6374 34.5975
16.384 839.6194 34.5929
16.394 839.5991 34.5902
16.404 839.6031 34.5909
16.414 839.6246 34.5902
16.424 839.6472 34.5901
16.434 839.6169 34.5897
16.444 839.6308 34.5917
16.454 839.6487 34.5942
16.464 839.6151 34.5923
16.474 839.6227 34.5908
16.484 839.6161 34.5928
16.494 839.6270 34.5940
16.504 839.6046 34.5923
16.514 839.6316 34.5919
16.524 839.6300 34.5946
16.534 839.6187 34.5937
16.544 839.6317 34.5917
16.554 839.6205 34.5928
16.564 839.6257 34.5944
16.574 839.6224 34.5943
16.584 839.6333 34.5917
16.594 839.6041 34.5900
16.604 839.6220 34.5925
16.614 839.6503 34.5933
16.624 839.6506 34.5931
16.634 839.6277 34.5932
16.644 839.6196 34.5935
16.654 839.6421 34.5958
16.664 839.6207 34.5935
16.674 839.6372 34.5936
16.684 839.6376 34.5964
16.694 839.6079 34.5948
16.704 839.6163 34.5917
16.714 839.6565 34.5932
16.724 839.6189 34.5952
16.734 839.6319 34.5936
16.744 839.6759 34.5947
16.754 839.6121 34.5959
16.764 839.6188 34.5956
16.774 839.6186 34.5954
16.784 839.6076 34.5935
16.794 839.5915 34.5916
16.804 839.6431 34.5935
16.814 839.6206 34.5958
16.824 839.6307 34.5954
16.834 839.6228 34.5959
16.844 839.6292 34.5974
16.854 839.6273 34.5970
16.864 839.6314 34.5960
16.874 839.6621 34.5954
16.884 839.6343 34.5944
16.894 839.6264 34.5932
16.904 839.6307 34.5937
16.914 839.6374 34.5959
16.924 839.6269 34.5956
16.934 839.6238 34.5940
16.944 839.6349 34.5933
16.954 839.6301 34.5935
16.964 839.6155 34.5956
16.974 839.6216 34.5964
16.984 839.6265 34.5950
16.994 839.5990 34.5956
17.004 839.6248 34.5963
17.014 839.6260 34.5966
17.024 839.6303 34.5981
17.034 839.6393 34.5975
17.044 839.5997 34.5939
17.054 839.6150 34.5931
17.064 839.6102 34.5962
17.074 839.6069 34.5947
17.084 839.5797 34.5921
17.094 839.6639 34.5939
17.104 839.6398 34.5954
17.114 839.6411 34.5968
17.124 839.6002 34.5975
17.134 839.6224 34.5951
17.144 839.6254 34.5954
17.154 839.6195 34.5978
17.164 839.6226 34.5975
17.174 839.6281 34.5982
17.184 839.6297 34.5964
17.194 839.6218 34.5963
17.204 839.6107 34.5978
17.214 839.6343 34.5950
17.224 839.6025 34.5959
17.234 839.6311 34.5981
17.244 839.6148 34.5979
17.254 839.6644 34.5979
17.264 839.6389 34.5974
17.274 839.6460 34.5955
17.284 839.6064 34.5936
17.294 839.6093 34.5955
17.304 839.6304 34.5960
17.314 839.6404 34.5958
17.324 839.6617 34.5981
17.334 839.6390 34.5997
17.344 839.6839 34.6001
17.354 839.6066 34.5990
17.364 839.6206 34.5983
17.374 839.6270 34.5990
17.384 839.6039 34.5986
17.394 839.6231 34.5970
17.404 839.6506 34.5975
17.414 839.6355 34.5995
17.424 839.6243 34.5983
17.434 839.6316 34.5973
17.444 839.6314 34.5973
17.454 839.6586 34.5981
17.464 839.6083 34.6000
17.474 839.6338 34.6001
17.484 839.6594 34.5993
17.494 839.6177 34.5994
17.504 839.6276 34.5985
17.514 839.6260 34.5989
17.524 839.6301 34.5981
17.534 839.6848 34.5983
17.544 839.6126 34.6013
17.554 839.6039 34.5986
17.564 839.6456 34.5970
17.574 839.6547 34.5989
17.584 839.6353 34.5989
17.594 839.6354 34.5982
17.604 839.6323 34.6001
17.614 839.6475 34.5994
17.624 839.6330 34.5998
17.634 839.6259 34.5989
17.644 839.6292 34.5971
17.654 839.6013 34.5970
17.664 839.6784 34.5966
17.674 839.6333 34.5981
17.684 839.6613 34.6000
17.694 839.6052 34.5977
17.704 839.6521 34.5967
17.714 839.6401 34.5985
17.724 839.6108 34.5970
17.734 839.6196 34.5959
17.744 839.6560 34.5958
17.754 839.6272 34.5959
17.764 839.6088 34.5978
17.774 839.6222 34.5994
17.784 839.6124 34.5998
17.794 839.6788 34.6004
17.804 839.6354 34.6001
17.814 839.6491 34.6001
17.824 839.6454 34.5997
17.834 839.6178 34.6024
17.844 839.6254 34.6031
17.854 839.6169 34.6005
17.864 839.6371 34.6017
17.874 839.6295 34.6018
17.884 839.6373 34.6008
17.894 839.6530 34.6010
17.904 839.6355 34.6008
17.914 839.6302 34.6010
17.924 839.6165 34.5993
17.934 839.6190 34.5987
17.944 839.6437 34.6018
17.954 839.6345 34.6033
17.964 839.6530 34.6014
17.974 839.6197 34.6008
17.984 839.6241 34.6013
17.994 839.6405 34.5981
18.004 839.6326 34.5990
18.014 839.6291 34.6005
18.024 839.6555 34.5987
18.034 839.6411 34.5993
18.044 839.6295 34.6002
18.054 839.6486 34.6008
18.064 839.6321 34.6004
18.074 839.6233 34.6002
18.084 839.6547 34.6004
18.094 839.6129 34.5998
18.104 839.6347 34.5997
18.114 839.6319 34.6006
18.124 839.6467 34.6010
18.134 839.6076 34.6021
18.144 839.6043 34.6016
18.154 839.6467 34.6017
18.164 839.6242 34.6021
18.174 839.6333 34.6017
18.184 839.6752 34.6026
18.194 839.6260 34.6010
18.204 839.6254 34.5990
18.214 839.6205 34.6005
18.224 839.6292 34.6008
18.234 839.6295 34.6006
18.244 839.6274 34.6008
18.254 839.6323 34.6006
18.264 839.6681 34.6004
18.274 839.6145 34.5993
18.284 839.6348 34.6005
18.294 839.6131 34.6025
18.304 839.6795 34.6025
18.314 839.6161 34.6022
18.324 839.6151 34.6013
18.334 839.6325 34.6017
18.344 839.6527 34.6032
18.354 839.6301 34.6033
18.364 839.6456 34.6010
18.374 839.6181 34.5989
18.384 839.6192 34.6005
18.394 839.6262 34.6010
18.404 839.6220 34.6009
18.414 839.6260 34.6006
18.424 839.6058 34.6017
18.434 839.6144 34.6016
18.444 839.6529 34.6022
18.454 839.6101 34.6025
18.464 839.6304 34.6001
18.474 839.6496 34.6021
18.484 839.6363 34.6036
18.494 839.6272 34.6014
18.504 839.6332 34.6014
18.514 839.6463 34.6017
18.524 839.6652 34.6037
18.534 839.6486 34.6051
18.544 839.6610 34.6040
18.554 839.6481 34.6012
18.564 839.6402 34.6001
18.574 839.6279 34.6025
18.584 839.6092 34.6026
18.594 839.6167 34.6024
18.604 839.6270 34.6016
18.614 839.6072 34.6013
18.624 839.6266 34.6022
18.634 839.6194 34.6029
18.644 839.6410 34.6029
18.654 839.6368 34.6029
18.664 839.6526 34.6044
18.674 839.6662 34.6051
18.684 839.6347 34.6037
18.694 839.6160 34.6016
18.704 839.6137 34.5994
18.714 839.6341 34.6001
18.724 839.6125 34.6031
18.734 839.5977 34.6049
18.744 839.5967 34.6039
18.754 839.6285 34.6033
18.764 839.5900 34.6048
18.774 839.6155 34.6036
18.784 839.6265 34.6028
18.794 839.6448 34.6020
18.804 839.6387 34.6012
18.814 839.6586 34.6026
18.824 839.6328 34.6026
18.834 839.6265 34.6033
18.844 839.6454 34.6047
18.854 839.6500 34.6060
18.864 839.6278 34.6056
18.874 839.6333 34.6053
18.884 839.6427 34.6063
18.894 839.6305 34.6047
18.904 839.6395 34.6040
18.914 839.6219 34.6058
18.924 839.5987 34.6051
18.934 839.6488 34.6035
18.944 839.6205 34.6032
18.954 839.6343 34.6044
18.964 839.6251 34.6059
18.974 839.6373 34.6040
18.984 839.6233 34.6010
18.994 839.6518 34.6004
19.004 839.6538 34.6020
19.014 839.6488 34.6039
19.024 839.6144 34.6068
19.034 839.6398 34.6086
19.044 839.6324 34.6068
19.054 839.6295 34.6049
19.064 839.6259 34.6044
19.074 839.6199 34.6035
19.084 839.6174 34.6032
19.094 839.6087 34.6047
19.104 839.6074 34.6048
19.114 839.6317 34.6051
19.124 839.6220 34.6055
19.134 839.6277 34.6043
19.144 839.6423 34.6044
19.154 839.6395 34.6026
19.164 839.6364 34.6031
19.174 839.6464 34.6060
19.184 839.6281 34.6056
19.194 839.6455 34.6055
19.204 839.6579 34.6070
19.214 839.6383 34.6068
19.224 839.6214 34.6070
19.234 839.6115 34.6058
19.244 839.6473 34.6053
19.254 839.6198 34.6043
19.264 839.6464 34.6022
19.274 839.6410 34.6056
19.284 839.6285 34.6056
19.294 839.6326 34.6039
19.304 839.6362 34.6041
19.314 839.6040 34.6041
19.324 839.6229 34.6043
19.334 839.6124 34.6047
19.344 839.6401 34.6058
19.354 839.6590 34.6079
19.364 839.6421 34.6083
19.374 839.6419 34.6071
19.384 839.6256 34.6070
19.394 839.5935 34.6070
19.404 839.6385 34.6063
19.414 839.6029 34.6062
19.424 839.6448 34.6064
19.434 839.6292 34.6075
19.444 839.6083 34.6070
19.454 839.6278 34.6064
19.464 839.6487 34.6080
19.474 839.6512 34.6086
19.484 839.6169 34.6071
19.494 839.6378 34.6044
19.504 839.6177 34.6049
19.514 839.6421 34.6048
19.524 839.6323 34.6071
19.534 839.6555 34.6067
19.544 839.6365 34.6066
19.554 839.6070 34.6070
19.564 839.6081 34.6031
19.574 839.6351 34.6045
19.584 839.6261 34.6063
19.594 839.6535 34.6063
19.604 839.6237 34.6074
19.614 839.6184 34.6087
19.624 839.6344 34.6070
19.634 839.5958 34.6068
19.644 839.6551 34.6083
19.654 839.6449 34.6082
19.664 839.6329 34.6094
19.674 839.6258 34.6106
19.684 839.6126 34.6098
19.694 839.6235 34.6086
19.704 839.6471 34.6095
19.714 839.6325 34.6114
19.724 839.6150 34.6095
19.734 839.6161 34.6062
19.744 839.6523 34.6076
19.754 839.6135 34.6086
19.764 839.6209 34.6072
19.774 839.6199 34.6064
19.784 839.5901 34.6059
19.794 839.6451 34.6082
19.804 839.6145 34.6086
19.814 839.6541 34.6068
19.824 839.6012 34.6076
19.834 839.6370 34.6083
19.844 839.6368 34.6072
19.854 839.6343 34.6080
19.864 839.6337 34.6086
19.874 839.6051 34.6074
19.884 839.6448 34.6084
19.894 839.6287 34.6084
19.904 839.6297 34.6067
19.914 839.6368 34.6063
19.924 839.5893 34.6053
19.934 839.6285 34.6051
19.944 839.6160 34.6048
19.954 839.6495 34.6058
19.964 839.6433 34.6090
19.974 839.6015 34.6086
19.984 839.6227 34.6084
19.994 839.6373 34.6091
20.004 839.6266 34.6083
20.014 839.6222 34.6093
20.024 839.6420 34.6098
20.034 839.6234 34.6089
20.044 839.6182 34.6086
20.054 839.6409 34.6078
20.064 839.6224 34.6074
20.074 839.6214 34.6090
20.084 839.6511 34.6094
20.094 839.6100 34.6062
20.104 839.6162 34.6055
20.114 839.6185 34.6086
20.124 839.5915 34.6089
20.134 839.6093 34.6098
20.144 839.6162 34.6097
20.154 839.6459 34.6086
20.164 839.6254 34.6090
20.174 839.5892 34.6078
20.184 839.6260 34.6095
20.194 839.6414 34.6117
20.204 839.6411 34.6103
20.214 839.6435 34.6075
20.224 839.6096 34.6078
20.234 839.6418 34.6098
20.244 839.6269 34.6087
20.254 839.6139 34.6067
20.264 839.6365 34.6093
20.274 839.6053 34.6106
20.284 839.5929 34.6076
20.294 839.6190 34.6078
20.304 839.6584 34.6082
20.314 839.6313 34.6107
20.324 839.6052 34.6098
20.334 839.6215 34.6067
20.344 839.6235 34.6067
20.354 839.6472 34.6068
20.364 839.6319 34.6087
20.374 839.6380 34.6083
20.384 839.6189 34.6095
20.394 839.6316 34.6099
20.404 839.6400 34.6072
20.414 839.6535 34.6087
20.424 839.6187 34.6101
20.434 839.6270 34.6107
20.444 839.6151 34.6113
20.454 839.6325 34.6080
20.464 839.6270 34.6059
20.474 839.6296 34.6076
20.484 839.6299 34.6090
20.494 839.6243 34.6118
20.504 839.6260 34.6126
20.514 839.6072 34.6117
20.524 839.6704 34.6122
20.534 839.6242 34.6113
20.544 839.6281 34.6117
20.554 839.6460 34.6128
20.564 839.5914 34.6136
20.574 839.6341 34.6116
20.584 839.6529 34.6094
20.594 839.6029 34.6089
20.604 839.6290 34.6101
20.614 839.6256 34.6105
20.624 839.6152 34.6097
20.634 839.5916 34.6090
20.644 839.6119 34.6080
20.654 839.6122 34.6064
20.664 839.6040 34.6075
20.674 839.6268 34.6106
20.684 839.6121 34.6084
20.694 839.6256 34.6093
20.704 839.6152 34.6106
20.714 839.6050 34.6090
20.724 839.6303 34.6102
20.734 839.6174 34.6111
20.744 839.6115 34.6110
20.754 839.6301 34.6117
20.764 839.6113 34.6110
20.774 839.6259 34.6116
20.784 839.6239 34.6107
20.794 839.6469 34.6079
20.804 839.6109 34.6086
20.814 839.6256 34.6105
20.824 839.6169 34.6106
20.834 839.6010 34.6080
20.844 839.6099 34.6091
20.854 839.6043 34.6109
20.864 839.6204 34.6117
20.874 839.6027 34.6125
20.884 839.6573 34.6109
20.894 839.6291 34.6129
20.904 839.6079 34.6151
20.914 839.6335 34.6144
20.924 839.6266 34.6118
20.934 839.6180 34.6093
20.944 839.6096 34.6122
20.954 839.6155 34.6134
20.964 839.6086 34.6101
20.974 839.6291 34.6111
20.984 839.6402 34.6124
20.994 839.6075 34.6116
21.004 839.6599 34.6133
21.014 839.6086 34.6124
21.024 839.6411 34.6111
21.034 839.6598 34.6129
21.044 839.6176 34.6114
21.054 839.6471 34.6102
21.064 839.6118 34.6105
21.074 839.6070 34.6118
21.084 839.6500 34.6130
21.094 839.6292 34.6120
21.104 839.6465 34.6133
21.114 839.6224 34.6129
21.124 839.6049 34.6126
21.134 839.6266 34.6129
21.144 839.6216 34.6102
21.154 839.6712 34.6122
21.164 839.6146 34.6126
21.174 839.6315 34.6114
21.184 839.6313 34.6126
21.194 839.6167 34.6134
21.204 839.6388 34.6152
21.214 839.6351 34.6172
21.224 839.6074 34.6163
21.234 839.6408 34.6151
21.244 839.6007 34.6128
21.254 839.6072 34.6117
21.264 839.6119 34.6122
21.274 839.6235 34.6101
21.284 839.6087 34.6132
21.294 839.6192 34.6157
21.304 839.6355 34.6147
21.314 839.6192 34.6147
21.324 839.6526 34.6137
21.334 839.6290 34.6151
21.344 839.6090 34.6168
21.354 839.6302 34.6159
21.364 839.6170 34.6165
21.374 839.6294 34.6163
21.384 839.6381 34.6161
21.394 839.6382 34.6151
21.404 839.6301 34.6133
21.414 839.6006 34.6147
21.424 839.6190 34.6144
21.434 839.6334 34.6145
21.444 839.6116 34.6145
21.454 839.6117 34.6153
21.464 839.6156 34.6145
21.474 839.5881 34.6110
21.484 839.6124 34.6126
21.494 839.6036 34.6157
21.504 839.6285 34.6159
21.514 839.6481 34.6138
21.524 839.6292 34.6137
21.534 839.6194 34.6160
21.544 839.6422 34.6165
21.554 839.6466 34.6144
21.564 839.5814 34.6138
21.574 839.6267 34.6129
21.584 839.5940 34.6138
21.594 839.6418 34.6156
21.604 839.6287 34.6160
21.614 839.6170 34.6167
21.624 839.6477 34.6153
21.634 839.6268 34.6153
21.644 839.6103 34.6157
21.654 839.6389 34.6156
21.664 839.6047 34.6155
21.674 839.6531 34.6174
21.684 839.5935 34.6180
21.694 839.5962 34.6153
21.704 839.6072 34.6140
21.714 839.6290 34.6159
21.724 839.6214 34.6168
21.734 839.6209 34.6157
21.744 839.6444 34.6164
21.754 839.6203 34.6191
21.764 839.6217 34.6179
21.774 839.6176 34.6168
21.784 839.6140 34.6165
21.794 839.6207 34.6165
21.804 839.6284 34.6163
21.814 839.6490 34.6165
21.824 839.6229 34.6160
21.834 839.5911 34.6147
21.844 839.6484 34.6141
21.854 839.6162 34.6138
21.864 839.6225 34.6149
21.874 839.6375 34.6172
21.884 839.6317 34.6165
21.894 839.6258 34.6155
21.904 839.6225 34.6188
21.914 839.6035 34.6199
21.924 839.6196 34.6176
21.934 839.6058 34.6157
21.944 839.5927 34.6179
21.954 839.6194 34.6149
21.964 839.6028 34.6129
21.974 839.6385 34.6155
21.984 839.6376 34.6161
21.994 839.6203 34.6184
22.004 839.5985 34.6179
22.014 839.6216 34.6169
22.024 839.6291 34.6186
22.034 839.6232 34.6187
22.044 839.6085 34.6194
22.054 839.6193 34.6192
22.064 839.6090 34.6183
22.074 839.6256 34.6195
22.084 839.6065 34.6206
22.094 839.6217 34.6174
22.104 839.6187 34.6159
22.114 839.6311 34.6180
22.124 839.6261 34.6179
22.134 839.5841 34.6163
22.144 839.5934 34.6142
22.154 839.6288 34.6144
22.164 839.6177 34.6176
22.174 839.6662 34.6184
22.184 839.6279 34.6174
22.194 839.6067 34.6163
22.204 839.6420 34.6156
22.214 839.6026 34.6152
22.224 839.6620 34.6163
22.234 839.6426 34.6198
22.244 839.6370 34.6200
22.254 839.6200 34.6199
22.264 839.6132 34.6178
22.274 839.6292 34.6161
22.284 839.6351 34.6196
22.294 839.6334 34.6199
22.304 839.6227 34.6172
22.314 839.6517 34.6164
22.324 839.5991 34.6164
22.334 839.6458 34.6182
22.344 839.6209 34.6180
22.354 839.6271 34.6164
22.364 839.6018 34.6195
22.374 839.6474 34.6195
22.384 839.6231 34.6179
22.394 839.6265 34.6175
22.404 839.6266 34.6156
22.414 839.6179 34.6165
22.424 839.6409 34.6203
22.434 839.6226 34.6210
22.444 839.6391 34.6182
22.454 839.6224 34.6174
22.464 839.6457 34.6180
22.474 839.6239 34.6161
22.484 839.6001 34.6152
22.494 839.6275 34.6178
22.504 839.6864 34.6215
22.514 839.6473 34.6221
22.524 839.6179 34.6196
22.534 839.6222 34.6176
22.544 839.6500 34.6161
22.554 839.6513 34.6183
22.564 839.6384 34.6190
22.574 839.6374 34.6188
22.584 839.6004 34.6192
22.594 839.6552 34.6179
22.604 839.6193 34.6182
22.614 839.6244 34.6183
22.624 839.6215 34.6209
22.634 839.6596 34.6203
22.644 839.6405 34.6186
22.654 839.6596 34.6217
22.664 839.6309 34.6195
22.674 839.6238 34.6187
22.684 839.6523 34.6206
22.694 839.6539 34.6186
22.704 839.5896 34.6184
22.714 839.6684 34.6188
22.724 839.6554 34.6221
22.734 839.6107 34.6246
22.744 839.6142 34.6240
22.754 839.6282 34.6230
22.764 839.6104 34.6200
22.774 839.6382 34.6175
22.784 839.6343 34.6187
22.794 839.6151 34.6195
22.804 839.6291 34.6207
22.814 839.6049 34.6223
22.824 839.6192 34.6192
22.834 839.6199 34.6174
22.844 839.6132 34.6168
22.854 839.6386 34.6171
22.864 839.6451 34.6180
22.874 839.6389 34.6186
22.884 839.6366 34.6218
22.894 839.6330 34.6215
22.904 839.6100 34.6188
22.914 839.6243 34.6191
22.924 839.6366 34.6199
22.934 839.6092 34.6215
22.944 839.6244 34.6214
22.954 839.6228 34.6209
22.964 839.6224 34.6210
22.974 839.6172 34.6217
22.984 839.6098 34.6218
22.994 839.6320 34.6199
23.004 839.6228 34.6192
23.014 839.6554 34.6210
23.024 839.5752 34.6210
23.034 839.6391 34.6198
23.044 839.6237 34.6210
23.054 839.6120 34.6223
23.064 839.6212 34.6210
23.074 839.5969 34.6192
23.084 839.6378 34.6198
23.094 839.6101 34.6203
23.104 839.6010 34.6200
23.114 839.6062 34.6191
23.124 839.6417 34.6190
23.134 839.6224 34.6214
23.144 839.6076 34.6217
23.154 839.6076 34.6206
23.164 839.6076 34.6215
23.174 839.6178 34.6215
23.184 839.6126 34.6221
23.194 839.5995 34.6222
23.204 839.6295 34.6229
23.214 839.6010 34.6234
23.224 839.6431 34.6227
23.234 839.6245 34.6221
23.244 839.6222 34.6227
23.254 839.5871 34.6225
23.264 839.6574 34.6230
23.274 839.6128 34.6238
23.284 839.6309 34.6214
23.294 839.6230 34.6250
23.304 839.6069 34.6265
23.314 839.6564 34.6221
23.324 839.6312 34.6215
23.334 839.6190 34.6225
23.344 839.5980 34.6245
23.354 839.6241 34.6230
23.364 839.6075 34.6207
23.374 839.6555 34.6223
23.384 839.6333 34.6229
23.394 839.5884 34.6226
23.404 839.6143 34.6227
23.414 839.6281 34.6213
23.424 839.6231 34.6218
23.434 839.6115 34.6238
23.444 839.6551 34.6244
23.454 839.6397 34.6245
23.464 839.6075 34.6222
23.474 839.6246 34.6223
23.484 839.6411 34.6237
23.494 839.6287 34.6229
23.504 839.6297 34.6230
23.514 839.6411 34.6226
23.524 839.6163 34.6229
23.534 839.6234 34.6232
23.544 839.6078 34.6213
23.554 839.6299 34.6234
23.564 839.6278 34.6254
23.574 839.6537 34.6244
23.584 839.6328 34.6256
23.594 839.6159 34.6260
23.604 839.6471 34.6248
23.614 839.6434 34.6241
23.624 839.6238 34.6232
23.634 839.5980 34.6233
23.644 839.6083 34.6267
23.654 839.6282 34.6264
23.664 839.6396 34.6237
23.674 839.6550 34.6240
23.684 839.6382 34.6263
23.694 839.6270 34.6260
23.704 839.6377 34.6249
23.714 839.6136 34.6267
23.724 839.6097 34.6245
23.734 839.6357 34.6244
23.744 839.6250 34.6265
23.754 839.6551 34.6257
23.764 839.6480 34.6245
23.774 839.6269 34.6264
23.784 839.6539 34.6294
23.794 839.6427 34.6284
23.804 839.6434 34.6273
23.814 839.6271 34.6268
23.824 839.6359 34.6222
23.834 839.6223 34.6230
23.844 839.6365 34.6271
23.854 839.6502 34.6269
23.864 839.6004 34.6248
23.874 839.6782 34.6242
23.884 839.6274 34.6261
23.894 839.6124 34.6269
23.904 839.6263 34.6257
23.914 839.6679 34.6254
23.924 839.6454 34.6264
23.934 839.6790 34.6260
23.944 839.5864 34.6256
23.954 839.6376 34.6236
23.964 839.6452 34.6248
23.974 839.6270 34.6268
23.984 839.6189 34.6285
23.994 839.6305 34.6299
24.004 839.6475 34.6303
24.014 839.6148 34.6288
24.024 839.6237 34.6269
24.034 839.6314 34.6287
24.044 839.6208 34.6280
24.054 839.6383 34.6281
24.064 839.6395 34.6269
24.074 839.6236 34.6257
24.084 839.6266 34.6268
24.094 839.6369 34.6256
24.104 839.6211 34.6253
24.114 839.6338 34.6256
24.124 839.6168 34.6256
24.134 839.6367 34.6261
24.144 839.6481 34.6271
24.154 839.6051 34.6273
24.164 839.6364 34.6257
24.174 839.6119 34.6260
24.184 839.6184 34.6291
24.194 839.6420 34.6296
24.204 839.6265 34.6288
24.214 839.6312 34.6283
24.224 839.6690 34.6288
24.234 839.6241 34.6296
24.244 839.6196 34.6271
24.254 839.6284 34.6257
24.264 839.6132 34.6292
24.274 839.6231 34.6271
24.284 839.6202 34.6248
24.294 839.6061 34.6269
24.304 839.6472 34.6280
24.314 839.6041 34.6287
24.324 839.6262 34.6288
24.334 839.5978 34.6281
24.344 839.5954 34.6275
24.354 839.6029 34.6272
24.364 839.5954 34.6273
24.374 839.6260 34.6272
24.384 839.6491 34.6253
24.394 839.6388 34.6260
24.404 839.6476 34.6272
24.414 839.6361 34.6271
24.424 839.6648 34.6285
24.434 839.6325 34.6294
24.444 839.6353 34.6259
24.454 839.6164 34.6254
24.464 839.6057 34.6277
24.474 839.5998 34.6260
24.484 839.6069 34.6240
24.494 839.6434 34.6257
24.504 839.6389 34.6268
24.514 839.6353 34.6254
24.524 839.6353 34.6254
24.534 839.6226 34.6254
24.544 839.6452 34.6272
24.554 839.6422 34.6295
24.564 839.6209 34.6280
24.574 839.6224 34.6264
24.584 839.6234 34.6280
24.594 839.6484 34.6285
24.604 839.5826 34.6275
24.614 839.6270 34.6280
24.624 839.6609 34.6276
24.634 839.6177 34.6256
24.644 839.6098 34.6248
24.654 839.6181 34.6290
24.664 839.6102 34.6295
24.674 839.6337 34.6273
24.684 839.6043 34.6273
24.694 839.6659 34.6280
24.704 839.6487 34.6299
24.714 839.6155 34.6285
24.724 839.6255 34.6291
24.734 839.6305 34.6314
24.744 839.6132 34.6294
24.754 839.6265 34.6298
24.764 839.6292 34.6283
24.774 839.6392 34.6269
24.784 839.6271 34.6283
24.794 839.6345 34.6295
24.804 839.6305 34.6314
24.814 839.6137 34.6294
24.824 839.6357 34.6291
24.834 839.5938 34.6275
24.844 839.6293 34.6291
24.854 839.6340 34.6315
24.864 839.6179 34.6284
24.874 839.6428 34.6276
24.884 839.6495 34.6292
24.894 839.6021 34.6290
24.904 839.6325 34.6296
24.914 839.6325 34.6322
24.924 839.6276 34.6322
24.934 839.5913 34.6288
24.944 839.6198 34.6269
24.954 839.6216 34.6285
24.964 839.6258 34.6285
24.974 839.6317 34.6288
24.984 839.6207 34.6291
24.994 839.6161 34.6299
25.004 839.6005 34.6303
25.014 839.6441 34.6298
25.024 839.6184 34.6290
25.034 839.6330 34.6296
25.044 839.6375 34.6315
25.054 839.6417 34.6302
25.064 839.6420 34.6314
25.074 839.6159 34.6315
25.084 839.6043 34.6284
25.094 839.6177 34.6280
25.104 839.6087 34.6284
25.114 839.6327 34.6284
25.124 839.6271 34.6277
25.134 839.6217 34.6295
25.144 839.6174 34.6295
25.154 839.6251 34.6273
25.164 839.6444 34.6303
25.174 839.6333 34.6327
25.184 839.6148 34.6290
25.194 839.6120 34.6269
25.204 839.6061 34.6273
25.214 839.5999 34.6280
25.224 839.6066 34.6312
25.234 839.6514 34.6310
25.244 839.6398 34.6299
25.254 839.6336 34.6304
25.264 839.6264 34.6300
25.274 839.6321 34.6300
25.284 839.6338 34.6302
25.294 839.6236 34.6292
25.304 839.6389 34.6304
25.314 839.6327 34.6318
25.324 839.6137 34.6314
25.334 839.6416 34.6327
25.344 839.6378 34.6331
25.354 839.6404 34.6312
25.364 839.6448 34.6307
25.374 839.6428 34.6311
25.384 839.6333 34.6319
25.394 839.6268 34.6326
25.404 839.5888 34.6321
25.414 839.6743 34.6321
25.424 839.6255 34.6323
25.434 839.6228 34.6314
25.444 839.6301 34.6300
25.454 839.5865 34.6283
25.464 839.6397 34.6281
25.474 839.6390 34.6285
25.484 839.5933 34.6291
25.494 839.6282 34.6298
25.504 839.6250 34.6300
25.514 839.6052 34.6294
25.524 839.5972 34.6267
25.534 839.6136 34.6299
25.544 839.6160 34.6318
25.554 839.6317 34.6294
25.564 839.6412 34.6318
25.574 839.6516 34.6348
25.584 839.6486 34.6327
25.594 839.6408 34.6303
25.604 839.6352 34.6327
25.614 839.6266 34.6335
25.624 839.6111 34.6329
25.634 839.6274 34.6333
25.644 839.6198 34.6333
25.654 839.6219 34.6322
25.664 839.6413 34.6323
25.674 839.6421 34.6321
25.684 839.6428 34.6325
25.694 839.5929 34.6346
25.704 839.6438 34.6341
25.714 839.6319 34.6352
25.724 839.6597 34.6346
25.734 839.6427 34.6331
25.744 839.5966 34.6337
25.754 839.6363 34.6350
25.764 839.6470 34.6350
25.774 839.6241 34.6331
25.784 839.6342 34.6334
25.794 839.6440 34.6339
25.804 839.6301 34.6334
25.814 839.6446 34.6310
25.824 839.6342 34.6319
25.834 839.6026 34.6339
25.844 839.6331 34.6326
25.854 839.6013 34.6334
25.864 839.6153 34.6329
25.874 839.6241 34.6335
25.884 839.5925 34.6343
25.894 839.6378 34.6321
25.904 839.6288 34.6339
25.914 839.6056 34.6339
25.924 839.6328 34.6314
25.934 839.6224 34.6323
25.944 839.6235 34.6317
25.954 839.5910 34.6322
25.964 839.6717 34.6331
25.974 839.6143 34.6346
25.984 839.6570 34.6339
25.994 839.6377 34.6318
26.004 839.6323 34.6330
26.014 839.6165 34.6330
26.024 839.6360 34.6323
26.034 839.5942 34.6303
26.044 839.6223 34.6311
26.054 839.6194 34.6343
26.064 839.6192 34.6329
26.074 839.6242 34.6310
26.084 839.6135 34.6317
26.094 839.6220 34.6299
26.104 839.6296 34.6306
26.114 839.6361 34.6343
26.124 839.6481 34.6349
26.134 839.6514 34.6337
26.144 839.6021 34.6335
26.154 839.6081 34.6333
26.164 839.5919 34.6308
26.174 839.6425 34.6318
26.184 839.6394 34.6345
26.194 839.6512 34.6348
26.204 839.5920 34.6334
26.214 839.6233 34.6300
26.224 839.6326 34.6303
26.234 839.6402 34.6331
26.244 839.6205 34.6352
26.254 839.6296 34.6343
26.264 839.6126 34.6343
26.274 839.6381 34.6358
26.284 839.6343 34.6350
26.294 839.6298 34.6349
26.304 839.6628 34.6345
26.314 839.6727 34.6365
26.324 839.6102 34.6379
26.334 839.6192 34.6346
26.344 839.5972 34.6337
26.354 839.6430 34.6335
26.364 839.6143 34.6348
26.374 839.6208 34.6366
26.384 839.6217 34.6345
26.394 839.5943 34.6331
26.404 839.5963 34.6330
26.414 839.6261 34.6322
26.424 839.6055 34.6326
26.434 839.6081 34.6331
26.444 839.5995 34.6335
26.454 839.6017 34.6365
26.464 839.6137 34.6349
26.474 839.6293 34.6300
26.484 839.6212 34.6315
26.494 839.6372 34.6365
26.504 839.6458 34.6364
26.514 839.6101 34.6334
26.524 839.6356 34.6327
26.534 839.6253 34.6356
26.544 839.6312 34.6358
26.554 839.6175 34.6352
26.564 839.6236 34.6356
26.574 839.6297 34.6377
26.584 839.6490 34.6399
26.594 839.6314 34.6350
26.604 839.6231 34.6343
26.614 839.6267 34.6375
26.624 839.6193 34.6375
26.634 839.6360 34.6346
26.644 839.6100 34.6339
26.654 839.6296 34.6345
26.664 839.6367 34.6343
26.674 839.6043 34.6370
26.684 839.6185 34.6353
26.694 839.6326 34.6352
26.704 839.6280 34.6368
26.714 839.6214 34.6372
26.724 839.6321 34.6384
26.734 839.6485 34.6365
26.744 839.6266 34.6357
26.754 839.6285 34.6356
26.764 839.6155 34.6338
26.774 839.6126 34.6327
26.784 839.5969 34.6349
26.794 839.5964 34.6361
26.804 839.6033 34.6358
26.814 839.6057 34.6357
26.824 839.6207 34.6360
26.834 839.6209 34.6362
26.844 839.6122 34.6354
26.854 839.6412 34.6338
26.864 839.6073 34.6375
26.874 839.6336 34.6404
26.884 839.6365 34.6364
26.894 839.6142 34.6369
26.904 839.5849 34.6393
26.914 839.6215 34.6383
26.924 839.6272 34.6366
26.934 839.6473 34.6377
26.944 839.6287 34.6396
26.954 839.6258 34.6393
26.964 839.6309 34.6388
26.974 839.6447 34.6387
26.984 839.6209 34.6365
26.994 839.6280 34.6354
27.004 839.6424 34.6372
27.014 839.6254 34.6372
27.024 839.6293 34.6377
27.034 839.6277 34.6379
27.044 839.6092 34.6370
27.054 839.6125 34.6377
27.064 839.6158 34.6376
27.074 839.6033 34.6365
27.084 839.6145 34.6357
27.094 839.6221 34.6368
27.104 839.6374 34.6379
27.114 839.6408 34.6383
27.124 839.6049 34.6391
27.134 839.6183 34.6419
27.144 839.6275 34.6450
27.154 839.6400 34.6406
27.164 839.6375 34.6387
27.174 839.5900 34.6401
27.184 839.6469 34.6372
27.194 839.6178 34.6385
27.204 839.6210 34.6393
27.214 839.6111 34.6400
27.224 839.5970 34.6396
27.234 839.6242 34.6370
27.244 839.6074 34.6389
27.254 839.6141 34.6377
27.264 839.5946 34.6348
27.274 839.6298 34.6358
27.284 839.6030 34.6372
27.294 839.6121 34.6383
27.304 839.6238 34.6392
27.314 839.5899 34.6369
27.324 839.6491 34.6362
27.334 839.6352 34.6369
27.344 839.6154 34.6372
27.354 839.6354 34.6381
27.364 839.6319 34.6400
27.374 839.5983 34.6410
27.384 839.6347 34.6377
27.394 839.6008 34.6369
27.404 839.6402 34.6362
27.414 839.6329 34.6352
27.424 839.6081 34.6369
27.434 839.5883 34.6372
27.444 839.6091 34.6381
27.454 839.6145 34.6395
27.464 839.6259 34.6395
27.474 839.6510 34.6397
27.484 839.6017 34.6406
27.494 839.6042 34.6385
27.504 839.6189 34.6370
27.514 839.6120 34.6399
27.524 839.6254 34.6410
27.534 839.6312 34.6377
27.544 839.6490 34.6388
27.554 839.6326 34.6414
27.564 839.6194 34.6404
27.574 839.6390 34.6392
27.584 839.6521 34.6391
27.594 839.6212 34.6384
27.604 839.6137 34.6392
27.614 839.6395 34.6427
27.624 839.6238 34.6430
27.634 839.6064 34.6396
27.644 839.6386 34.6381
27.654 839.6107 34.6407
27.664 839.6344 34.6403
27.674 839.6197 34.6395
27.684 839.6337 34.6403
27.694 839.5975 34.6410
27.704 839.6112 34.6410
27.714 839.6193 34.6406
27.724 839.6366 34.6419
27.734 839.6500 34.6415
27.744 839.6303 34.6410
27.754 839.6038 34.6411
27.764 839.6028 34.6423
27.774 839.6346 34.6418
27.784 839.5992 34.6396
27.794 839.5970 34.6391
27.804 839.6247 34.6407
27.814 839.6186 34.6410
27.824 839.6184 34.6388
27.834 839.5933 34.6406
27.844 839.6310 34.6434
27.854 839.5937 34.6423
27.864 839.5852 34.6408
27.874 839.6214 34.6420
27.884 839.6205 34.6420
27.894 839.6042 34.6407
27.904 839.6102 34.6397
27.914 839.6177 34.6383
27.924 839.6532 34.6375
27.934 839.6307 34.6399
27.944 839.6305 34.6422
27.954 839.6182 34.6430
27.964 839.6257 34.6414
27.974 839.6229 34.6406
27.984 839.6217 34.6419
27.994 839.6415 34.6431
28.004 839.6210 34.6422
28.014 839.6654 34.6410
28.024 839.6525 34.6406
28.034 839.6557 34.6404
28.044 839.6479 34.6411
28.054 839.6051 34.6408
28.064 839.6370 34.6420
28.074 839.6160 34.6435
28.084 839.6241 34.6430
28.094 839.6283 34.6407
28.104 839.6142 34.6419
28.114 839.6009 34.6430
28.124 839.6174 34.6408
28.134 839.6257 34.6400
28.144 839.6212 34.6406
28.154 839.6249 34.6401
28.164 839.6162 34.6401
28.174 839.5978 34.6412
28.184 839.6533 34.6411
28.194 839.6125 34.6435
28.204 839.6697 34.6439
28.214 839.6128 34.6427
28.224 839.6017 34.6441
28.234 839.6389 34.6449
28.244 839.6076 34.6445
28.254 839.6120 34.6442
28.264 839.6401 34.6437
28.274 839.5891 34.6442
28.284 839.6440 34.6449
28.294 839.6351 34.6434
28.304 839.6134 34.6426
28.314 839.5865 34.6416
28.324 839.6356 34.6418
28.334 839.6023 34.6419
28.344 839.6505 34.6424
28.354 839.6510 34.6439
28.364 839.6367 34.6442
28.374 839.6220 34.6434
28.384 839.6217 34.6433
28.394 839.6336 34.6458
28.404 839.6177 34.6464
28.414 839.6495 34.6447
28.424 839.6476 34.6453
28.434 839.5992 34.6443
28.444 839.6073 34.6418
28.454 839.6464 34.6431
28.464 839.6295 34.6446
28.474 839.6081 34.6434
28.484 839.5950 34.6435
28.494 839.6121 34.6415
28.504 839.6318 34.6419
28.514 839.6274 34.6437
28.524 839.6546 34.6433
28.534 839.6247 34.6442
28.544 839.6446 34.6446
28.554 839.6405 34.6455
28.564 839.6454 34.6426
28.574 839.6045 34.6387
28.584 839.6278 34.6408
28.594 839.6469 34.6443
28.604 839.6497 34.6449
28.614 839.6334 34.6445
28.624 839.6379 34.6435
28.634 839.6504 34.6449
28.644 839.5978 34.6466
28.654 839.6112 34.6438
28.664 839.6375 34.6433
28.674 839.5936 34.6438
28.684 839.6292 34.6435
28.694 839.6276 34.6423
28.704 839.6029 34.6424
28.714 839.5973 34.6437
28.724 839.6554 34.6445
28.734 839.6359 34.6446
28.744 839.6170 34.6430
28.754 839.6043 34.6453
28.764 839.6320 34.6480
28.774 839.6329 34.6455
28.784 839.6409 34.6442
28.794 839.6132 34.6473
28.804 839.6336 34.6461
28.814 839.6262 34.6437
28.824 839.6021 34.6445
28.834 839.6267 34.6433
28.844 839.6439 34.6438
28.854 839.6105 34.6461
28.864 839.6410 34.6484
28.874 839.6268 34.6482
28.884 839.6049 34.6457
28.894 839.6388 34.6455
28.904 839.6347 34.6462
28.914 839.6262 34.6469
28.924 839.6140 34.6472
28.934 839.6409 34.6465
28.944 839.6100 34.6473
28.954 839.6324 34.6481
28.964 839.6798 34.6476
28.974 839.6289 34.6459
28.984 839.6404 34.6458
28.994 839.6123 34.6470
29.004 839.6093 34.6447
29.014 839.6221 34.6433
29.024 839.6309 34.6451
29.034 839.6176 34.6477
29.044 839.6347 34.6492
29.054 839.6447 34.6478
29.064 839.6301 34.6465
29.074 839.6836 34.6473
29.084 839.6285 34.6488
29.094 839.6338 34.6501
29.104 839.6444 34.6492
29.114 839.6177 34.6464
29.124 839.6470 34.6447
29.134 839.6311 34.6458
29.144 839.6031 34.6469
29.154 839.6302 34.6465
29.164 839.6297 34.6455
29.174 839.6175 34.6462
29.184 839.5978 34.6455
29.194 839.6057 34.6447
29.204 839.6570 34.6459
29.214 839.6484 34.6481
29.224 839.6100 34.6474
29.234 839.6151 34.6481
29.244 839.6392 34.6480
29.254 839.6416 34.6455
29.264 839.6323 34.6458
29.274 839.6431 34.6466
29.284 839.5877 34.6484
29.294 839.6169 34.6469
29.304 839.6273 34.6443
29.314 839.6221 34.6450
29.324 839.6357 34.6451
29.334 839.6368 34.6465
29.344 839.6579 34.6480
29.354 839.6119 34.6468
29.364 839.6498 34.6464
29.374 839.6248 34.6454
29.384 839.6289 34.6465
29.394 839.6346 34.6485
29.404 839.5928 34.6486
29.414 839.6158 34.6458
29.424 839.6118 34.6465
29.434 839.6216 34.6481
29.444 839.6381 34.6476
29.454 839.6132 34.6477
29.464 839.6313 34.6461
29.474 839.6183 34.6470
29.484 839.6295 34.6459
29.494 839.6245 34.6434
29.504 839.6325 34.6454
29.514 839.5831 34.6449
29.524 839.6546 34.6446
29.534 839.6193 34.6478
29.544 839.6239 34.6482
29.554 839.6344 34.6478
29.564 839.6299 34.6495
29.574 839.6054 34.6491
29.584 839.6376 34.6485
29.594 839.6210 34.6474
29.604 839.6492 34.6473
29.614 839.6570 34.6478
29.624 839.6202 34.6481
29.634 839.6107 34.6496
29.644 839.6317 34.6512
29.654 839.6156 34.6517
29.664 839.6644 34.6500
29.674 839.6513 34.6509
29.684 839.6470 34.6516
29.694 839.6293 34.6495
29.704 839.6247 34.6478
29.714 839.6419 34.6482
29.724 839.6304 34.6505
29.734 839.5928 34.6484
29.744 839.6127 34.6458
29.754 839.6272 34.6468
29.764 839.6176 34.6468
29.774 839.6129 34.6492
29.784 839.5894 34.6486
29.794 839.6321 34.6459
29.804 839.6396 34.6465
29.814 839.6202 34.6476
29.824 839.6294 34.6496
29.834 839.6225 34.6488
29.844 839.6513 34.6499
29.854 839.6251 34.6516
29.864 839.6304 34.6503
29.874 839.6414 34.6520
29.884 839.6147 34.6503
29.894 839.6224 34.6486
29.904 839.6248 34.6480
29.914 839.6431 34.6492
29.924 839.6039 34.6493
29.934 839.6497 34.6496
29.944 839.6324 34.6508
29.954 839.6167 34.6476
29.964 839.6022 34.6478
29.974 839.6097 34.6505
29.984 839.6361 34.6516
29.994 839.6248 34.6522
