% 21-Jul-2025 12:21:09
% Time, s	 Pressure, mBar	 Temperature, degC
0.005 839.6862 36.3568
0.015 839.7014 36.3606
0.025 839.6983 36.3636
0.035 839.6775 36.3625
0.045 839.6900 36.3641
0.055 839.6296 36.3663
0.065 839.6551 36.3679
0.075 839.6549 36.3714
0.085 839.6677 36.3731
0.095 839.6534 36.3743
0.105 839.6524 36.3756
0.115 839.6951 36.3765
0.125 839.7225 36.3799
0.135 839.7365 36.3804
0.145 839.6960 36.3806
0.155 839.6690 36.3828
0.165 839.6597 36.3846
0.174 839.6701 36.3851
0.184 839.6942 36.3851
0.194 839.6770 36.3867
0.204 839.6848 36.3887
0.214 839.6527 36.3902
0.224 839.7124 36.3931
0.234 839.6923 36.3951
0.244 839.6634 36.3945
0.254 839.6825 36.3957
0.264 839.6892 36.3962
0.274 839.7011 36.3957
0.284 839.6746 36.3945
0.294 839.6663 36.3951
0.304 839.6616 36.3964
0.314 839.6757 36.3969
0.324 839.6717 36.3986
0.334 839.6754 36.3986
0.344 839.6978 36.4004
0.354 839.6901 36.4021
0.364 839.6938 36.4012
0.374 839.6890 36.4007
0.384 839.6969 36.4000
0.394 839.6760 36.4016
0.404 839.6451 36.4055
0.414 839.6965 36.4052
0.424 839.6896 36.4055
0.434 839.6722 36.4069
0.444 839.6981 36.4060
0.454 839.7173 36.4072
0.464 839.7040 36.4080
0.474 839.6915 36.4064
0.484 839.6793 36.4068
0.494 839.6664 36.4077
0.504 839.6889 36.4069
0.514 839.7030 36.4084
0.524 839.6741 36.4079
0.534 839.6836 36.4071
0.544 839.7051 36.4085
0.554 839.6990 36.4082
0.564 839.6820 36.4090
0.574 839.6863 36.4111
0.584 839.7123 36.4102
0.594 839.6797 36.4097
0.604 839.6845 36.4120
0.614 839.6980 36.4132
0.624 839.7041 36.4116
0.634 839.6927 36.4115
0.644 839.7083 36.4119
0.654 839.6935 36.4128
0.664 839.6898 36.4146
0.674 839.7092 36.4132
0.684 839.7203 36.4132
0.694 839.6790 36.4139
0.704 839.6928 36.4143
0.714 839.6875 36.4153
0.724 839.7291 36.4148
0.734 839.7031 36.4148
0.744 839.6705 36.4170
0.754 839.6814 36.4169
0.764 839.7044 36.4154
0.774 839.7243 36.4152
0.784 839.6642 36.4157
0.794 839.6925 36.4160
0.804 839.6575 36.4161
0.814 839.6705 36.4161
0.824 839.7238 36.4167
0.834 839.6870 36.4178
0.844 839.6822 36.4163
0.854 839.7026 36.4154
0.864 839.6647 36.4178
0.874 839.7257 36.4186
0.884 839.6830 36.4186
0.894 839.7024 36.4180
0.904 839.6827 36.4166
0.914 839.6934 36.4191
0.924 839.7205 36.4196
0.934 839.7045 36.4182
0.944 839.6984 36.4179
0.954 839.6753 36.4184
0.964 839.6732 36.4183
0.974 839.6907 36.4178
0.984 839.7101 36.4191
0.994 839.6738 36.4186
1.004 839.7029 36.4156
1.014 839.6936 36.4165
1.024 839.7000 36.4187
1.034 839.6876 36.4190
1.044 839.6701 36.4204
1.054 839.7125 36.4212
1.064 839.7112 36.4205
1.074 839.6910 36.4197
1.084 839.6971 36.4191
1.094 839.6647 36.4187
1.104 839.7010 36.4174
1.114 839.7024 36.4180
1.124 839.7037 36.4187
1.134 839.6838 36.4180
1.144 839.6844 36.4192
1.154 839.6701 36.4204
1.164 839.6910 36.4197
1.174 839.6987 36.4208
1.184 839.7030 36.4220
1.194 839.6804 36.4200
1.204 839.7082 36.4191
1.214 839.6998 36.4195
1.224 839.6913 36.4199
1.234 839.6913 36.4217
1.244 839.6613 36.4207
1.254 839.6759 36.4196
1.264 839.6971 36.4209
1.274 839.6926 36.4205
1.284 839.6780 36.4207
1.294 839.6849 36.4204
1.304 839.6887 36.4222
1.314 839.7261 36.4233
1.324 839.6969 36.4217
1.334 839.6587 36.4212
1.344 839.6706 36.4207
1.354 839.6857 36.4199
1.364 839.7067 36.4201
1.374 839.7120 36.4209
1.384 839.7054 36.4213
1.394 839.7139 36.4209
1.404 839.7043 36.4208
1.414 839.6897 36.4209
1.424 839.7022 36.4216
1.434 839.6635 36.4217
1.444 839.6810 36.4212
1.454 839.6961 36.4222
1.464 839.6829 36.4230
1.474 839.6678 36.4229
1.484 839.6903 36.4212
1.494 839.7109 36.4195
1.504 839.6645 36.4213
1.514 839.7030 36.4229
1.524 839.6903 36.4221
1.534 839.7181 36.4212
1.544 839.6799 36.4216
1.554 839.6824 36.4237
1.564 839.7049 36.4238
1.574 839.6813 36.4231
1.584 839.6871 36.4233
1.594 839.6940 36.4239
1.604 839.7248 36.4235
1.614 839.7314 36.4231
1.624 839.6757 36.4222
1.634 839.7067 36.4201
1.644 839.7085 36.4201
1.654 839.6807 36.4210
1.664 839.6799 36.4225
1.674 839.7237 36.4239
1.684 839.7282 36.4225
1.694 839.6616 36.4208
1.704 839.6916 36.4218
1.714 839.7001 36.4233
1.724 839.7009 36.4218
1.734 839.6683 36.4213
1.744 839.6980 36.4241
1.754 839.7113 36.4233
1.764 839.6844 36.4220
1.774 839.7131 36.4214
1.784 839.6849 36.4204
1.794 839.6723 36.4224
1.804 839.6816 36.4242
1.814 839.6903 36.4221
1.824 839.6834 36.4214
1.834 839.6813 36.4241
1.844 839.7001 36.4233
1.854 839.7131 36.4224
1.864 839.7394 36.4234
1.874 839.7060 36.4234
1.884 839.7078 36.4252
1.894 839.7153 36.4252
1.904 839.6903 36.4230
1.914 839.7107 36.4230
1.924 839.7399 36.4237
1.934 839.7221 36.4231
1.944 839.6754 36.4221
1.954 839.7152 36.4225
1.964 839.6691 36.4217
1.974 839.6831 36.4231
1.984 839.6885 36.4239
1.994 839.6927 36.4233
2.004 839.6935 36.4237
2.014 839.6763 36.4234
2.024 839.7030 36.4229
2.034 839.6887 36.4222
2.044 839.6548 36.4229
2.054 839.6882 36.4247
2.064 839.7129 36.4259
2.074 839.6869 36.4241
2.084 839.6908 36.4224
2.094 839.7062 36.4217
2.104 839.6996 36.4221
2.114 839.7097 36.4252
2.124 839.6983 36.4251
2.134 839.6990 36.4227
2.144 839.7245 36.4243
2.154 839.6802 36.4235
2.164 839.6948 36.4225
2.174 839.6872 36.4251
2.184 839.7076 36.4251
2.194 839.7392 36.4260
2.204 839.6877 36.4254
2.214 839.7142 36.4229
2.224 839.6765 36.4244
2.234 839.7219 36.4248
2.244 839.6675 36.4246
2.254 839.6946 36.4260
2.264 839.7158 36.4255
2.274 839.7238 36.4258
2.284 839.7145 36.4258
2.294 839.6754 36.4230
2.304 839.7078 36.4243
2.314 839.7102 36.4237
2.324 839.6746 36.4226
2.334 839.6763 36.4243
2.344 839.7490 36.4254
2.354 839.6858 36.4244
2.364 839.6972 36.4237
2.374 839.7030 36.4238
2.384 839.6606 36.4230
2.394 839.6906 36.4241
2.404 839.6975 36.4247
2.414 839.7161 36.4247
2.424 839.6962 36.4250
2.434 839.6880 36.4255
2.444 839.7049 36.4256
2.454 839.6962 36.4259
2.464 839.7015 36.4248
2.474 839.6959 36.4248
2.484 839.7102 36.4255
2.494 839.7222 36.4250
2.504 839.6888 36.4259
2.514 839.7018 36.4259
2.524 839.6895 36.4244
2.534 839.7036 36.4241
2.544 839.7320 36.4243
2.554 839.7052 36.4239
2.564 839.6534 36.4231
2.574 839.6728 36.4226
2.584 839.6951 36.4235
2.594 839.7128 36.4231
2.604 839.6794 36.4231
2.614 839.6612 36.4251
2.624 839.7031 36.4247
2.634 839.6691 36.4235
2.644 839.7043 36.4226
2.654 839.6805 36.4237
2.664 839.7092 36.4268
2.674 839.6846 36.4274
2.684 839.7315 36.4259
2.694 839.6888 36.4250
2.704 839.6914 36.4244
2.714 839.7073 36.4241
2.724 839.6962 36.4241
2.734 839.7017 36.4250
2.744 839.7092 36.4250
2.754 839.7166 36.4250
2.764 839.7344 36.4264
2.774 839.7506 36.4261
2.784 839.7036 36.4259
2.794 839.6928 36.4260
2.804 839.6940 36.4239
2.814 839.6810 36.4239
2.824 839.7370 36.4241
2.834 839.7012 36.4229
2.844 839.7166 36.4241
2.854 839.6789 36.4247
2.864 839.6824 36.4255
2.874 839.7254 36.4256
2.884 839.7163 36.4258
2.894 839.6980 36.4250
2.904 839.6916 36.4227
2.914 839.6932 36.4226
2.924 839.6853 36.4242
2.934 839.7304 36.4244
2.944 839.6882 36.4247
2.954 839.7123 36.4247
2.964 839.6946 36.4260
2.974 839.6912 36.4271
2.984 839.7299 36.4260
2.994 839.6840 36.4244
3.004 839.6985 36.4234
3.014 839.6800 36.4252
3.024 839.6710 36.4254
3.034 839.6665 36.4241
3.044 839.7195 36.4246
3.054 839.6949 36.4252
3.064 839.7322 36.4254
3.074 839.6906 36.4250
3.084 839.7153 36.4252
3.094 839.7044 36.4254
3.104 839.7288 36.4255
3.114 839.7039 36.4260
3.124 839.6869 36.4250
3.134 839.6975 36.4247
3.144 839.7012 36.4238
3.154 839.6866 36.4239
3.164 839.6909 36.4242
3.174 839.7287 36.4227
3.184 839.6941 36.4248
3.194 839.7002 36.4260
3.204 839.6938 36.4256
3.214 839.6901 36.4256
3.224 839.6734 36.4247
3.234 839.7065 36.4246
3.244 839.6901 36.4247
3.254 839.7253 36.4247
3.264 839.7153 36.4252
3.274 839.6636 36.4254
3.284 839.6739 36.4241
3.294 839.6848 36.4239
3.304 839.7616 36.4234
3.314 839.6762 36.4225
3.324 839.6710 36.4235
3.334 839.6734 36.4247
3.344 839.6763 36.4234
3.354 839.6810 36.4230
3.364 839.6848 36.4239
3.374 839.7033 36.4248
3.384 839.6896 36.4254
3.394 839.6805 36.4246
3.404 839.7044 36.4254
3.414 839.7137 36.4254
3.424 839.7031 36.4247
3.434 839.7150 36.4260
3.444 839.7028 36.4264
3.454 839.6882 36.4256
3.464 839.7137 36.4254
3.474 839.7063 36.4254
3.484 839.7018 36.4259
3.494 839.7076 36.4251
3.504 839.7235 36.4238
3.514 839.7216 36.4256
3.524 839.7259 36.4259
3.534 839.6906 36.4241
3.544 839.6885 36.4248
3.554 839.7190 36.4252
3.564 839.7076 36.4251
3.574 839.6381 36.4256
3.584 839.7200 36.4248
3.594 839.6858 36.4244
3.604 839.7442 36.4258
3.614 839.7256 36.4267
3.624 839.6739 36.4268
3.634 839.6787 36.4264
3.644 839.6954 36.4264
3.654 839.7036 36.4259
3.664 839.6707 36.4252
3.674 839.6988 36.4254
3.684 839.6750 36.4246
3.694 839.6784 36.4254
3.704 839.6999 36.4268
3.714 839.7089 36.4267
3.724 839.7354 36.4260
3.734 839.7137 36.4244
3.744 839.6803 36.4254
3.754 839.6930 36.4271
3.764 839.6869 36.4259
3.774 839.6787 36.4246
3.784 839.6948 36.4243
3.794 839.7317 36.4251
3.804 839.7238 36.4258
3.814 839.7169 36.4260
3.824 839.6835 36.4260
3.834 839.6922 36.4258
3.844 839.6922 36.4267
3.854 839.6981 36.4259
3.864 839.7222 36.4250
3.874 839.6861 36.4264
3.884 839.7124 36.4256
3.894 839.7036 36.4250
3.904 839.7079 36.4261
3.914 839.6604 36.4265
3.924 839.6928 36.4269
3.934 839.6614 36.4252
3.944 839.7057 36.4242
3.954 839.7010 36.4255
3.964 839.6795 36.4250
3.974 839.7057 36.4251
3.984 839.6883 36.4265
3.994 839.7142 36.4265
4.004 839.7283 36.4252
4.014 839.7010 36.4255
4.024 839.7105 36.4256
4.034 839.7055 36.4250
4.044 839.6731 36.4255
4.054 839.6821 36.4254
4.064 839.6940 36.4239
4.074 839.6898 36.4255
4.084 839.6808 36.4256
4.094 839.7306 36.4237
4.104 839.7253 36.4247
4.114 839.6818 36.4243
4.124 839.6816 36.4242
4.134 839.7070 36.4248
4.144 839.6859 36.4263
4.154 839.6912 36.4289
4.164 839.6777 36.4277
4.174 839.6559 36.4261
4.184 839.7108 36.4258
4.194 839.6975 36.4247
4.204 839.6887 36.4241
4.214 839.6964 36.4251
4.224 839.6803 36.4244
4.234 839.6826 36.4247
4.244 839.6699 36.4258
4.254 839.6980 36.4241
4.264 839.6949 36.4252
4.274 839.7044 36.4272
4.284 839.7055 36.4250
4.294 839.7113 36.4233
4.304 839.6662 36.4248
4.314 839.7309 36.4256
4.324 839.7052 36.4258
4.334 839.6999 36.4259
4.344 839.6822 36.4272
4.354 839.7124 36.4284
4.364 839.7135 36.4271
4.374 839.7113 36.4269
4.384 839.6965 36.4269
4.394 839.6877 36.4272
4.404 839.6819 36.4271
4.414 839.7195 36.4264
4.424 839.6588 36.4276
4.434 839.7193 36.4281
4.444 839.6891 36.4278
4.454 839.7148 36.4268
4.464 839.7238 36.4267
4.474 839.7148 36.4259
4.484 839.7198 36.4247
4.494 839.6787 36.4255
4.504 839.6972 36.4255
4.514 839.6792 36.4239
4.524 839.7200 36.4248
4.534 839.7010 36.4264
4.544 839.7307 36.4255
4.554 839.6606 36.4248
4.564 839.6413 36.4254
4.574 839.6877 36.4263
4.584 839.7060 36.4271
4.594 839.6809 36.4284
4.604 839.7175 36.4290
4.614 839.7081 36.4263
4.624 839.6914 36.4254
4.634 839.7132 36.4260
4.644 839.6792 36.4258
4.654 839.7124 36.4274
4.664 839.6986 36.4261
4.674 839.6771 36.4256
4.684 839.6930 36.4271
4.694 839.6880 36.4255
4.704 839.7108 36.4267
4.714 839.7098 36.4280
4.724 839.7100 36.4254
4.734 839.7084 36.4255
4.744 839.6965 36.4269
4.754 839.6890 36.4260
4.764 839.6540 36.4252
4.774 839.7036 36.4259
4.784 839.7060 36.4271
4.794 839.7039 36.4269
4.804 839.6991 36.4264
4.814 839.6933 36.4254
4.824 839.6649 36.4251
4.834 839.7087 36.4256
4.844 839.6795 36.4250
4.854 839.6715 36.4256
4.864 839.7275 36.4258
4.874 839.7028 36.4246
4.884 839.6885 36.4258
4.894 839.7084 36.4264
4.904 839.6962 36.4250
4.914 839.6959 36.4239
4.924 839.7047 36.4246
4.934 839.6599 36.4254
4.944 839.6848 36.4267
4.954 839.7063 36.4281
4.964 839.7331 36.4276
4.974 839.6962 36.4259
4.984 839.6856 36.4252
4.994 839.6853 36.4260
5.004 839.7132 36.4278
5.014 839.7331 36.4285
5.024 839.6869 36.4268
5.034 839.7118 36.4254
5.044 839.6861 36.4255
5.054 839.6853 36.4269
5.064 839.6573 36.4277
5.074 839.7092 36.4277
5.084 839.7209 36.4280
5.094 839.7089 36.4267
5.104 839.6790 36.4256
5.114 839.6997 36.4267
5.124 839.6824 36.4273
5.134 839.7021 36.4278
5.144 839.6816 36.4260
5.154 839.6938 36.4247
5.164 839.6896 36.4281
5.174 839.6761 36.4297
5.184 839.6740 36.4277
5.194 839.6978 36.4276
5.204 839.7076 36.4278
5.214 839.6890 36.4251
5.224 839.7047 36.4246
5.234 839.7325 36.4255
5.244 839.7219 36.4267
5.254 839.6792 36.4258
5.264 839.6731 36.4237
5.274 839.6832 36.4241
5.284 839.6790 36.4256
5.294 839.6973 36.4264
5.304 839.6819 36.4271
5.314 839.7023 36.4280
5.324 839.6779 36.4260
5.334 839.6975 36.4256
5.344 839.7153 36.4261
5.354 839.7031 36.4256
5.364 839.6858 36.4254
5.374 839.7017 36.4250
5.384 839.6760 36.4260
5.394 839.6702 36.4268
5.404 839.7113 36.4269
5.414 839.6925 36.4259
5.424 839.6859 36.4263
5.434 839.6976 36.4274
5.444 839.6843 36.4264
5.454 839.6972 36.4246
5.464 839.6840 36.4254
5.474 839.6676 36.4273
5.484 839.7055 36.4277
5.494 839.6944 36.4268
5.504 839.6806 36.4273
5.514 839.7007 36.4263
5.524 839.7012 36.4247
5.534 839.6959 36.4267
5.544 839.6936 36.4264
5.554 839.7044 36.4272
5.564 839.6870 36.4277
5.574 839.6944 36.4268
5.584 839.6901 36.4274
5.594 839.6941 36.4276
5.604 839.6591 36.4268
5.614 839.7235 36.4265
5.624 839.6991 36.4273
5.634 839.7172 36.4289
5.644 839.7066 36.4282
5.654 839.6978 36.4276
5.664 839.6954 36.4264
5.674 839.6972 36.4246
5.684 839.7095 36.4269
5.694 839.6684 36.4277
5.704 839.6771 36.4256
5.714 839.6662 36.4267
5.724 839.6843 36.4264
5.734 839.7190 36.4252
5.744 839.6997 36.4267
5.754 839.6973 36.4273
5.764 839.7007 36.4272
5.774 839.6949 36.4271
5.784 839.6609 36.4268
5.794 839.6917 36.4264
5.804 839.6976 36.4274
5.814 839.6649 36.4269
5.824 839.7012 36.4265
5.834 839.6952 36.4281
5.844 839.7140 36.4273
5.854 839.7063 36.4263
5.864 839.7100 36.4272
5.874 839.7119 36.4281
5.884 839.7583 36.4290
5.894 839.8016 36.4302
5.904 839.7400 36.4282
5.914 839.7224 36.4260
5.924 839.7057 36.4260
5.934 839.6166 36.4260
5.944 839.3899 36.4259
5.954 839.3167 36.4255
5.964 839.1868 36.4264
5.974 838.9042 36.4271
5.984 838.6772 36.4259
5.994 838.3948 36.4248
6.004 837.9806 36.4247
6.014 837.6555 36.4273
6.024 837.4667 36.4276
6.034 837.3166 36.4259
6.044 837.1875 36.4254
6.054 837.1973 36.4265
6.064 837.2238 36.4268
6.074 837.2007 36.4255
6.084 837.2740 36.4268
6.094 837.2732 36.4273
6.104 837.2724 36.4269
6.114 837.2567 36.4284
6.124 837.3223 36.4295
6.134 837.3230 36.4281
6.144 837.3498 36.4276
6.154 837.3654 36.4261
6.164 837.2896 36.4254
6.174 837.2986 36.4271
6.184 837.3541 36.4278
6.194 837.2790 36.4274
6.204 837.2451 36.4272
6.214 837.2732 36.4282
6.224 837.3095 36.4269
6.234 837.2856 36.4261
6.244 837.3148 36.4268
6.254 837.3583 36.4263
6.264 837.3310 36.4265
6.274 837.3729 36.4280
6.284 837.3461 36.4276
6.294 837.3400 36.4264
6.304 837.3787 36.4263
6.314 837.3063 36.4272
6.324 837.3551 36.4274
6.334 837.3742 36.4259
6.344 837.3718 36.4256
6.354 837.3389 36.4250
6.364 837.3837 36.4260
6.374 837.3909 36.4277
6.384 837.4336 36.4259
6.394 837.4267 36.4261
6.404 837.4015 36.4284
6.414 837.4222 36.4276
6.424 837.3843 36.4263
6.434 837.3755 36.4265
6.444 837.4163 36.4256
6.454 837.4041 36.4260
6.464 837.4357 36.4260
6.474 837.4195 36.4254
6.484 837.4264 36.4260
6.494 837.4367 36.4247
6.504 837.4280 36.4241
6.514 837.4171 36.4233
6.524 837.4274 36.4238
6.534 837.4466 36.4259
6.544 837.4487 36.4269
6.554 837.4850 36.4265
6.564 837.4839 36.4251
6.574 837.4813 36.4247
6.584 837.4701 36.4238
6.594 837.4980 36.4247
6.604 837.4728 36.4251
6.614 837.4540 36.4241
6.624 837.4643 36.4264
6.634 837.4932 36.4269
6.644 837.4651 36.4241
6.654 837.4492 36.4235
6.664 837.4996 36.4237
6.674 837.4298 36.4222
6.684 837.4211 36.4234
6.694 837.4349 36.4256
6.704 837.4731 36.4271
6.714 837.4611 36.4258
6.724 837.4768 36.4252
6.734 837.5224 36.4258
6.744 837.5219 36.4255
6.754 837.4829 36.4264
6.764 837.5009 36.4243
6.774 837.4831 36.4238
6.784 837.5322 36.4242
6.794 837.5208 36.4241
6.804 837.5102 36.4234
6.814 837.5202 36.4229
6.824 837.5372 36.4239
6.834 837.5324 36.4243
6.844 837.5903 36.4244
6.854 837.5635 36.4241
6.864 837.5659 36.4243
6.874 837.5476 36.4244
6.884 837.5319 36.4231
6.894 837.5921 36.4226
6.904 837.5749 36.4242
6.914 837.5587 36.4235
6.924 837.5998 36.4246
6.934 837.5614 36.4267
6.944 837.5698 36.4244
6.954 837.5810 36.4244
6.964 837.5921 36.4244
6.974 837.5958 36.4226
6.984 837.6040 36.4239
6.994 837.5823 36.4233
7.004 837.5619 36.4233
7.014 837.5940 36.4244
7.024 837.5754 36.4226
7.034 837.5942 36.4237
7.044 837.5990 36.4251
7.054 837.6478 36.4244
7.064 837.6133 36.4248
7.074 837.6104 36.4243
7.084 837.6374 36.4230
7.094 837.5929 36.4230
7.104 837.6412 36.4239
7.114 837.6181 36.4244
7.124 837.6327 36.4234
7.134 837.6231 36.4224
7.144 837.6451 36.4231
7.154 837.6875 36.4230
7.164 837.6979 36.4235
7.174 837.6621 36.4242
7.184 837.6515 36.4235
7.194 837.7143 36.4234
7.204 837.6489 36.4250
7.214 837.6621 36.4251
7.224 837.6603 36.4242
7.234 837.6417 36.4251
7.244 837.6759 36.4237
7.254 837.6783 36.4239
7.264 837.6881 36.4242
7.274 837.6703 36.4237
7.284 837.6714 36.4242
7.294 837.6889 36.4246
7.304 837.6507 36.4250
7.314 837.6539 36.4238
7.324 837.6700 36.4226
7.334 837.6899 36.4242
7.344 837.6995 36.4234
7.354 837.6812 36.4217
7.364 837.6730 36.4241
7.374 837.7037 36.4246
7.384 837.6717 36.4252
7.394 837.7016 36.4254
7.404 837.7051 36.4252
7.414 837.6810 36.4252
7.424 837.7085 36.4242
7.434 837.6714 36.4251
7.444 837.6998 36.4254
7.454 837.7075 36.4264
7.464 837.6818 36.4256
7.474 837.6815 36.4237
7.484 837.6764 36.4239
7.494 837.7324 36.4241
7.504 837.7122 36.4242
7.514 837.7347 36.4225
7.524 837.7196 36.4214
7.534 837.7278 36.4218
7.544 837.7493 36.4233
7.554 837.7075 36.4246
7.564 837.6918 36.4242
7.574 837.6886 36.4226
7.584 837.7246 36.4221
7.594 837.6929 36.4247
7.604 837.7194 36.4259
7.614 837.7011 36.4251
7.624 837.7223 36.4246
7.634 837.7138 36.4241
7.644 837.7477 36.4234
7.654 837.7414 36.4248
7.664 837.7905 36.4261
7.674 837.7438 36.4251
7.684 837.7403 36.4252
7.694 837.7523 36.4247
7.704 837.7658 36.4268
7.714 837.7359 36.4267
7.724 837.7647 36.4235
7.734 837.7419 36.4233
7.744 837.7695 36.4250
7.754 837.7868 36.4261
7.764 837.7958 36.4260
7.774 837.7406 36.4272
7.784 837.7976 36.4260
7.794 837.8119 36.4248
7.804 837.8019 36.4263
7.814 837.7711 36.4258
7.824 837.8294 36.4252
7.834 837.8281 36.4255
7.844 837.8037 36.4244
7.854 837.8430 36.4246
7.864 837.8093 36.4235
7.874 837.8026 36.4230
7.884 837.7891 36.4246
7.894 837.8146 36.4252
7.904 837.7878 36.4248
7.914 837.7851 36.4235
7.924 837.7761 36.4237
7.934 837.8119 36.4248
7.944 837.8636 36.4247
7.954 837.8178 36.4241
7.964 837.8450 36.4229
7.974 837.7955 36.4231
7.984 837.8729 36.4247
7.994 837.8241 36.4254
8.004 837.8313 36.4252
8.014 837.8544 36.4256
8.024 837.8796 36.4261
8.034 837.8801 36.4255
8.044 837.8525 36.4247
8.054 837.9016 36.4251
8.064 837.9366 36.4250
8.074 837.9053 36.4251
8.084 837.8735 36.4259
8.094 837.9122 36.4248
8.104 837.9015 36.4233
8.114 837.8833 36.4252
8.124 837.9294 36.4260
8.134 837.9159 36.4248
8.144 837.9125 36.4259
8.154 837.9135 36.4264
8.164 837.9289 36.4258
8.174 837.8978 36.4242
8.184 837.8885 36.4224
8.194 837.9201 36.4224
8.204 837.9312 36.4242
8.214 837.9586 36.4248
8.224 837.9374 36.4254
8.234 837.9209 36.4264
8.244 837.9626 36.4259
8.254 837.9034 36.4260
8.264 837.9456 36.4258
8.274 837.9739 36.4242
8.284 837.9639 36.4247
8.294 837.9644 36.4241
8.304 837.9901 36.4248
8.314 837.9512 36.4267
8.324 837.9615 36.4244
8.334 837.9920 36.4239
8.344 837.9649 36.4252
8.354 837.9801 36.4263
8.364 838.0020 36.4243
8.374 837.9962 36.4242
8.384 837.9692 36.4255
8.394 838.0169 36.4252
8.404 838.0543 36.4254
8.414 838.0434 36.4255
8.424 838.0543 36.4263
8.434 838.0718 36.4258
8.444 838.0877 36.4244
8.454 838.0447 36.4243
8.464 838.0535 36.4259
8.474 838.1193 36.4254
8.484 838.0691 36.4244
8.494 838.0771 36.4247
8.504 838.1413 36.4261
8.514 838.1392 36.4269
8.524 838.1121 36.4255
8.534 838.1278 36.4259
8.544 838.1471 36.4272
8.554 838.1302 36.4261
8.564 838.1434 36.4263
8.574 838.2004 36.4269
8.584 838.1675 36.4254
8.594 838.1734 36.4255
8.604 838.1840 36.4280
8.614 838.1864 36.4282
8.624 838.1896 36.4261
8.634 838.1744 36.4251
8.644 838.2010 36.4263
8.654 838.1972 36.4263
8.664 838.1794 36.4248
8.674 838.2121 36.4244
8.684 838.2227 36.4251
8.694 838.2561 36.4260
8.704 838.2429 36.4268
8.714 838.2492 36.4263
8.724 838.2484 36.4259
8.734 838.2898 36.4271
8.744 838.2853 36.4276
8.754 838.2927 36.4267
8.764 838.3446 36.4248
8.774 838.3391 36.4239
8.784 838.3187 36.4248
8.794 838.3205 36.4258
8.804 838.3306 36.4261
8.814 838.3550 36.4263
8.824 838.3921 36.4263
8.834 838.3656 36.4269
8.844 838.3728 36.4268
8.854 838.4051 36.4244
8.864 838.4329 36.4244
8.874 838.4110 36.4264
8.884 838.4088 36.4263
8.894 838.3776 36.4273
8.904 838.4269 36.4260
8.914 838.4276 36.4237
8.924 838.4345 36.4252
8.934 838.4446 36.4265
8.944 838.4513 36.4271
8.954 838.4738 36.4272
8.964 838.4643 36.4261
8.974 838.4846 36.4243
8.984 838.5026 36.4231
8.994 838.5385 36.4243
9.004 838.4780 36.4247
9.014 838.5292 36.4243
9.024 838.5271 36.4242
9.034 838.5554 36.4226
9.044 838.5271 36.4242
9.054 838.5902 36.4269
9.064 838.6114 36.4255
9.074 838.6236 36.4233
9.084 838.5610 36.4235
9.094 838.5806 36.4241
9.104 838.6233 36.4231
9.114 838.6000 36.4235
9.124 838.6491 36.4248
9.134 838.6472 36.4248
9.144 838.7142 36.4231
9.154 838.6559 36.4227
9.164 838.7010 36.4230
9.174 838.7013 36.4231
9.184 838.6848 36.4233
9.194 838.7002 36.4244
9.204 838.7241 36.4252
9.214 838.6721 36.4261
9.224 838.7241 36.4271
9.234 838.6936 36.4248
9.244 838.7373 36.4244
9.254 838.7201 36.4251
9.264 838.7909 36.4252
9.274 838.7594 36.4252
9.284 838.7986 36.4235
9.294 838.8203 36.4233
9.304 838.8293 36.4231
9.314 838.8078 36.4226
9.324 838.8423 36.4241
9.334 838.8456 36.4256
9.344 838.8747 36.4244
9.354 838.8797 36.4233
9.384 839.4886 36.4079
9.394 839.7269 36.4085
9.404 839.6789 36.4260
9.414 839.6895 36.4255
9.424 839.7057 36.4247
9.434 839.7160 36.4244
9.444 839.7174 36.4242
9.454 839.7070 36.4238
9.464 839.7065 36.4235
9.474 839.6827 36.4230
9.484 839.7190 36.4237
9.494 839.7062 36.4256
9.504 839.6988 36.4252
9.514 839.7434 36.4235
9.524 839.7445 36.4226
9.534 839.6856 36.4254
9.544 839.7275 36.4268
9.554 839.6951 36.4252
9.564 839.7181 36.4248
9.574 839.7049 36.4244
9.584 839.7105 36.4230
9.594 839.7293 36.4220
9.604 839.7194 36.4238
9.614 839.7505 36.4239
9.624 839.7181 36.4218
9.634 839.6975 36.4225
9.644 839.7136 36.4230
9.654 839.7028 36.4229
9.664 839.7319 36.4226
9.674 839.7487 36.4227
9.684 839.7335 36.4234
9.694 839.6988 36.4243
9.704 839.6975 36.4233
9.714 839.7137 36.4226
9.724 839.7047 36.4247
9.734 839.7012 36.4254
9.744 839.6953 36.4246
9.754 839.6874 36.4229
9.764 839.7378 36.4227
9.774 839.6980 36.4243
9.784 839.7330 36.4254
9.794 839.6940 36.4231
9.804 839.7359 36.4221
9.814 839.7388 36.4239
9.824 839.7181 36.4244
9.834 839.7215 36.4241
9.844 839.7192 36.4221
9.854 839.7102 36.4210
9.864 839.7168 36.4226
9.874 839.7500 36.4237
9.884 839.7327 36.4233
9.894 839.7322 36.4241
9.904 839.7210 36.4238
9.914 839.7267 36.4217
9.924 839.8677 36.4226
9.934 839.6124 36.4244
9.944 839.5824 36.4244
9.954 839.7725 36.4239
9.964 839.7855 36.4238
9.974 839.7757 36.4242
9.984 839.7534 36.4242
9.994 839.7617 36.4230
10.004 839.7617 36.4230
10.014 839.7688 36.4243
10.024 839.7712 36.4252
10.034 839.7439 36.4242
10.044 839.7529 36.4235
10.054 839.7659 36.4247
10.064 839.7513 36.4246
10.074 839.7630 36.4237
10.084 839.7317 36.4229
10.094 839.7582 36.4231
10.104 839.7391 36.4233
10.114 839.7635 36.4235
10.124 839.7269 36.4233
10.134 839.7688 36.4234
10.144 839.7593 36.4246
10.154 839.7552 36.4251
10.164 839.7560 36.4241
10.174 839.7431 36.4221
10.184 839.7491 36.4225
10.194 839.7667 36.4225
10.204 839.8057 36.4218
10.214 839.7991 36.4241
10.224 839.7752 36.4268
10.234 839.7571 36.4263
10.244 839.7465 36.4246
10.254 839.7558 36.4239
10.264 839.7770 36.4233
10.274 839.7428 36.4233
10.284 839.7874 36.4237
10.294 839.7492 36.4251
10.304 839.7648 36.4251
10.314 839.7479 36.4237
10.324 839.7492 36.4231
10.334 839.7776 36.4239
10.344 839.7463 36.4246
10.354 839.7773 36.4248
10.364 839.7746 36.4241
10.374 839.7550 36.4238
10.384 839.7593 36.4243
10.394 839.7208 36.4238
10.404 839.7508 36.4241
10.414 839.7921 36.4252
10.424 839.7579 36.4244
10.434 839.7547 36.4238
10.444 839.7556 36.4243
10.454 839.7399 36.4227
10.464 839.7044 36.4241
10.474 839.7450 36.4255
10.484 839.7632 36.4244
10.494 839.7781 36.4243
10.504 839.7760 36.4242
10.514 839.7521 36.4242
10.524 839.7588 36.4241
10.534 839.7439 36.4260
10.544 839.7466 36.4265
10.554 839.7832 36.4256
10.564 839.7529 36.4260
10.574 839.7648 36.4258
10.584 839.7617 36.4246
10.594 839.7471 36.4231
10.604 839.7638 36.4252
10.614 839.7802 36.4272
10.624 839.7423 36.4254
10.634 839.7473 36.4252
10.644 839.7503 36.4258
10.654 839.7752 36.4246
10.664 839.7585 36.4251
10.674 839.7901 36.4255
10.684 839.7623 36.4255
10.694 839.7757 36.4264
10.704 839.7558 36.4273
10.714 839.7896 36.4258
10.724 839.7766 36.4251
10.734 839.7537 36.4271
10.744 839.7365 36.4271
10.754 839.7783 36.4259
10.764 839.7877 36.4238
10.774 839.7601 36.4234
10.784 839.7630 36.4261
10.794 839.7802 36.4254
10.804 839.7702 36.4250
10.814 839.7307 36.4252
10.824 839.7598 36.4248
10.834 839.7715 36.4264
10.844 839.7548 36.4252
10.854 839.7784 36.4246
10.864 839.7442 36.4255
10.874 839.7710 36.4271
10.884 839.7850 36.4276
10.894 839.7651 36.4261
10.904 839.7667 36.4248
10.914 839.7572 36.4251
10.924 839.7619 36.4259
10.934 839.7311 36.4248
10.944 839.7216 36.4226
10.954 839.7423 36.4230
10.964 839.7314 36.4256
10.974 839.7741 36.4258
10.984 839.7710 36.4250
10.994 839.7885 36.4250
11.004 839.7797 36.4252
11.014 839.7909 36.4256
11.024 839.7574 36.4250
11.034 839.7675 36.4259
11.044 839.7468 36.4259
11.054 839.7744 36.4235
11.064 839.7845 36.4234
11.074 839.7551 36.4251
11.084 839.7792 36.4273
11.094 839.7683 36.4274
11.104 839.7710 36.4256
11.114 839.7681 36.4248
11.124 839.7540 36.4261
11.134 839.7717 36.4274
11.144 839.7667 36.4260
11.154 839.7426 36.4247
11.164 839.7630 36.4250
11.174 839.7664 36.4250
11.184 839.7593 36.4241
11.194 839.7431 36.4248
11.204 839.7529 36.4259
11.214 839.7503 36.4234
11.224 839.7654 36.4227
11.234 839.7481 36.4242
11.244 839.7686 36.4243
11.254 839.8065 36.4241
11.264 839.7638 36.4259
11.274 839.7667 36.4272
11.284 839.7569 36.4263
11.294 839.7760 36.4268
11.304 839.7609 36.4265
11.314 839.7729 36.4250
11.324 839.7420 36.4258
11.334 839.7349 36.4271
11.344 839.7736 36.4247
11.354 839.7758 36.4239
11.364 839.7646 36.4256
11.374 839.7519 36.4267
11.384 839.7904 36.4258
11.394 839.7628 36.4250
11.404 839.7604 36.4274
11.414 839.7633 36.4267
11.424 839.7851 36.4255
11.434 839.7517 36.4269
11.444 839.7896 36.4276
11.454 839.7649 36.4276
11.464 839.7495 36.4280
11.474 839.7479 36.4277
11.484 839.7805 36.4265
11.494 839.7426 36.4258
11.504 839.7620 36.4263
11.514 839.7384 36.4268
11.524 839.7630 36.4263
11.534 839.7957 36.4256
11.544 839.7782 36.4259
11.554 839.7614 36.4273
11.564 839.7805 36.4269
11.574 839.7535 36.4251
11.584 839.7715 36.4254
11.594 839.7763 36.4258
11.604 839.7452 36.4255
11.614 839.7802 36.4251
11.624 839.7662 36.4254
11.634 839.7546 36.4252
11.644 839.7508 36.4265
11.654 839.7678 36.4281
11.664 839.7739 36.4272
11.674 839.7426 36.4282
11.684 839.7535 36.4276
11.694 839.7707 36.4259
11.704 839.7419 36.4267
11.714 839.7731 36.4278
11.724 839.8050 36.4282
11.734 839.7538 36.4281
11.744 839.7760 36.4282
11.754 839.7609 36.4277
11.764 839.7506 36.4268
11.774 839.7797 36.4267
11.784 839.7792 36.4261
11.794 839.7535 36.4259
11.804 839.7519 36.4265
11.814 839.7683 36.4267
11.824 839.7505 36.4259
11.834 839.7323 36.4239
11.844 839.7675 36.4243
11.854 839.7622 36.4263
11.864 839.7633 36.4263
11.874 839.7166 36.4264
11.884 839.7596 36.4260
11.894 839.7898 36.4259
11.904 839.7381 36.4278
11.914 839.7777 36.4281
11.924 839.7339 36.4273
11.934 839.7726 36.4285
11.944 839.7591 36.4280
11.954 839.7906 36.4278
11.964 839.7498 36.4285
11.974 839.7694 36.4276
11.984 839.7668 36.4276
11.994 839.7508 36.4281
12.004 839.7927 36.4277
12.014 839.7726 36.4272
12.024 839.7336 36.4268
12.034 839.8097 36.4260
12.044 839.7411 36.4269
12.054 839.7906 36.4288
12.064 839.7397 36.4278
12.074 839.7631 36.4258
12.084 839.7694 36.4272
12.094 839.7511 36.4277
12.104 839.7498 36.4254
12.114 839.7543 36.4255
12.124 839.7774 36.4267
12.134 839.7803 36.4261
12.144 839.7615 36.4274
12.154 839.7848 36.4289
12.164 839.8116 36.4278
12.174 839.7617 36.4284
12.184 839.7731 36.4288
12.194 839.7580 36.4280
12.204 839.7843 36.4272
12.214 839.7235 36.4271
12.224 839.7692 36.4272
12.234 839.7954 36.4274
12.244 839.7519 36.4289
12.254 839.7742 36.4281
12.264 839.7750 36.4277
12.274 839.7657 36.4286
12.284 839.7588 36.4290
12.294 839.8217 36.4290
12.304 839.8249 36.4274
12.314 839.7650 36.4282
12.324 839.7487 36.4298
12.334 839.7858 36.4295
12.344 839.7742 36.4280
12.354 839.7853 36.4261
12.364 839.7763 36.4259
12.374 839.7805 36.4277
12.384 839.7587 36.4288
12.394 839.7587 36.4263
12.404 839.7508 36.4247
12.414 839.7808 36.4247
12.424 839.7805 36.4254
12.434 839.7705 36.4264
12.444 839.7519 36.4272
12.454 839.7354 36.4268
12.464 839.7744 36.4250
12.474 839.7752 36.4242
12.484 839.7585 36.4260
12.494 839.7540 36.4273
12.504 839.7509 36.4264
12.514 839.7699 36.4269
12.524 839.7612 36.4281
12.534 839.7894 36.4274
12.544 839.7684 36.4286
12.554 839.7763 36.4306
12.564 839.7800 36.4276
12.574 839.7341 36.4260
12.584 839.7617 36.4278
12.594 839.7702 36.4272
12.604 839.7530 36.4271
12.614 839.7453 36.4276
12.624 839.7792 36.4273
12.634 839.7777 36.4272
12.644 839.7551 36.4284
12.654 839.7633 36.4285
12.664 839.7556 36.4274
12.674 839.7739 36.4278
12.684 839.7537 36.4277
12.694 839.7556 36.4258
12.704 839.7553 36.4259
12.714 839.7906 36.4268
12.724 839.7906 36.4258
12.734 839.7525 36.4258
12.744 839.7652 36.4276
12.754 839.7986 36.4289
12.764 839.7922 36.4278
12.774 839.7522 36.4278
12.784 839.7570 36.4274
12.794 839.7760 36.4269
12.804 839.7275 36.4284
12.814 839.7662 36.4277
12.824 839.7858 36.4258
12.834 839.7752 36.4265
12.844 839.7527 36.4271
12.854 839.7625 36.4264
12.864 839.7572 36.4272
12.874 839.7798 36.4265
12.884 839.7434 36.4267
12.894 839.7402 36.4277
12.904 839.7569 36.4263
12.914 839.7381 36.4256
12.924 839.7275 36.4265
12.934 839.7442 36.4273
12.944 839.7797 36.4276
12.954 839.7532 36.4267
12.964 839.7508 36.4250
12.974 839.7402 36.4247
12.984 839.7336 36.4263
12.994 839.7893 36.4274
13.004 839.7570 36.4278
13.014 839.7347 36.4278
13.024 839.7744 36.4284
13.034 839.7540 36.4274
13.044 839.7132 36.4260
13.054 839.7551 36.4278
13.064 839.7583 36.4288
13.074 839.7593 36.4284
13.084 839.7861 36.4272
13.094 839.7854 36.4259
13.104 839.7731 36.4272
13.114 839.7684 36.4286
13.124 839.7320 36.4272
13.134 839.7631 36.4276
13.144 839.7620 36.4280
13.154 839.7760 36.4286
13.164 839.7402 36.4290
13.174 839.7493 36.4268
13.184 839.7896 36.4256
13.194 839.7577 36.4273
13.204 839.7667 36.4289
13.214 839.7720 36.4269
13.224 839.7615 36.4259
13.234 839.7761 36.4267
13.244 839.7647 36.4278
13.254 839.7384 36.4286
13.264 839.7540 36.4285
13.274 839.7532 36.4284
13.284 839.7747 36.4269
13.294 839.7845 36.4265
13.304 839.7636 36.4280
13.314 839.7267 36.4282
13.324 839.7607 36.4280
13.334 839.7623 36.4281
13.344 839.7450 36.4293
13.354 839.7357 36.4291
13.364 839.7829 36.4280
13.374 839.7596 36.4252
13.384 839.7383 36.4247
13.394 839.7290 36.4269
13.404 839.7850 36.4247
13.414 839.7341 36.4238
13.424 839.7644 36.4267
13.434 839.7527 36.4272
13.444 839.7442 36.4265
13.454 839.7697 36.4263
13.464 839.7601 36.4267
13.474 839.7358 36.4282
13.484 839.7628 36.4281
13.494 839.7858 36.4289
13.504 839.7514 36.4285
13.514 839.7670 36.4261
13.524 839.7867 36.4265
13.534 839.7535 36.4260
13.544 839.7721 36.4274
13.554 839.7909 36.4285
13.564 839.7875 36.4285
13.574 839.7439 36.4295
13.584 839.7561 36.4278
13.594 839.7835 36.4265
13.604 839.7403 36.4261
13.614 839.7782 36.4268
13.624 839.7702 36.4284
13.634 839.7739 36.4288
13.644 839.7689 36.4276
13.654 839.7702 36.4276
13.664 839.7933 36.4269
13.674 839.7368 36.4276
13.684 839.7729 36.4289
13.694 839.7482 36.4285
13.704 839.7659 36.4298
13.714 839.7726 36.4277
13.724 839.7363 36.4264
13.734 839.7577 36.4288
13.744 839.7638 36.4282
13.754 839.7646 36.4260
13.764 839.7689 36.4263
13.774 839.7633 36.4267
13.784 839.7464 36.4269
13.794 839.7594 36.4269
13.804 839.7299 36.4277
13.814 839.7477 36.4286
13.824 839.7390 36.4278
13.834 839.7379 36.4284
13.844 839.7468 36.4295
13.854 839.7649 36.4281
13.864 839.7206 36.4261
13.874 839.7771 36.4250
13.884 839.7403 36.4260
13.894 839.7861 36.4291
13.904 839.7378 36.4284
13.914 839.7771 36.4263
13.924 839.7883 36.4263
13.934 839.7824 36.4273
13.944 839.7506 36.4282
13.954 839.7708 36.4290
13.964 839.7922 36.4289
13.974 839.7527 36.4288
13.984 839.7667 36.4284
13.994 839.7842 36.4272
14.004 839.7452 36.4268
14.014 839.7434 36.4254
14.024 839.7498 36.4254
14.034 839.7429 36.4281
14.044 839.7596 36.4276
14.054 839.7670 36.4269
14.064 839.7869 36.4269
14.074 839.7848 36.4260
14.084 839.7795 36.4285
14.094 839.7543 36.4284
14.104 839.7663 36.4276
14.114 839.8105 36.4289
14.124 839.7755 36.4284
14.134 839.7402 36.4282
14.144 839.7296 36.4265
14.154 839.7644 36.4256
14.164 839.7856 36.4268
14.174 839.7506 36.4274
14.184 839.7792 36.4288
14.194 839.7541 36.4280
14.204 839.7901 36.4284
14.214 839.7371 36.4288
14.224 839.7525 36.4273
14.234 839.7713 36.4286
14.244 839.7559 36.4289
14.254 839.7461 36.4281
14.264 839.7590 36.4278
14.274 839.7569 36.4267
14.284 839.7771 36.4258
14.294 839.7750 36.4265
14.304 839.7416 36.4273
14.314 839.7776 36.4272
14.324 839.7843 36.4272
14.334 839.7604 36.4276
14.344 839.7715 36.4281
14.354 839.7599 36.4282
14.364 839.7548 36.4273
14.374 839.7580 36.4271
14.384 839.7599 36.4273
14.394 839.7598 36.4271
14.404 839.7479 36.4271
14.414 839.7439 36.4261
14.424 839.7816 36.4248
14.434 839.7660 36.4247
14.444 839.7551 36.4259
14.454 839.7466 36.4273
14.464 839.7702 36.4284
14.474 839.7230 36.4278
14.484 839.7626 36.4276
14.494 839.7623 36.4281
14.504 839.7461 36.4293
14.514 839.7543 36.4282
14.524 839.7676 36.4276
14.534 839.7758 36.4280
14.544 839.7431 36.4272
14.554 839.7795 36.4267
14.564 839.7991 36.4261
14.574 839.7527 36.4267
14.584 839.7936 36.4272
14.594 839.7898 36.4272
14.604 839.7514 36.4281
14.614 839.7713 36.4281
14.624 839.7554 36.4274
14.634 839.7554 36.4281
14.644 839.7806 36.4276
14.654 839.7469 36.4276
14.664 839.7336 36.4281
14.674 839.7835 36.4271
14.684 839.7787 36.4269
14.694 839.7485 36.4286
14.704 839.7707 36.4281
14.714 839.7646 36.4269
14.724 839.7705 36.4269
14.734 839.7872 36.4267
14.744 839.7609 36.4286
14.754 839.7381 36.4295
14.764 839.7575 36.4276
14.774 839.7630 36.4282
14.784 839.7468 36.4286
14.794 839.7061 36.4268
14.804 839.7726 36.4261
14.814 839.7193 36.4280
14.824 839.7525 36.4297
14.834 839.7801 36.4281
14.844 839.7870 36.4280
14.854 839.7631 36.4297
14.864 839.7559 36.4294
14.874 839.7580 36.4277
14.884 839.7342 36.4278
14.894 839.7734 36.4280
14.904 839.7798 36.4281
14.914 839.7740 36.4291
14.924 839.7755 36.4295
14.934 839.7593 36.4294
14.944 839.7688 36.4265
14.954 839.7389 36.4250
14.964 839.7697 36.4251
14.974 839.7572 36.4259
14.984 839.7540 36.4282
14.994 839.7641 36.4285
15.004 839.7899 36.4260
15.014 839.7463 36.4273
15.024 839.7949 36.4290
15.034 839.7951 36.4268
15.044 839.7659 36.4269
15.054 839.7890 36.4271
15.064 839.7225 36.4255
15.074 839.7755 36.4268
15.084 839.7784 36.4269
15.094 839.7794 36.4265
15.104 839.7503 36.4261
15.114 839.7758 36.4248
15.124 839.7291 36.4251
15.134 839.7773 36.4267
15.144 839.7373 36.4274
15.154 839.7384 36.4265
15.164 839.7614 36.4251
15.174 839.7680 36.4256
15.184 839.7612 36.4260
15.194 839.7758 36.4256
15.204 839.7596 36.4268
15.214 839.7784 36.4276
15.224 839.7198 36.4278
15.234 839.7721 36.4261
15.244 839.7943 36.4256
15.254 839.7676 36.4276
15.264 839.7583 36.4276
15.274 839.7758 36.4272
15.284 839.7923 36.4281
15.294 839.7495 36.4294
15.304 839.7925 36.4293
15.314 839.8206 36.4274
15.324 839.7662 36.4267
15.334 839.7411 36.4268
15.344 839.7575 36.4274
15.354 839.7758 36.4278
15.364 839.7479 36.4286
15.374 839.7639 36.4267
15.384 839.7418 36.4267
15.394 839.7983 36.4281
15.404 839.7458 36.4273
15.414 839.7699 36.4277
15.424 839.7429 36.4274
15.434 839.7951 36.4265
15.444 839.7737 36.4269
15.454 839.7840 36.4280
15.464 839.7612 36.4274
15.474 839.7715 36.4271
15.484 839.7593 36.4268
15.494 839.7614 36.4264
15.504 839.7659 36.4259
15.514 839.7455 36.4260
15.524 839.7497 36.4264
15.534 839.7601 36.4255
15.544 839.8026 36.4248
15.554 839.7283 36.4254
15.564 839.7400 36.4271
15.574 839.7909 36.4280
15.584 839.7660 36.4273
15.594 839.7635 36.4286
15.604 839.7728 36.4273
15.614 839.7646 36.4252
15.624 839.7407 36.4261
15.634 839.7575 36.4258
15.644 839.7830 36.4259
15.654 839.7707 36.4277
15.664 839.7362 36.4293
15.674 839.7606 36.4278
15.684 839.7715 36.4264
15.694 839.7492 36.4265
15.704 839.7612 36.4264
15.714 839.7691 36.4264
15.724 839.7514 36.4259
15.734 839.7071 36.4261
15.744 839.7771 36.4274
15.754 839.7588 36.4276
15.764 839.7463 36.4273
15.774 839.7522 36.4265
15.784 839.7546 36.4268
15.794 839.7440 36.4269
15.804 839.7872 36.4272
15.814 839.7538 36.4274
15.824 839.7461 36.4277
15.834 839.7565 36.4268
15.844 839.7644 36.4267
15.854 839.7511 36.4290
15.864 839.7508 36.4274
15.874 839.7777 36.4255
15.884 839.7665 36.4272
15.894 839.7665 36.4285
15.904 839.7471 36.4294
15.914 839.7705 36.4285
15.924 839.7885 36.4263
15.934 839.7853 36.4268
15.944 839.7572 36.4265
15.954 839.7251 36.4250
15.964 839.7715 36.4258
15.974 839.7628 36.4273
15.984 839.7745 36.4273
15.994 839.7519 36.4285
16.004 839.7516 36.4288
16.014 839.7657 36.4277
16.024 839.7877 36.4267
16.034 839.7996 36.4263
16.044 839.7747 36.4271
16.054 839.7681 36.4265
16.064 839.7890 36.4261
16.074 839.7964 36.4265
16.084 839.7506 36.4259
16.094 839.7551 36.4259
16.104 839.7580 36.4280
16.114 839.7652 36.4284
16.124 839.7429 36.4280
16.134 839.7654 36.4278
16.144 839.7606 36.4260
16.154 839.7423 36.4261
16.164 839.7681 36.4256
16.174 839.7912 36.4258
16.184 839.7474 36.4274
16.194 839.7519 36.4278
16.204 839.7453 36.4282
16.214 839.7638 36.4277
16.224 839.7469 36.4263
16.234 839.7609 36.4272
16.244 839.7569 36.4280
16.254 839.7699 36.4267
16.264 839.7742 36.4265
16.274 839.7726 36.4265
16.284 839.7750 36.4268
16.294 839.7766 36.4269
16.304 839.7464 36.4272
16.314 839.7800 36.4271
16.324 839.7540 36.4277
16.334 839.7646 36.4278
16.344 839.7630 36.4269
16.354 839.7633 36.4267
16.364 839.7537 36.4259
16.374 839.7466 36.4251
16.384 839.7837 36.4250
16.394 839.7421 36.4260
16.404 839.7684 36.4269
16.414 839.7673 36.4284
16.424 839.7564 36.4294
16.434 839.7458 36.4280
16.444 839.7622 36.4263
16.454 839.7930 36.4265
16.464 839.7546 36.4264
16.474 839.7758 36.4260
16.484 839.7776 36.4272
16.494 839.7583 36.4267
16.504 839.7596 36.4258
16.514 839.7731 36.4272
16.524 839.7501 36.4278
16.534 839.7617 36.4281
16.544 839.7543 36.4277
16.554 839.7933 36.4280
16.564 839.7522 36.4289
16.574 839.7498 36.4280
16.584 839.7681 36.4269
16.594 839.7463 36.4267
16.604 839.7707 36.4265
16.614 839.7720 36.4268
16.624 839.7599 36.4269
16.634 839.7774 36.4258
16.644 839.7556 36.4271
16.654 839.7503 36.4274
16.664 839.8036 36.4268
16.674 839.7662 36.4278
16.684 839.7402 36.4276
16.694 839.7492 36.4265
16.704 839.7543 36.4256
16.714 839.7352 36.4255
16.724 839.7583 36.4261
16.734 839.7570 36.4268
16.744 839.7490 36.4272
16.754 839.7874 36.4274
16.764 839.7574 36.4272
16.774 839.7561 36.4269
16.784 839.7787 36.4259
16.794 839.7440 36.4261
16.804 839.7667 36.4281
16.814 839.7529 36.4274
16.824 839.7487 36.4259
16.834 839.7307 36.4255
16.844 839.7312 36.4261
16.854 839.7219 36.4273
16.864 839.7587 36.4258
16.874 839.7660 36.4239
16.884 839.7597 36.4247
16.894 839.7740 36.4273
16.904 839.7776 36.4297
16.914 839.7720 36.4294
16.924 839.7811 36.4267
16.934 839.7623 36.4258
16.944 839.7439 36.4274
16.954 839.7662 36.4273
16.964 839.7861 36.4265
16.974 839.7471 36.4256
16.984 839.7694 36.4263
16.994 839.7715 36.4263
17.004 839.7800 36.4254
17.014 839.7609 36.4264
17.024 839.7601 36.4260
17.034 839.7810 36.4258
17.044 839.7556 36.4263
17.054 839.7777 36.4256
17.064 839.7771 36.4268
17.074 839.7960 36.4285
17.084 839.7723 36.4282
17.094 839.7184 36.4284
17.104 839.7580 36.4268
17.114 839.7691 36.4250
17.124 839.7403 36.4252
17.134 839.7639 36.4271
17.144 839.7299 36.4293
17.154 839.7331 36.4281
17.164 839.7540 36.4260
17.174 839.7787 36.4267
17.184 839.7667 36.4269
17.194 839.7593 36.4272
17.204 839.7487 36.4268
17.214 839.7725 36.4259
17.224 839.7354 36.4261
17.234 839.7556 36.4251
17.244 839.7763 36.4251
17.254 839.7696 36.4268
17.264 839.7612 36.4260
17.274 839.7660 36.4246
17.284 839.7586 36.4259
17.294 839.7490 36.4291
17.304 839.7583 36.4282
17.314 839.7940 36.4263
17.324 839.7373 36.4263
17.334 839.7710 36.4247
17.344 839.7685 36.4251
17.354 839.7707 36.4252
17.364 839.7678 36.4241
17.374 839.7402 36.4260
17.384 839.7330 36.4273
17.394 839.8031 36.4256
17.404 839.7596 36.4248
17.414 839.7561 36.4264
17.424 839.7837 36.4278
17.434 839.7710 36.4271
17.444 839.7529 36.4260
17.454 839.7710 36.4261
17.464 839.7543 36.4255
17.474 839.7410 36.4252
17.484 839.7755 36.4261
17.494 839.7731 36.4260
17.504 839.7601 36.4265
17.514 839.7439 36.4272
17.524 839.7270 36.4263
17.534 839.7606 36.4256
17.544 839.7620 36.4264
17.554 839.7447 36.4256
17.564 839.7601 36.4263
17.574 839.7354 36.4269
17.584 839.7755 36.4244
17.594 839.7331 36.4242
17.604 839.7309 36.4247
17.614 839.7290 36.4258
17.624 839.8007 36.4265
17.634 839.7371 36.4247
17.644 839.7829 36.4252
17.654 839.7776 36.4268
17.664 839.7312 36.4274
17.674 839.8065 36.4258
17.684 839.7649 36.4239
17.694 839.7561 36.4244
17.704 839.7781 36.4250
17.714 839.7546 36.4252
17.724 839.7615 36.4260
17.734 839.7577 36.4272
17.744 839.7328 36.4278
17.754 839.7914 36.4269
17.764 839.7492 36.4256
17.774 839.7296 36.4261
17.784 839.7538 36.4264
17.794 839.7656 36.4277
17.804 839.7452 36.4268
17.814 839.7579 36.4244
17.824 839.7471 36.4235
17.834 839.7609 36.4234
17.844 839.7787 36.4263
17.854 839.7773 36.4267
17.864 839.7678 36.4263
17.874 839.7444 36.4265
17.884 839.7625 36.4255
17.894 839.7517 36.4250
17.904 839.7606 36.4265
17.914 839.7315 36.4276
17.924 839.7752 36.4265
17.934 839.7336 36.4259
17.944 839.7941 36.4255
17.954 839.7723 36.4260
17.964 839.7593 36.4274
17.974 839.7471 36.4268
17.984 839.7487 36.4259
17.994 839.7781 36.4254
18.004 839.7431 36.4252
18.014 839.7585 36.4260
18.024 839.7794 36.4261
18.034 839.7479 36.4255
18.044 839.7288 36.4230
18.054 839.7243 36.4239
18.064 839.7362 36.4246
18.074 839.7341 36.4251
18.084 839.7333 36.4264
18.094 839.7791 36.4263
18.104 839.7534 36.4241
18.114 839.7762 36.4220
18.124 839.7706 36.4230
18.134 839.7261 36.4233
18.144 839.7415 36.4233
18.154 839.7707 36.4233
18.164 839.7490 36.4244
18.174 839.7731 36.4260
18.184 839.7641 36.4263
18.194 839.7810 36.4272
18.204 839.7672 36.4273
18.214 839.7652 36.4256
18.224 839.7341 36.4252
18.234 839.7646 36.4269
18.244 839.7739 36.4272
18.254 839.7773 36.4267
18.264 839.7471 36.4258
18.274 839.7436 36.4247
18.284 839.7551 36.4244
18.294 839.7238 36.4246
18.304 839.7566 36.4256
18.314 839.7505 36.4258
18.324 839.7367 36.4255
18.334 839.7741 36.4252
18.344 839.7540 36.4239
18.354 839.7391 36.4241
18.364 839.7574 36.4251
18.374 839.7654 36.4242
18.384 839.7418 36.4241
18.394 839.7384 36.4243
18.404 839.7397 36.4246
18.414 839.7532 36.4256
18.424 839.7479 36.4272
18.434 839.7638 36.4256
18.444 839.7479 36.4239
18.454 839.7551 36.4254
18.464 839.7436 36.4258
18.474 839.7622 36.4256
18.484 839.7524 36.4246
18.494 839.7564 36.4255
18.504 839.7598 36.4252
18.514 839.7649 36.4244
18.524 839.7455 36.4261
18.534 839.7805 36.4277
18.544 839.7633 36.4273
18.554 839.7664 36.4263
18.564 839.7497 36.4251
18.574 839.7497 36.4248
18.584 839.7171 36.4248
18.594 839.7667 36.4248
18.604 839.7439 36.4243
18.614 839.7855 36.4241
18.624 839.7789 36.4265
18.634 839.7726 36.4251
18.644 839.7442 36.4246
18.654 839.7601 36.4269
18.664 839.7659 36.4258
18.674 839.7466 36.4244
18.684 839.7532 36.4246
18.694 839.7553 36.4251
18.704 839.7582 36.4247
18.714 839.7736 36.4230
18.724 839.7614 36.4235
18.734 839.7604 36.4238
18.744 839.7484 36.4242
18.754 839.7426 36.4255
18.764 839.7564 36.4260
18.774 839.7455 36.4259
18.784 839.7349 36.4272
18.794 839.7341 36.4273
18.804 839.7558 36.4239
18.814 839.7794 36.4235
18.824 839.7723 36.4251
18.834 839.7652 36.4239
18.844 839.7429 36.4241
18.854 839.7890 36.4269
18.864 839.7654 36.4269
18.874 839.7582 36.4250
18.884 839.7537 36.4243
18.894 839.7797 36.4235
18.904 839.7460 36.4250
18.914 839.7699 36.4268
18.924 839.7261 36.4258
18.934 839.7853 36.4247
18.944 839.7389 36.4251
18.954 839.7781 36.4250
18.964 839.7327 36.4250
18.974 839.7749 36.4242
18.984 839.7940 36.4229
18.994 839.7789 36.4254
19.004 839.7736 36.4247
19.014 839.7436 36.4237
19.024 839.7688 36.4256
19.034 839.7741 36.4246
19.044 839.7593 36.4233
19.054 839.7551 36.4241
19.064 839.7768 36.4250
19.074 839.7312 36.4265
19.084 839.7712 36.4263
19.094 839.7778 36.4248
19.104 839.7569 36.4244
19.114 839.7479 36.4250
19.124 839.7429 36.4256
19.134 839.7542 36.4258
19.144 839.7725 36.4260
19.154 839.7409 36.4243
19.164 839.7423 36.4233
19.174 839.7375 36.4233
19.184 839.7797 36.4239
19.194 839.7670 36.4243
19.204 839.7606 36.4250
19.214 839.7720 36.4251
19.224 839.7892 36.4256
19.234 839.7587 36.4258
19.244 839.7457 36.4251
19.254 839.7386 36.4247
19.264 839.7378 36.4238
19.274 839.7458 36.4230
19.284 839.7566 36.4226
19.294 839.7696 36.4247
19.304 839.7200 36.4255
19.314 839.7429 36.4227
19.324 839.7725 36.4230
19.334 839.7598 36.4260
19.344 839.7460 36.4251
19.354 839.7760 36.4234
19.364 839.7680 36.4248
19.374 839.8036 36.4259
19.384 839.7750 36.4247
19.394 839.7752 36.4258
19.404 839.7853 36.4272
19.414 839.7097 36.4264
19.424 839.7439 36.4250
19.434 839.7702 36.4243
19.444 839.7596 36.4247
19.454 839.7768 36.4248
19.464 839.7627 36.4260
19.474 839.7643 36.4254
19.484 839.7561 36.4230
19.494 839.8004 36.4229
19.504 839.7651 36.4252
19.514 839.7808 36.4251
19.524 839.7882 36.4242
19.534 839.7789 36.4255
19.544 839.7412 36.4255
19.554 839.7510 36.4246
19.564 839.7500 36.4243
19.574 839.7423 36.4237
19.584 839.7736 36.4241
19.594 839.7551 36.4248
19.604 839.7805 36.4247
19.614 839.7537 36.4256
19.624 839.7715 36.4254
19.634 839.7635 36.4250
19.644 839.7495 36.4246
19.654 839.7548 36.4234
19.664 839.7577 36.4247
19.674 839.7784 36.4264
19.684 839.7431 36.4260
19.694 839.7458 36.4243
19.704 839.7420 36.4234
19.714 839.7370 36.4256
19.724 839.7750 36.4238
19.734 839.7795 36.4250
19.744 839.7457 36.4281
19.754 839.7341 36.4258
19.764 839.7659 36.4238
19.774 839.7579 36.4244
19.784 839.7306 36.4246
19.794 839.7431 36.4225
19.804 839.7445 36.4227
19.814 839.7715 36.4252
19.824 839.7733 36.4268
19.834 839.7646 36.4255
19.844 839.7750 36.4237
19.854 839.7277 36.4239
19.864 839.7547 36.4263
19.874 839.7540 36.4250
19.884 839.7301 36.4237
19.894 839.7736 36.4242
19.904 839.7449 36.4252
19.914 839.7505 36.4247
19.924 839.7424 36.4234
19.934 839.7540 36.4252
19.944 839.7338 36.4267
19.954 839.7213 36.4260
19.964 839.7381 36.4243
19.974 839.7540 36.4227
19.984 839.7657 36.4246
19.994 839.7548 36.4269
20.004 839.7935 36.4263
20.014 839.7654 36.4264
20.024 839.7667 36.4254
20.034 839.7627 36.4243
20.044 839.7601 36.4241
20.054 839.7505 36.4239
20.064 839.7627 36.4244
20.074 839.7407 36.4252
20.084 839.7542 36.4248
20.094 839.7537 36.4241
20.104 839.7863 36.4243
20.114 839.8083 36.4231
20.124 839.7574 36.4227
20.134 839.8125 36.4244
20.144 839.7383 36.4231
20.154 839.7706 36.4220
20.164 839.7640 36.4229
20.174 839.7720 36.4233
20.184 839.7738 36.4237
20.194 839.7580 36.4230
20.204 839.7821 36.4239
20.214 839.7694 36.4252
20.224 839.7492 36.4252
20.234 839.7441 36.4254
20.244 839.7592 36.4237
20.254 839.7253 36.4230
20.264 839.7760 36.4231
20.274 839.7535 36.4229
20.284 839.7725 36.4241
20.294 839.7611 36.4258
20.304 839.7511 36.4251
20.314 839.7638 36.4241
20.324 839.7728 36.4246
20.334 839.7595 36.4244
20.344 839.7916 36.4225
20.354 839.7574 36.4233
20.364 839.7370 36.4254
20.374 839.7510 36.4241
20.384 839.7348 36.4231
20.394 839.6988 36.4227
20.404 839.7558 36.4230
20.414 839.7627 36.4235
20.424 839.7768 36.4242
20.434 839.7675 36.4248
20.444 839.7643 36.4254
20.454 839.7826 36.4254
20.464 839.7633 36.4247
20.474 839.7919 36.4255
20.484 839.7582 36.4251
20.494 839.7356 36.4255
20.504 839.7913 36.4254
20.514 839.7539 36.4225
20.524 839.7139 36.4225
20.534 839.7399 36.4233
20.544 839.7433 36.4237
20.554 839.7680 36.4246
20.564 839.7269 36.4235
20.574 839.7638 36.4229
20.584 839.7622 36.4237
20.594 839.7598 36.4235
20.604 839.7441 36.4237
20.614 839.7733 36.4225
20.624 839.7450 36.4212
20.634 839.7638 36.4237
20.644 839.7680 36.4261
20.654 839.7701 36.4244
20.664 839.7460 36.4229
20.674 839.7556 36.4239
20.684 839.7643 36.4239
20.694 839.7810 36.4241
20.704 839.7704 36.4247
20.714 839.7691 36.4247
20.724 839.7877 36.4231
20.734 839.7728 36.4243
20.744 839.7876 36.4261
20.754 839.7518 36.4225
20.764 839.7441 36.4207
20.774 839.7622 36.4213
20.784 839.7561 36.4212
20.794 839.7815 36.4237
20.804 839.7678 36.4243
20.814 839.7938 36.4231
20.824 839.7693 36.4255
20.834 839.7808 36.4255
20.844 839.7378 36.4244
20.854 839.7770 36.4246
20.864 839.7693 36.4226
20.874 839.7698 36.4227
20.884 839.7945 36.4226
20.894 839.7759 36.4220
20.904 839.7850 36.4231
20.914 839.7407 36.4231
20.924 839.7505 36.4239
20.934 839.7566 36.4241
20.944 839.7646 36.4234
20.954 839.7593 36.4237
20.964 839.7839 36.4248
20.974 839.7630 36.4241
20.984 839.7418 36.4234
20.994 839.7579 36.4250
21.004 839.7560 36.4237
21.014 839.7327 36.4225
21.024 839.7425 36.4225
21.034 839.7598 36.4210
21.044 839.7643 36.4213
21.054 839.7693 36.4225
21.064 839.7685 36.4238
21.074 839.7502 36.4235
21.084 839.7768 36.4222
21.094 839.7507 36.4233
21.104 839.7468 36.4235
21.114 839.7874 36.4226
21.124 839.7399 36.4252
21.134 839.7566 36.4251
21.144 839.7467 36.4218
21.154 839.7290 36.4218
21.164 839.7354 36.4216
21.174 839.7542 36.4210
21.184 839.7633 36.4224
21.194 839.7778 36.4243
21.204 839.7773 36.4251
21.214 839.7537 36.4241
21.224 839.7253 36.4256
21.234 839.7807 36.4259
21.244 839.7476 36.4238
21.254 839.7497 36.4237
21.264 839.7595 36.4229
21.274 839.7418 36.4221
21.284 839.7537 36.4224
21.294 839.7794 36.4237
21.304 839.7894 36.4241
21.314 839.7624 36.4239
21.324 839.7606 36.4216
21.334 839.7611 36.4210
21.344 839.7654 36.4229
21.354 839.7505 36.4241
21.364 839.7539 36.4243
21.374 839.7274 36.4234
21.384 839.7759 36.4233
21.394 839.7680 36.4230
21.404 839.7460 36.4222
21.414 839.7961 36.4238
21.424 839.7571 36.4248
21.434 839.7184 36.4239
21.444 839.7282 36.4230
21.454 839.7640 36.4231
21.464 839.7598 36.4243
21.474 839.7804 36.4237
21.484 839.7516 36.4243
21.494 839.7545 36.4226
21.504 839.7739 36.4230
21.514 839.7564 36.4263
21.524 839.7438 36.4258
21.534 839.7555 36.4244
21.544 839.7826 36.4220
21.554 839.7680 36.4231
21.564 839.7759 36.4246
21.574 839.7651 36.4229
21.584 839.7385 36.4231
21.594 839.7640 36.4224
21.604 839.7282 36.4212
21.614 839.7349 36.4218
21.624 839.7648 36.4234
21.634 839.7754 36.4248
21.644 839.7603 36.4241
21.654 839.7542 36.4238
21.664 839.7649 36.4246
21.674 839.7588 36.4243
21.684 839.8121 36.4250
21.694 839.7823 36.4274
21.704 839.7595 36.4263
21.714 839.7590 36.4235
21.724 839.7659 36.4233
21.734 839.7845 36.4221
21.744 839.7640 36.4237
21.754 839.7539 36.4246
21.764 839.7479 36.4218
21.774 839.7795 36.4214
21.784 839.7987 36.4248
21.794 839.7409 36.4258
21.804 839.7704 36.4225
21.814 839.7606 36.4224
21.824 839.7715 36.4241
21.834 839.7794 36.4229
21.844 839.7593 36.4237
21.854 839.7511 36.4248
21.864 839.7837 36.4241
21.874 839.7736 36.4246
21.884 839.7898 36.4251
21.894 839.7834 36.4256
21.904 839.7248 36.4254
21.914 839.7444 36.4231
21.924 839.7552 36.4235
21.934 839.7348 36.4241
21.944 839.7842 36.4221
21.954 839.7672 36.4230
21.964 839.7500 36.4235
21.974 839.7388 36.4234
21.984 839.7722 36.4231
21.994 839.7622 36.4231
22.004 839.7640 36.4231
22.014 839.7839 36.4227
22.024 839.7598 36.4237
22.034 839.7640 36.4234
22.044 839.7730 36.4225
22.054 839.7752 36.4218
22.064 839.8067 36.4235
22.074 839.7431 36.4255
22.084 839.7587 36.4237
22.094 839.7728 36.4225
22.104 839.7638 36.4220
22.114 839.7669 36.4225
22.124 839.7651 36.4235
22.134 839.7799 36.4224
22.144 839.7831 36.4224
22.154 839.7693 36.4242
22.164 839.7791 36.4248
22.174 839.7340 36.4226
22.184 839.7566 36.4220
22.194 839.7439 36.4226
22.204 839.7523 36.4237
22.214 839.7579 36.4229
22.224 839.7590 36.4216
22.234 839.7431 36.4216
22.244 839.7799 36.4221
22.254 839.7508 36.4243
22.264 839.7736 36.4242
22.274 839.7887 36.4235
22.284 839.7401 36.4238
22.294 839.7449 36.4230
22.304 839.7733 36.4229
22.314 839.7490 36.4234
22.324 839.7155 36.4246
22.334 839.7847 36.4254
22.344 839.7635 36.4235
22.354 839.7481 36.4220
22.364 839.7518 36.4216
22.374 839.7430 36.4213
22.384 839.7627 36.4213
22.394 839.7534 36.4216
22.404 839.7489 36.4221
22.414 839.7574 36.4239
22.424 839.7916 36.4235
22.434 839.7529 36.4231
22.444 839.7706 36.4244
22.454 839.7455 36.4218
22.464 839.7588 36.4224
22.474 839.7431 36.4264
22.484 839.7438 36.4256
22.494 839.7393 36.4225
22.504 839.7725 36.4210
22.514 839.7807 36.4225
22.524 839.7685 36.4242
22.534 839.7412 36.4227
22.544 839.7699 36.4213
22.554 839.7510 36.4234
22.564 839.7365 36.4238
22.574 839.7642 36.4237
22.584 839.7655 36.4238
22.594 839.7666 36.4210
22.604 839.7746 36.4199
22.614 839.7399 36.4213
22.624 839.7760 36.4243
22.634 839.7558 36.4255
22.644 839.7603 36.4250
22.654 839.7677 36.4233
22.664 839.7646 36.4218
22.674 839.7897 36.4227
22.684 839.7547 36.4239
22.694 839.7592 36.4217
22.704 839.7823 36.4200
22.714 839.7743 36.4204
22.724 839.7640 36.4208
22.734 839.7805 36.4224
22.744 839.7590 36.4227
22.754 839.7491 36.4235
22.764 839.7516 36.4230
22.774 839.7757 36.4218
22.784 839.7422 36.4230
22.794 839.7722 36.4230
22.804 839.7706 36.4221
22.814 839.7609 36.4231
22.824 839.7755 36.4233
22.834 839.7884 36.4239
22.844 839.7783 36.4247
22.854 839.7672 36.4229
22.864 839.7802 36.4225
22.874 839.7454 36.4225
22.884 839.7616 36.4216
22.894 839.7285 36.4227
22.904 839.7542 36.4225
22.914 839.7711 36.4217
22.924 839.7362 36.4216
22.934 839.7439 36.4217
22.944 839.7842 36.4227
22.954 839.7831 36.4229
22.964 839.7598 36.4226
22.974 839.7309 36.4221
22.984 839.7802 36.4225
22.994 839.7622 36.4229
23.004 839.7582 36.4243
23.014 839.7643 36.4237
23.024 839.7555 36.4226
23.034 839.7648 36.4238
23.044 839.7640 36.4231
23.054 839.7550 36.4231
23.064 839.7627 36.4227
23.074 839.7463 36.4229
23.084 839.7566 36.4248
23.094 839.7630 36.4241
23.104 839.7794 36.4227
23.114 839.7619 36.4231
23.124 839.7611 36.4230
23.134 839.7563 36.4235
23.144 839.7486 36.4241
23.154 839.7359 36.4226
23.164 839.7585 36.4225
23.174 839.7632 36.4235
23.184 839.7624 36.4237
23.194 839.7690 36.4224
23.204 839.7632 36.4210
23.214 839.7385 36.4216
23.224 839.7651 36.4224
23.234 839.7531 36.4221
23.244 839.7640 36.4233
23.254 839.7232 36.4229
23.264 839.7791 36.4218
23.274 839.7383 36.4218
23.284 839.7537 36.4210
23.294 839.7455 36.4229
23.304 839.7699 36.4241
23.314 839.7695 36.4246
23.324 839.7478 36.4238
23.334 839.7773 36.4209
23.344 839.7428 36.4212
23.354 839.7759 36.4229
23.364 839.7539 36.4224
23.374 839.7730 36.4213
23.384 839.7717 36.4224
23.394 839.7494 36.4226
23.404 839.7303 36.4220
23.414 839.7699 36.4220
23.424 839.7534 36.4235
23.434 839.7247 36.4247
23.444 839.7533 36.4221
23.454 839.7170 36.4199
23.464 839.7698 36.4203
23.474 839.7518 36.4207
23.484 839.7391 36.4220
23.494 839.7404 36.4231
23.504 839.7767 36.4233
23.514 839.7419 36.4230
23.524 839.7645 36.4208
23.534 839.7849 36.4201
23.544 839.7622 36.4212
23.554 839.7667 36.4212
23.564 839.7393 36.4227
23.574 839.7934 36.4231
23.584 839.7776 36.4216
23.594 839.7632 36.4226
23.604 839.7269 36.4239
23.614 839.7735 36.4233
23.624 839.7743 36.4218
23.634 839.7749 36.4220
23.644 839.7927 36.4224
23.654 839.7770 36.4217
23.664 839.7576 36.4231
23.674 839.7619 36.4227
23.684 839.7751 36.4224
23.694 839.7484 36.4226
23.704 839.7420 36.4227
23.714 839.7868 36.4224
23.724 839.7505 36.4210
23.734 839.7794 36.4221
23.744 839.7481 36.4216
23.754 839.7709 36.4212
23.764 839.7290 36.4213
23.774 839.7390 36.4216
23.784 839.7759 36.4210
23.794 839.7475 36.4205
23.804 839.7492 36.4213
23.814 839.7717 36.4220
23.824 839.7486 36.4227
23.834 839.7807 36.4229
23.844 839.7740 36.4234
23.854 839.7631 36.4209
23.864 839.7733 36.4186
23.874 839.7560 36.4196
23.884 839.7372 36.4218
23.894 839.7778 36.4225
23.904 839.7510 36.4214
23.914 839.7603 36.4213
23.924 839.7714 36.4200
23.934 839.7465 36.4209
23.944 839.7557 36.4227
23.954 839.7170 36.4214
23.964 839.7252 36.4205
23.974 839.7642 36.4207
23.984 839.7643 36.4201
23.994 839.7807 36.4210
24.004 839.7651 36.4229
24.014 839.7542 36.4227
24.024 839.7674 36.4224
24.034 839.7468 36.4216
24.044 839.7656 36.4217
24.054 839.7664 36.4225
24.064 839.7778 36.4226
24.074 839.7253 36.4230
24.084 839.7669 36.4213
24.094 839.7459 36.4210
24.104 839.7417 36.4205
24.114 839.7367 36.4203
24.124 839.7560 36.4209
24.134 839.7517 36.4212
24.144 839.7329 36.4216
24.154 839.7274 36.4195
24.164 839.7468 36.4184
24.174 839.7465 36.4212
24.184 839.7770 36.4243
24.194 839.7780 36.4242
24.204 839.7512 36.4227
24.214 839.7802 36.4214
24.224 839.7502 36.4210
24.234 839.7693 36.4216
24.244 839.7772 36.4214
24.254 839.7658 36.4208
24.264 839.7677 36.4210
24.274 839.7592 36.4218
24.284 839.7701 36.4218
24.294 839.7621 36.4222
24.304 839.7529 36.4221
24.314 839.7762 36.4218
24.324 839.7512 36.4218
24.334 839.7419 36.4214
24.344 839.7324 36.4201
24.354 839.7435 36.4201
24.364 839.7207 36.4209
24.374 839.7770 36.4209
24.384 839.7573 36.4207
24.394 839.7435 36.4218
24.404 839.7404 36.4213
24.414 839.7714 36.4200
24.424 839.7486 36.4221
24.434 839.7518 36.4218
24.444 839.7746 36.4216
24.454 839.7542 36.4213
24.464 839.7556 36.4207
24.474 839.7675 36.4225
24.484 839.7412 36.4241
24.494 839.7436 36.4226
24.504 839.7396 36.4234
24.514 839.7393 36.4237
24.524 839.7706 36.4217
24.534 839.7356 36.4225
24.544 839.7637 36.4224
24.554 839.7465 36.4225
24.564 839.7563 36.4226
24.574 839.7674 36.4214
24.584 839.7293 36.4208
24.594 839.7383 36.4208
24.604 839.7672 36.4230
24.614 839.7709 36.4229
24.624 839.7706 36.4216
24.634 839.7571 36.4216
24.644 839.7680 36.4224
24.654 839.7574 36.4230
24.664 839.7690 36.4229
24.674 839.7486 36.4231
24.684 839.7722 36.4216
24.694 839.7338 36.4216
24.704 839.7619 36.4213
24.714 839.7306 36.4216
24.724 839.7733 36.4217
24.734 839.7741 36.4209
24.744 839.7711 36.4218
24.754 839.7679 36.4213
24.764 839.7305 36.4199
24.774 839.7592 36.4192
24.784 839.7775 36.4191
24.794 839.7611 36.4195
24.804 839.7537 36.4212
24.814 839.7470 36.4231
24.824 839.7661 36.4222
24.834 839.7438 36.4199
24.844 839.7353 36.4201
24.854 839.7804 36.4220
24.864 839.7738 36.4214
24.874 839.7945 36.4208
24.884 839.7669 36.4221
24.894 839.7804 36.4222
24.904 839.7653 36.4214
24.914 839.7717 36.4208
24.924 839.7722 36.4216
24.934 839.7489 36.4220
24.944 839.7642 36.4213
24.954 839.7626 36.4217
24.964 839.7669 36.4210
24.974 839.7515 36.4193
24.984 839.7653 36.4196
24.994 839.7605 36.4221
25.004 839.7300 36.4225
25.014 839.7502 36.4201
25.024 839.7480 36.4207
25.034 839.7250 36.4214
25.044 839.7950 36.4195
25.054 839.7493 36.4200
25.064 839.7391 36.4197
25.074 839.7631 36.4192
25.084 839.7446 36.4214
25.094 839.7573 36.4196
25.104 839.7671 36.4187
25.114 839.7382 36.4204
25.124 839.7573 36.4207
25.134 839.7833 36.4210
25.144 839.7414 36.4213
25.154 839.7541 36.4204
25.164 839.6977 36.4199
25.174 839.7478 36.4207
25.184 839.7401 36.4212
25.194 839.7767 36.4221
25.204 839.7616 36.4210
25.214 839.7696 36.4208
25.224 839.7385 36.4225
25.234 839.7404 36.4218
25.244 839.7226 36.4212
25.254 839.7401 36.4221
25.264 839.7722 36.4197
25.274 839.7606 36.4192
25.284 839.7621 36.4222
25.294 839.7600 36.4229
25.304 839.7799 36.4218
25.314 839.7722 36.4217
25.324 839.7616 36.4224
25.334 839.7621 36.4213
25.344 839.7656 36.4197
25.354 839.7873 36.4200
25.364 839.7470 36.4217
25.374 839.7382 36.4205
25.384 839.7626 36.4199
25.394 839.7366 36.4210
25.404 839.7733 36.4203
25.414 839.7566 36.4203
25.424 839.7539 36.4218
25.434 839.7844 36.4218
25.444 839.7311 36.4224
25.454 839.7751 36.4227
25.464 839.7695 36.4212
25.474 839.7523 36.4209
25.484 839.7507 36.4209
25.494 839.7764 36.4216
25.504 839.7626 36.4217
25.514 839.7417 36.4216
25.524 839.7637 36.4212
25.534 839.7775 36.4200
25.544 839.7751 36.4208
25.554 839.7486 36.4212
25.564 839.7998 36.4209
25.574 839.7592 36.4216
25.584 839.7711 36.4230
25.594 839.7576 36.4222
25.604 839.7457 36.4217
25.614 839.7645 36.4214
25.624 839.7412 36.4210
25.634 839.7590 36.4221
25.644 839.7732 36.4225
25.654 839.7626 36.4230
25.664 839.7507 36.4209
25.674 839.7656 36.4203
25.684 839.7733 36.4208
25.694 839.7539 36.4208
25.704 839.7793 36.4218
25.714 839.7647 36.4214
25.724 839.7528 36.4203
25.734 839.7489 36.4195
25.744 839.7563 36.4209
25.754 839.7605 36.4226
25.764 839.7672 36.4217
25.774 839.7637 36.4220
25.784 839.7478 36.4216
25.794 839.7778 36.4199
25.804 839.7754 36.4193
25.814 839.7724 36.4213
25.824 839.7735 36.4229
25.834 839.7316 36.4196
25.844 839.7358 36.4183
25.854 839.7777 36.4187
25.864 839.7701 36.4180
25.874 839.7873 36.4186
25.884 839.7825 36.4212
25.894 839.7388 36.4214
25.904 839.7311 36.4191
25.914 839.7873 36.4204
25.924 839.7775 36.4212
25.934 839.7350 36.4205
25.944 839.7743 36.4203
25.954 839.7748 36.4195
25.964 839.7881 36.4196
25.974 839.7650 36.4208
25.984 839.7828 36.4200
25.994 839.7645 36.4187
26.004 839.7579 36.4192
26.014 839.7645 36.4203
26.024 839.7565 36.4207
26.034 839.7541 36.4193
26.044 839.7929 36.4200
26.054 839.7659 36.4207
26.064 839.7618 36.4205
26.074 839.7907 36.4227
26.084 839.8048 36.4208
26.094 839.7706 36.4186
26.104 839.7921 36.4200
26.114 839.7502 36.4214
26.124 839.7520 36.4220
26.134 839.8003 36.4205
26.144 839.7605 36.4205
26.154 839.7653 36.4214
26.164 839.7626 36.4210
26.174 839.7496 36.4207
26.184 839.7804 36.4203
26.194 839.7685 36.4203
26.204 839.7764 36.4208
26.214 839.7526 36.4213
26.224 839.7608 36.4207
26.234 839.7528 36.4208
26.244 839.7658 36.4212
26.254 839.7581 36.4200
26.264 839.7788 36.4209
26.274 839.7698 36.4199
26.284 839.7398 36.4200
26.294 839.7372 36.4220
26.304 839.7714 36.4200
26.314 839.7550 36.4196
26.324 839.7295 36.4209
26.334 839.7433 36.4220
26.344 839.7579 36.4213
26.354 839.7589 36.4199
26.364 839.7762 36.4207
26.374 839.7669 36.4212
26.384 839.7791 36.4205
26.394 839.7401 36.4214
26.404 839.7796 36.4220
26.414 839.7889 36.4201
26.424 839.7510 36.4195
26.434 839.7486 36.4195
26.444 839.7571 36.4200
26.454 839.7968 36.4207
26.464 839.7525 36.4203
26.474 839.7695 36.4207
26.484 839.7918 36.4199
26.494 839.7565 36.4191
26.504 839.7711 36.4200
26.514 839.7403 36.4200
26.524 839.7600 36.4190
26.534 839.7751 36.4193
26.544 839.7332 36.4208
26.554 839.7838 36.4209
26.564 839.7767 36.4204
26.574 839.7915 36.4197
26.584 839.7334 36.4190
26.594 839.7862 36.4199
26.604 839.7586 36.4196
26.614 839.7374 36.4182
26.624 839.7499 36.4192
26.634 839.7366 36.4197
26.644 839.7644 36.4195
26.654 839.7570 36.4193
26.664 839.7737 36.4184
26.674 839.7359 36.4184
26.684 839.7549 36.4193
26.694 839.7631 36.4208
26.704 839.7835 36.4201
26.714 839.7255 36.4187
26.724 839.7602 36.4187
26.734 839.7716 36.4184
26.744 839.7382 36.4182
26.754 839.7536 36.4192
26.764 839.7359 36.4183
26.774 839.7849 36.4186
26.784 839.7408 36.4208
26.794 839.7337 36.4193
26.804 839.7382 36.4178
26.814 839.7443 36.4188
26.824 839.7589 36.4201
26.834 839.7586 36.4195
26.844 839.7472 36.4203
26.854 839.7692 36.4201
26.864 839.7605 36.4191
26.874 839.7494 36.4190
26.884 839.7382 36.4201
26.894 839.7355 36.4210
26.904 839.7342 36.4192
26.914 839.7610 36.4188
26.924 839.7777 36.4191
26.934 839.7355 36.4177
26.944 839.7968 36.4186
26.954 839.7658 36.4179
26.964 839.7563 36.4170
26.974 839.7536 36.4182
26.984 839.7525 36.4199
26.994 839.7302 36.4204
27.004 839.7665 36.4199
27.014 839.7695 36.4190
27.024 839.7700 36.4177
27.034 839.7554 36.4182
27.044 839.7952 36.4193
27.054 839.7600 36.4195
27.064 839.7762 36.4190
27.074 839.7647 36.4208
27.084 839.7602 36.4205
27.094 839.7724 36.4195
27.104 839.7666 36.4191
27.114 839.7523 36.4187
27.124 839.7589 36.4186
27.134 839.7570 36.4188
27.144 839.7472 36.4184
27.154 839.7517 36.4166
27.164 839.7645 36.4173
27.174 839.7398 36.4186
27.184 839.7472 36.4193
27.194 839.7570 36.4191
27.204 839.7843 36.4173
27.214 839.7562 36.4175
27.224 839.7164 36.4182
27.234 839.7679 36.4171
27.244 839.7653 36.4177
27.254 839.7531 36.4192
27.264 839.7454 36.4197
27.274 839.7650 36.4192
27.284 839.7801 36.4191
27.294 839.7849 36.4196
27.304 839.7671 36.4188
27.314 839.7128 36.4184
27.324 839.7642 36.4197
27.334 839.8082 36.4204
27.344 839.7602 36.4201
27.354 839.8050 36.4190
27.364 839.7398 36.4200
27.374 839.7488 36.4201
27.384 839.7724 36.4182
27.394 839.7851 36.4190
27.404 839.7666 36.4187
27.414 839.7668 36.4177
27.424 839.7474 36.4186
27.434 839.7443 36.4187
27.444 839.7782 36.4174
27.454 839.7475 36.4177
27.464 839.7788 36.4188
27.474 839.7865 36.4192
27.484 839.7437 36.4209
27.494 839.7167 36.4210
27.504 839.7939 36.4174
27.514 839.7836 36.4169
27.524 839.7589 36.4192
27.534 839.7750 36.4205
27.544 839.7780 36.4193
27.554 839.7583 36.4182
27.564 839.7687 36.4178
27.574 839.7891 36.4182
27.584 839.7687 36.4187
27.594 839.7902 36.4178
27.604 839.7507 36.4196
27.614 839.7597 36.4210
27.624 839.7340 36.4208
27.634 839.7584 36.4207
27.644 839.7825 36.4199
27.654 839.7681 36.4200
27.664 839.7684 36.4200
27.674 839.7655 36.4175
27.684 839.7888 36.4167
27.694 839.7679 36.4171
27.704 839.8193 36.4167
27.714 839.7809 36.4183
27.724 839.7758 36.4180
27.734 839.7867 36.4183
27.744 839.7467 36.4186
27.754 839.7546 36.4193
27.764 839.7896 36.4197
27.774 839.7547 36.4182
27.784 839.7791 36.4190
27.794 839.7554 36.4200
27.804 839.7403 36.4201
27.814 839.8061 36.4177
27.824 839.7594 36.4175
27.834 839.7780 36.4197
27.844 839.8008 36.4187
27.854 839.7551 36.4178
27.864 839.7525 36.4180
27.874 839.7255 36.4175
27.884 839.7400 36.4180
27.894 839.7613 36.4184
27.904 839.7528 36.4183
27.914 839.7870 36.4187
27.924 839.7634 36.4191
27.934 839.7722 36.4195
27.944 839.7395 36.4207
27.954 839.7581 36.4195
27.964 839.7533 36.4171
27.974 839.7806 36.4190
27.984 839.7743 36.4193
27.994 839.7570 36.4182
28.004 839.7559 36.4187
28.014 839.7636 36.4193
28.024 839.7761 36.4179
28.034 839.7706 36.4171
28.044 839.7732 36.4187
28.054 839.7459 36.4196
28.064 839.7652 36.4191
28.074 839.7310 36.4184
28.084 839.7496 36.4188
28.094 839.7663 36.4175
28.104 839.7509 36.4166
28.114 839.7485 36.4184
28.124 839.7671 36.4191
28.134 839.7663 36.4179
28.144 839.7886 36.4179
28.154 839.7387 36.4193
28.164 839.7796 36.4175
28.174 839.7403 36.4167
28.184 839.7427 36.4195
28.194 839.7624 36.4175
28.204 839.7764 36.4169
28.214 839.7854 36.4201
28.224 839.7493 36.4216
28.234 839.7695 36.4196
28.244 839.7915 36.4183
28.254 839.7512 36.4191
28.264 839.7700 36.4180
28.274 839.7833 36.4192
28.284 839.7771 36.4193
28.294 839.7493 36.4177
28.304 839.7602 36.4174
28.314 839.7480 36.4183
28.324 839.7342 36.4191
28.334 839.8053 36.4186
28.344 839.8095 36.4200
28.354 839.7811 36.4203
28.364 839.7766 36.4196
28.374 839.7819 36.4184
28.384 839.7676 36.4162
28.394 839.7647 36.4170
28.404 839.7493 36.4182
28.414 839.7965 36.4186
28.424 839.7560 36.4183
28.434 839.7703 36.4178
28.444 839.7400 36.4188
28.454 839.7779 36.4195
28.464 839.7575 36.4183
28.474 839.7512 36.4160
28.484 839.7597 36.4160
28.494 839.7599 36.4183
28.504 839.7650 36.4188
28.514 839.7745 36.4190
28.524 839.7520 36.4187
28.534 839.7427 36.4197
28.544 839.7544 36.4205
28.554 839.7708 36.4187
28.564 839.7759 36.4180
28.574 839.7748 36.4197
28.584 839.8080 36.4204
28.594 839.7575 36.4199
28.604 839.7575 36.4197
28.614 839.7904 36.4178
28.624 839.7915 36.4178
28.634 839.7441 36.4193
28.644 839.7488 36.4208
28.654 839.7507 36.4203
28.664 839.7205 36.4180
28.674 839.7597 36.4199
28.684 839.7716 36.4196
28.694 839.7772 36.4179
28.704 839.7523 36.4192
28.714 839.7342 36.4183
28.724 839.7390 36.4188
28.734 839.7631 36.4191
28.744 839.7499 36.4178
28.754 839.7353 36.4187
28.764 839.7894 36.4195
28.774 839.7790 36.4196
28.784 839.7446 36.4188
28.794 839.7968 36.4192
28.804 839.7488 36.4196
28.814 839.7618 36.4188
28.824 839.7894 36.4190
28.834 839.7798 36.4180
28.844 839.7321 36.4179
28.854 839.7785 36.4178
28.864 839.7626 36.4190
28.874 839.7644 36.4199
28.884 839.7745 36.4184
28.894 839.7838 36.4184
28.904 839.7820 36.4179
28.914 839.7353 36.4188
28.924 839.7894 36.4197
28.934 839.7358 36.4205
28.944 839.7448 36.4197
28.954 839.7626 36.4180
28.964 839.7897 36.4188
28.974 839.7647 36.4193
28.984 839.7612 36.4199
28.994 839.7750 36.4195
29.004 839.7425 36.4178
29.014 839.7600 36.4173
29.024 839.7687 36.4195
29.034 839.7687 36.4199
29.044 839.7904 36.4196
29.054 839.7564 36.4196
29.064 839.7729 36.4175
29.074 839.7870 36.4163
29.084 839.7814 36.4180
29.094 839.6994 36.4186
29.104 839.7761 36.4167
29.114 839.7698 36.4157
29.124 839.7475 36.4178
29.134 839.7612 36.4192
29.144 839.7432 36.4183
29.154 839.7668 36.4178
29.164 839.7520 36.4180
29.174 839.7907 36.4187
29.184 839.7764 36.4196
29.194 839.7673 36.4204
29.204 839.7979 36.4188
29.214 839.7364 36.4171
29.224 839.7809 36.4184
29.234 839.7809 36.4201
29.244 839.7709 36.4192
29.254 839.7557 36.4201
29.264 839.7605 36.4207
29.274 839.7753 36.4196
29.284 839.7777 36.4183
29.294 839.7987 36.4183
29.304 839.7804 36.4195
29.314 839.7828 36.4197
29.324 839.7382 36.4199
29.334 839.7677 36.4201
29.344 839.7767 36.4210
29.354 839.7549 36.4200
29.364 839.7687 36.4190
29.374 839.7687 36.4183
29.384 839.7390 36.4187
29.394 839.7475 36.4205
29.404 839.7743 36.4205
29.414 839.7878 36.4201
29.424 839.7361 36.4196
29.434 839.7650 36.4190
29.444 839.7828 36.4182
29.454 839.7799 36.4178
29.464 839.7552 36.4192
29.474 839.7677 36.4205
29.484 839.7968 36.4212
29.494 839.7605 36.4209
29.504 839.7607 36.4197
29.514 839.7729 36.4192
29.524 839.7790 36.4184
29.534 839.8084 36.4190
29.544 839.7413 36.4183
29.554 839.7830 36.4154
29.564 839.7599 36.4153
29.574 839.7684 36.4166
29.584 839.7812 36.4180
29.594 839.7758 36.4195
29.604 839.7883 36.4193
29.614 839.7408 36.4177
29.624 839.7848 36.4183
29.634 839.7843 36.4187
29.644 839.7546 36.4175
29.654 839.7647 36.4173
29.664 839.7636 36.4173
29.674 839.7504 36.4177
29.684 839.7798 36.4180
29.694 839.7697 36.4179
29.704 839.7771 36.4178
29.714 839.7403 36.4174
29.724 839.7610 36.4156
29.734 839.7578 36.4166
29.744 839.7549 36.4167
29.754 839.7652 36.4170
29.764 839.7668 36.4183
29.774 839.7384 36.4170
29.784 839.7978 36.4169
29.794 839.7453 36.4175
29.804 839.7912 36.4175
29.814 839.7864 36.4182
29.824 839.7666 36.4170
29.834 839.7719 36.4174
29.844 839.7666 36.4195
29.854 839.7329 36.4184
29.864 839.7408 36.4186
29.874 839.7753 36.4184
29.884 839.7663 36.4178
29.894 839.7602 36.4192
29.904 839.7416 36.4193
29.914 839.7745 36.4182
29.924 839.7812 36.4182
29.934 839.7679 36.4188
29.944 839.7252 36.4193
29.954 839.7438 36.4183
29.964 839.7727 36.4183
29.974 839.7530 36.4192
29.984 839.7830 36.4188
29.994 839.7655 36.4183
