% 21-Jul-2025 12:15:14
% Time, s	 Pressure, mBar	 Temperature, degC
0.005 837.9863 35.6852
0.015 837.9812 35.6863
0.025 837.9356 35.6871
0.035 837.9401 35.6885
0.045 837.9736 35.6908
0.055 837.9800 35.6940
0.065 837.9587 35.6924
0.075 837.9570 35.6943
0.085 837.9474 35.6986
0.095 837.9525 35.6985
0.105 837.9910 35.7005
0.115 837.9419 35.7032
0.125 837.9348 35.7060
0.135 837.9600 35.7087
0.145 838.0155 35.7093
0.155 837.9660 35.7081
0.165 838.0008 35.7110
0.174 837.9678 35.7136
0.184 837.9497 35.7136
0.194 837.9433 35.7168
0.204 837.9732 35.7182
0.214 837.9554 35.7193
0.224 837.9619 35.7198
0.234 837.9765 35.7217
0.244 837.9166 35.7217
0.254 837.9534 35.7210
0.264 838.0114 35.7256
0.274 837.9578 35.7260
0.284 837.9504 35.7241
0.294 837.9831 35.7241
0.304 837.9678 35.7237
0.314 837.9996 35.7289
0.324 837.9766 35.7301
0.334 837.9470 35.7279
0.344 837.9503 35.7314
0.354 837.9657 35.7337
0.364 837.9740 35.7333
0.374 837.9729 35.7328
0.384 837.9799 35.7336
0.394 837.9623 35.7339
0.404 837.9567 35.7347
0.414 837.9586 35.7366
0.424 837.9739 35.7379
0.434 837.9872 35.7382
0.444 837.9703 35.7370
0.454 837.9615 35.7380
0.464 837.9478 35.7385
0.474 837.9584 35.7374
0.484 837.9642 35.7394
0.494 837.9815 35.7399
0.504 837.9635 35.7418
0.514 838.0014 35.7436
0.524 837.9547 35.7420
0.534 837.9915 35.7422
0.544 837.9871 35.7428
0.554 838.0019 35.7429
0.564 837.9873 35.7420
0.574 837.9775 35.7425
0.584 837.9733 35.7459
0.594 838.0057 35.7467
0.604 837.9678 35.7440
0.614 837.9571 35.7441
0.624 837.9785 35.7457
0.634 837.9723 35.7472
0.644 837.9867 35.7490
0.654 837.9997 35.7501
0.664 837.9682 35.7470
0.674 837.9500 35.7470
0.684 837.9719 35.7498
0.694 838.0108 35.7493
0.704 837.9725 35.7501
0.714 837.9818 35.7502
0.724 837.9543 35.7501
0.734 837.9986 35.7505
0.744 837.9730 35.7513
0.754 837.9881 35.7516
0.764 837.9796 35.7528
0.774 837.9602 35.7530
0.784 837.9850 35.7528
0.794 838.0011 35.7536
0.804 837.9639 35.7540
0.814 837.9673 35.7548
0.824 837.9751 35.7560
0.834 837.9787 35.7551
0.844 837.9799 35.7539
0.854 837.9907 35.7529
0.864 837.9682 35.7525
0.874 837.9623 35.7551
0.884 837.9888 35.7556
0.894 837.9769 35.7560
0.904 837.9815 35.7556
0.914 837.9895 35.7541
0.924 837.9785 35.7559
0.934 837.9678 35.7560
0.944 837.9665 35.7544
0.954 837.9326 35.7566
0.964 837.9744 35.7584
0.974 837.9709 35.7557
0.984 837.9683 35.7544
0.994 837.9827 35.7571
1.004 837.9610 35.7599
1.014 837.9908 35.7594
1.024 837.9576 35.7591
1.034 837.9973 35.7599
1.044 837.9777 35.7574
1.054 837.9551 35.7560
1.064 837.9732 35.7587
1.074 837.9940 35.7610
1.084 838.0052 35.7630
1.094 838.0067 35.7610
1.104 837.9754 35.7571
1.114 838.0020 35.7595
1.124 837.9687 35.7620
1.134 837.9981 35.7594
1.144 837.9676 35.7614
1.154 838.0094 35.7643
1.164 837.9661 35.7625
1.174 838.0132 35.7625
1.184 837.9866 35.7628
1.194 838.0128 35.7595
1.204 837.9750 35.7587
1.214 838.0049 35.7620
1.224 837.9859 35.7643
1.234 837.9753 35.7653
1.244 837.9656 35.7641
1.254 837.9726 35.7630
1.264 837.9633 35.7629
1.274 837.9998 35.7640
1.284 837.9830 35.7647
1.294 837.9794 35.7637
1.304 837.9812 35.7647
1.314 837.9960 35.7648
1.324 837.9801 35.7632
1.334 837.9859 35.7643
1.344 837.9906 35.7667
1.354 837.9409 35.7663
1.364 837.9770 35.7634
1.374 837.9522 35.7637
1.384 837.9816 35.7667
1.394 838.0067 35.7666
1.404 837.9728 35.7668
1.414 838.0060 35.7690
1.424 837.9903 35.7693
1.434 838.0018 35.7678
1.444 837.9809 35.7682
1.454 838.0002 35.7670
1.464 837.9565 35.7678
1.474 837.9730 35.7670
1.484 837.9660 35.7652
1.494 838.0021 35.7670
1.504 838.0033 35.7667
1.514 837.9543 35.7657
1.524 837.9784 35.7651
1.534 837.9430 35.7664
1.544 837.9684 35.7683
1.554 837.9631 35.7711
1.564 837.9924 35.7703
1.574 837.9656 35.7687
1.584 837.9868 35.7684
1.594 837.9931 35.7698
1.604 837.9761 35.7703
1.614 837.9659 35.7698
1.624 837.9823 35.7717
1.634 838.0248 35.7711
1.644 838.0058 35.7698
1.654 837.9706 35.7694
1.664 837.9768 35.7689
1.674 837.9651 35.7694
1.684 837.9644 35.7709
1.694 837.9295 35.7716
1.704 837.9709 35.7705
1.714 837.9636 35.7695
1.724 837.9918 35.7691
1.734 837.9631 35.7693
1.744 837.9844 35.7718
1.754 837.9466 35.7720
1.764 837.9995 35.7730
1.774 837.9802 35.7752
1.784 837.9887 35.7740
1.794 838.0012 35.7711
1.804 838.0041 35.7707
1.814 837.9787 35.7707
1.824 837.9620 35.7697
1.834 837.9263 35.7709
1.844 837.9686 35.7711
1.854 837.9611 35.7710
1.864 837.9536 35.7718
1.874 837.9803 35.7716
1.884 837.9741 35.7730
1.894 837.9846 35.7756
1.904 837.9817 35.7751
1.914 838.0025 35.7755
1.924 837.9776 35.7748
1.934 837.9663 35.7718
1.944 837.9746 35.7714
1.954 837.9606 35.7726
1.964 837.9553 35.7745
1.974 837.9532 35.7744
1.984 837.9739 35.7729
1.994 837.9715 35.7726
2.004 837.9797 35.7713
2.014 837.9326 35.7713
2.024 838.0298 35.7728
2.034 838.1155 35.7721
2.044 838.0494 35.7717
2.054 838.0886 35.7722
2.064 838.0032 35.7740
2.074 837.8340 35.7737
2.084 837.6034 35.7726
2.094 837.5927 35.7728
2.104 837.4124 35.7724
2.114 837.2036 35.7722
2.124 837.0497 35.7724
2.134 836.6542 35.7741
2.144 836.4024 35.7743
2.154 836.0090 35.7725
2.164 835.6844 35.7734
2.174 835.5008 35.7751
2.184 835.4523 35.7744
2.194 835.5253 35.7728
2.204 835.3191 35.7740
2.214 835.2016 35.7760
2.224 835.2216 35.7760
2.234 835.2856 35.7763
2.244 835.2527 35.7771
2.254 835.2449 35.7768
2.264 835.2890 35.7771
2.274 835.3623 35.7784
2.284 835.1729 35.7771
2.294 835.3014 35.7770
2.304 835.2739 35.7768
2.314 835.3542 35.7752
2.324 835.3324 35.7752
2.334 835.2754 35.7757
2.344 835.3531 35.7756
2.354 835.3213 35.7770
2.364 835.3532 35.7775
2.374 835.2973 35.7776
2.384 835.4493 35.7775
2.394 835.2923 35.7760
2.404 835.3643 35.7767
2.414 835.4048 35.7770
2.424 835.3118 35.7776
2.434 835.4085 35.7788
2.444 835.5307 35.7774
2.454 835.4222 35.7784
2.464 835.4726 35.7810
2.474 835.4953 35.7797
2.484 835.4309 35.7774
2.494 835.4975 35.7761
2.504 835.5766 35.7776
2.514 835.5030 35.7790
2.524 835.5937 35.7780
2.534 835.5336 35.7788
2.544 835.5329 35.7794
2.554 835.5893 35.7786
2.564 835.4984 35.7803
2.574 835.5752 35.7815
2.584 835.5956 35.7799
2.594 835.5819 35.7803
2.604 835.6259 35.7806
2.614 835.5860 35.7797
2.624 835.6052 35.7811
2.634 835.5978 35.7829
2.644 835.7114 35.7807
2.654 835.6516 35.7807
2.664 835.7044 35.7809
2.674 835.6998 35.7813
2.684 835.7502 35.7838
2.694 835.6669 35.7811
2.704 835.6824 35.7798
2.714 835.6470 35.7821
2.724 835.6853 35.7822
2.734 835.6347 35.7805
2.744 835.6676 35.7806
2.754 835.7005 35.7807
2.764 835.6614 35.7802
2.774 835.6241 35.7815
2.784 835.6211 35.7828
2.794 835.6471 35.7840
2.804 835.6199 35.7840
2.814 835.6728 35.7814
2.824 835.6586 35.7815
2.834 835.6501 35.7828
2.844 835.6306 35.7811
2.854 835.6444 35.7826
2.864 835.7248 35.7838
2.874 835.6843 35.7836
2.884 835.6476 35.7843
2.894 835.6989 35.7836
2.904 835.6525 35.7840
2.914 835.6732 35.7825
2.924 835.6703 35.7820
2.934 835.6307 35.7830
2.944 835.6755 35.7828
2.954 835.7233 35.7849
2.964 835.6958 35.7848
2.974 835.7470 35.7832
2.984 835.7092 35.7824
2.994 835.6762 35.7803
3.004 835.6778 35.7821
3.014 835.6608 35.7836
3.024 835.7038 35.7843
3.034 835.6893 35.7833
3.044 835.7398 35.7841
3.054 835.6836 35.7851
3.064 835.6550 35.7825
3.074 835.6913 35.7834
3.084 835.7334 35.7855
3.094 835.6945 35.7841
3.104 835.6532 35.7834
3.114 835.6948 35.7852
3.124 835.6650 35.7848
3.134 835.6108 35.7840
3.144 835.6698 35.7836
3.154 835.6528 35.7851
3.164 835.6458 35.7852
3.174 835.6683 35.7837
3.184 835.6318 35.7845
3.194 835.6658 35.7852
3.204 835.6357 35.7856
3.214 835.6454 35.7868
3.224 835.6708 35.7868
3.234 835.6567 35.7843
3.244 835.6460 35.7844
3.254 835.6417 35.7859
3.264 835.6652 35.7849
3.274 835.6297 35.7844
3.284 835.6212 35.7847
3.294 835.6650 35.7857
3.304 835.6445 35.7855
3.314 835.6313 35.7852
3.324 835.6062 35.7853
3.334 835.5981 35.7849
3.344 835.6241 35.7861
3.354 835.6015 35.7857
3.364 835.6323 35.7848
3.374 835.5673 35.7849
3.384 835.5958 35.7847
3.394 835.5756 35.7845
3.404 835.5844 35.7844
3.414 835.5771 35.7844
3.424 835.5845 35.7863
3.434 835.6187 35.7880
3.444 835.5829 35.7864
3.454 835.5508 35.7857
3.464 835.5516 35.7880
3.474 835.5627 35.7872
3.484 835.5577 35.7856
3.494 835.5204 35.7841
3.504 835.5723 35.7856
3.514 835.5438 35.7878
3.524 835.5470 35.7884
3.534 835.5130 35.7878
3.544 835.5961 35.7867
3.554 835.5270 35.7875
3.564 835.5257 35.7868
3.574 835.5431 35.7883
3.584 835.5636 35.7895
3.594 835.5620 35.7887
3.604 835.5630 35.7874
3.614 835.5415 35.7865
3.624 835.5270 35.7884
3.634 835.5496 35.7879
3.644 835.5571 35.7880
3.654 835.5496 35.7898
3.664 835.5641 35.7879
3.674 835.5581 35.7876
3.684 835.5509 35.7886
3.694 835.5392 35.7882
3.704 835.5221 35.7878
3.714 835.5249 35.7864
3.724 835.5192 35.7863
3.734 835.5363 35.7876
3.744 835.5184 35.7859
3.754 835.5324 35.7856
3.764 835.5034 35.7875
3.774 835.4874 35.7876
3.784 835.5285 35.7864
3.794 835.5610 35.7882
3.804 835.5064 35.7909
3.814 835.4882 35.7890
3.824 835.5211 35.7882
3.834 835.5330 35.7878
3.844 835.5267 35.7874
3.854 835.5281 35.7890
3.864 835.5328 35.7895
3.874 835.5325 35.7884
3.884 835.5431 35.7893
3.894 835.5435 35.7913
3.904 835.5154 35.7890
3.914 835.5353 35.7871
3.924 835.5017 35.7894
3.934 835.5411 35.7910
3.944 835.4999 35.7894
3.954 835.5092 35.7886
3.964 835.5199 35.7913
3.974 835.5537 35.7928
3.984 835.5106 35.7921
3.994 835.5119 35.7909
4.004 835.5033 35.7902
4.014 835.5287 35.7911
4.024 835.5215 35.7911
4.034 835.5560 35.7921
4.044 835.5124 35.7921
4.054 835.5145 35.7913
4.064 835.5218 35.7922
4.074 835.5292 35.7914
4.084 835.5313 35.7906
4.094 835.5305 35.7902
4.104 835.5171 35.7917
4.114 835.5142 35.7921
4.124 835.5008 35.7917
4.134 835.5168 35.7915
4.144 835.5151 35.7888
4.154 835.5177 35.7883
4.164 835.5491 35.7895
4.174 835.4934 35.7898
4.184 835.5421 35.7897
4.194 835.4987 35.7915
4.204 835.5070 35.7921
4.214 835.5463 35.7909
4.224 835.5119 35.7909
4.234 835.5008 35.7917
4.244 835.4891 35.7913
4.254 835.5094 35.7887
4.264 835.5362 35.7913
4.274 835.5654 35.7951
4.284 835.5022 35.7942
4.294 835.5262 35.7936
4.304 835.5255 35.7941
4.314 835.5304 35.7938
4.324 835.5115 35.7944
4.334 835.5263 35.7955
4.344 835.5400 35.7941
4.354 835.4992 35.7928
4.364 835.5428 35.7937
4.374 835.5189 35.7972
4.384 835.5567 35.7961
4.394 835.5366 35.7933
4.404 835.5179 35.7930
4.414 835.5277 35.7925
4.424 835.5342 35.7930
4.434 835.5240 35.7952
4.444 835.5348 35.7942
4.454 835.5052 35.7921
4.464 835.4860 35.7915
4.474 835.5212 35.7920
4.484 835.5273 35.7941
4.494 835.5495 35.7934
4.504 835.5296 35.7934
4.514 835.5820 35.7942
4.524 835.5480 35.7926
4.534 835.5283 35.7928
4.544 835.5473 35.7960
4.554 835.5481 35.7964
4.564 835.5499 35.7955
4.574 835.5794 35.7957
4.584 835.5667 35.7957
4.594 835.5403 35.7942
4.604 835.5586 35.7934
4.614 835.5654 35.7951
4.624 835.5546 35.7960
4.634 835.5714 35.7953
4.644 835.5732 35.7963
4.654 835.5824 35.7972
4.664 835.5427 35.7964
4.674 835.5457 35.7942
4.684 835.5386 35.7915
4.694 835.5762 35.7922
4.704 835.6063 35.7947
4.714 835.5797 35.7959
4.724 835.5823 35.7963
4.734 835.5513 35.7971
4.744 835.5970 35.7955
4.754 835.5828 35.7965
4.764 835.5513 35.7971
4.774 835.5786 35.7944
4.784 835.5724 35.7949
4.794 835.5856 35.7952
4.804 835.5984 35.7971
4.814 835.5654 35.7997
4.824 835.6173 35.7975
4.834 835.5976 35.7957
4.844 835.6153 35.7974
4.854 835.6127 35.7970
4.864 835.6404 35.7972
4.874 835.6047 35.7994
4.884 835.6127 35.7988
4.894 835.6417 35.7970
4.904 835.6360 35.7968
4.914 835.6852 35.7970
4.924 835.6310 35.7961
4.934 835.6840 35.7982
4.944 835.7112 35.7991
4.954 835.6879 35.7992
4.964 835.6618 35.7998
4.974 835.6671 35.7979
4.984 835.6557 35.7986
4.994 835.6662 35.8011
5.004 835.6836 35.8007
5.014 835.6758 35.8005
5.024 835.6947 35.8018
5.034 835.7087 35.8015
5.044 835.7227 35.8013
5.054 835.7377 35.8015
5.064 835.7408 35.8003
5.074 835.7599 35.7990
5.084 835.7330 35.8001
5.094 835.7533 35.8011
5.104 835.7333 35.8002
5.114 835.7750 35.8002
5.124 835.7626 35.8003
5.134 835.7753 35.8003
5.144 835.7582 35.8009
5.154 835.7535 35.8013
5.164 835.7872 35.8009
5.174 835.7714 35.8002
5.184 835.7908 35.8009
5.194 835.7750 35.8002
5.204 835.7932 35.8011
5.214 835.7997 35.8026
5.224 835.7787 35.8011
5.234 835.8261 35.8022
5.244 835.8184 35.8038
5.254 835.8012 35.8015
5.264 835.8259 35.8021
5.274 835.8457 35.8048
5.284 835.8210 35.8042
5.294 835.8310 35.8010
5.304 835.8146 35.8001
5.314 835.8432 35.8026
5.324 835.8765 35.8048
5.334 835.8798 35.8037
5.344 835.8484 35.8025
5.354 835.8977 35.8026
5.364 835.8912 35.8021
5.374 835.8904 35.8036
5.384 835.8720 35.8034
5.394 835.8822 35.8040
5.404 835.8911 35.8057
5.414 835.9319 35.8044
5.424 835.9391 35.8034
5.434 835.9062 35.8033
5.444 835.9378 35.8018
5.454 835.8891 35.8029
5.464 835.9657 35.8068
5.474 836.0005 35.8079
5.484 835.9706 35.8056
5.494 835.9780 35.8038
5.504 835.9568 35.8051
5.514 835.9980 35.8038
5.524 835.9871 35.8048
5.534 835.9763 35.8067
5.544 836.0002 35.8068
5.554 835.9686 35.8083
5.564 835.9988 35.8052
5.574 835.9964 35.8030
5.584 836.0170 35.8052
5.594 836.0200 35.8049
5.604 836.0519 35.8045
5.614 836.0647 35.8064
5.624 836.0805 35.8071
5.634 836.0549 35.8079
5.644 836.0881 35.8082
5.654 836.0868 35.8084
5.664 836.1065 35.8083
5.674 836.0829 35.8074
5.684 836.0904 35.8075
5.694 836.1129 35.8060
5.704 836.1015 35.8067
5.714 836.1028 35.8074
5.724 836.1347 35.8069
5.734 836.1417 35.8087
5.744 836.1627 35.8092
5.754 836.1451 35.8086
5.764 836.0984 35.8079
5.774 836.1258 35.8061
5.784 836.1108 35.8068
5.794 836.1474 35.8079
5.804 836.1606 35.8082
5.814 836.1829 35.8084
5.824 836.1738 35.8065
5.834 836.2266 35.8067
5.844 836.1895 35.8044
5.854 836.2040 35.8053
5.864 836.2415 35.8087
5.874 836.2806 35.8074
5.884 836.2453 35.8069
5.894 836.2731 35.8082
5.904 836.2835 35.8098
5.914 836.2848 35.8086
5.924 836.2588 35.8074
5.934 836.3120 35.8086
5.944 836.2744 35.8079
5.954 836.2922 35.8078
5.964 836.2626 35.8065
5.974 836.2893 35.8053
5.984 836.3337 35.8076
5.994 836.3396 35.8069
6.004 836.3134 35.8056
6.014 836.3448 35.8078
6.024 836.3816 35.8080
6.034 836.3417 35.8071
6.044 836.3910 35.8082
6.054 836.4026 35.8086
6.064 836.3845 35.8076
6.074 836.4086 35.8079
6.084 836.3975 35.8087
6.094 836.4006 35.8094
6.104 836.4304 35.8088
6.114 836.4371 35.8086
6.124 836.4635 35.8082
6.134 836.5022 35.8094
6.144 836.5211 35.8107
6.154 836.4758 35.8107
6.164 836.4668 35.8117
6.174 836.5144 35.8110
6.184 836.5544 35.8119
6.194 836.5440 35.8122
6.204 836.5496 35.8105
6.214 836.5781 35.8092
6.224 836.6113 35.8095
6.234 836.5620 35.8094
6.244 836.5889 35.8083
6.254 836.6097 35.8097
6.264 836.6154 35.8098
6.274 836.6392 35.8090
6.284 836.6453 35.8111
6.294 836.7021 35.8124
6.304 836.6907 35.8121
6.314 836.7238 35.8124
6.324 836.7679 35.8126
6.334 836.7531 35.8125
6.344 836.8143 35.8122
6.354 836.7848 35.8138
6.364 836.7210 35.8128
6.374 836.8197 35.8113
6.384 836.7974 35.8119
6.394 836.8243 35.8118
6.404 836.8210 35.8129
6.414 836.8153 35.8128
6.424 836.8536 35.8110
6.434 836.8738 35.8121
6.444 836.8666 35.8130
6.454 836.8679 35.8118
6.464 836.8628 35.8148
6.474 836.9083 35.8176
6.484 836.9157 35.8149
6.494 836.8500 35.8119
6.504 836.8385 35.8107
6.514 836.8870 35.8105
6.524 836.9049 35.8113
6.534 836.9538 35.8149
6.544 836.9567 35.8164
6.554 836.9986 35.8146
6.564 836.9867 35.8141
6.574 837.0094 35.8137
6.584 837.0250 35.8133
6.594 837.0565 35.8118
6.604 837.0678 35.8102
6.614 837.0844 35.8094
6.624 837.0536 35.8103
6.634 837.0968 35.8138
6.644 837.0942 35.8144
6.654 837.1421 35.8129
6.664 837.1519 35.8133
6.674 837.1348 35.8138
6.684 837.1651 35.8136
6.694 837.2185 35.8140
6.704 837.2412 35.8172
6.714 837.2535 35.8198
6.724 846.2518 35.8053
6.734 832.8231 35.7997
6.744 837.1456 35.8110
6.754 837.7908 35.8126
6.764 837.9610 35.8125
6.774 837.9395 35.8126
6.784 837.8865 35.8133
6.794 837.8551 35.8121
6.804 837.8284 35.8124
6.814 837.8302 35.8114
6.824 837.8409 35.8095
6.834 837.8215 35.8098
6.844 837.8300 35.8086
6.854 837.7953 35.8084
6.864 837.7529 35.8063
6.874 837.7666 35.8040
6.884 837.7036 35.8042
6.894 837.7062 35.8047
6.904 837.6683 35.8019
6.914 837.6584 35.8006
6.924 837.6517 35.8018
6.934 837.6122 35.8002
6.944 837.6485 35.8011
6.954 837.6740 35.8021
6.964 837.6688 35.8013
6.974 837.6883 35.8029
6.984 837.7407 35.8047
6.994 837.7841 35.8074
7.004 837.7860 35.8092
7.014 837.8001 35.8109
7.024 837.8115 35.8111
7.034 837.8272 35.8090
7.044 837.8166 35.8091
7.054 837.8408 35.8113
7.064 837.8312 35.8119
7.074 837.8438 35.8101
7.084 837.8332 35.8092
7.094 837.8684 35.8087
7.104 837.8458 35.8074
7.114 837.8452 35.8071
7.124 837.8619 35.8091
7.134 837.8550 35.8102
7.144 837.8821 35.8092
7.154 837.8468 35.8079
7.164 837.8597 35.8071
7.174 837.8885 35.8079
7.184 837.8567 35.8083
7.194 837.8636 35.8072
7.204 837.8797 35.8071
7.214 837.8612 35.8097
7.224 837.8168 35.8083
7.234 837.8669 35.8052
7.244 837.9095 35.8065
7.254 837.8611 35.8087
7.264 837.8654 35.8072
7.274 837.8610 35.8068
7.284 837.8673 35.8082
7.294 837.8940 35.8079
7.304 837.8446 35.8059
7.314 837.8579 35.8061
7.324 837.8465 35.8068
7.334 837.8999 35.8072
7.344 837.9865 35.8088
7.354 837.8727 35.8082
7.364 837.8968 35.8065
7.374 837.9344 35.8082
7.384 837.9109 35.8091
7.394 837.9241 35.8084
7.404 837.8919 35.8078
7.414 837.8784 35.8074
7.424 837.8961 35.8080
7.434 837.9121 35.8069
7.444 837.9206 35.8067
7.454 837.9020 35.8074
7.464 837.8877 35.8065
7.474 837.9310 35.8064
7.484 837.9037 35.8064
7.494 837.9161 35.8053
7.504 837.9237 35.8074
7.514 837.9211 35.8060
7.524 837.9164 35.8045
7.534 837.9279 35.8086
7.544 837.9295 35.8094
7.554 837.9100 35.8078
7.564 837.9323 35.8080
7.574 837.8764 35.8082
7.584 837.9109 35.8091
7.594 837.8785 35.8092
7.604 837.9207 35.8086
7.614 837.9038 35.8074
7.624 837.9045 35.8059
7.634 837.9017 35.8063
7.644 837.8833 35.8061
7.654 837.9004 35.8065
7.664 837.9145 35.8091
7.674 837.9176 35.8098
7.684 837.9118 35.8078
7.694 837.9391 35.8078
7.704 837.9064 35.8078
7.714 837.9056 35.8064
7.724 837.9289 35.8072
7.734 837.9267 35.8098
7.744 837.9034 35.8099
7.754 837.9168 35.8094
7.764 837.9352 35.8076
7.774 837.8978 35.8071
7.784 837.9306 35.8090
7.794 837.9326 35.8082
7.804 837.9444 35.8068
7.814 837.9134 35.8076
7.824 837.9060 35.8094
7.834 837.9099 35.8105
7.844 837.8925 35.8099
7.854 837.8881 35.8095
7.864 837.8915 35.8094
7.874 837.9023 35.8094
7.884 837.8976 35.8088
7.894 837.9143 35.8099
7.904 837.8583 35.8101
7.914 837.9275 35.8092
7.924 837.9044 35.8095
7.934 837.8941 35.8107
7.944 837.8927 35.8137
7.954 837.9227 35.8133
7.964 837.9358 35.8107
7.974 837.9096 35.8094
7.984 837.9269 35.8090
7.994 837.9223 35.8103
8.004 837.9126 35.8128
8.014 837.8830 35.8115
8.024 837.8685 35.8115
8.034 837.9377 35.8117
8.044 837.8871 35.8109
8.054 837.9325 35.8118
8.064 837.8846 35.8124
8.074 837.8844 35.8141
8.084 837.9050 35.8153
8.094 837.8969 35.8140
8.104 837.9394 35.8144
8.114 837.9162 35.8174
8.124 837.9323 35.8182
8.134 837.9053 35.8174
8.144 837.9310 35.8175
8.154 837.9480 35.8160
8.164 837.9323 35.8136
8.174 837.9339 35.8144
8.184 837.9164 35.8156
8.194 837.9167 35.8167
8.204 837.8981 35.8174
8.214 837.9276 35.8176
8.224 837.9614 35.8191
8.234 837.9378 35.8191
8.244 837.9119 35.8198
8.254 837.9008 35.8206
8.264 837.9285 35.8190
8.274 837.9170 35.8178
8.284 837.9033 35.8182
8.294 837.9180 35.8174
8.304 837.9199 35.8192
8.314 837.8907 35.8210
8.324 837.9448 35.8199
8.334 837.9141 35.8218
8.344 837.9379 35.8210
8.354 837.9164 35.8211
8.364 837.9171 35.8196
8.374 837.9149 35.8167
8.384 837.8837 35.8202
8.394 837.8821 35.8203
8.404 837.8933 35.8195
8.414 837.9237 35.8221
8.424 837.9317 35.8225
8.434 837.9467 35.8218
8.444 837.9084 35.8226
8.454 837.9253 35.8238
8.464 837.9341 35.8237
8.474 837.9328 35.8221
8.484 837.9151 35.8205
8.494 837.8884 35.8217
8.504 837.9015 35.8237
8.514 837.9052 35.8246
8.524 837.9317 35.8261
8.534 837.9267 35.8255
8.544 837.9270 35.8265
8.554 837.9361 35.8275
8.564 837.9158 35.8255
8.574 837.9048 35.8272
8.584 837.9537 35.8272
8.594 837.8904 35.8255
8.604 837.9303 35.8255
8.614 837.9278 35.8269
8.624 837.9276 35.8287
8.634 837.9268 35.8283
8.644 837.9411 35.8282
8.654 837.9152 35.8279
8.664 837.9199 35.8284
8.674 837.9236 35.8303
8.684 837.9371 35.8317
8.694 837.9311 35.8295
8.704 837.9194 35.8291
8.714 837.8826 35.8298
8.724 837.9157 35.8282
8.734 837.9067 35.8291
8.744 837.9283 35.8309
8.754 837.9122 35.8310
8.764 837.8853 35.8311
8.774 837.9324 35.8311
8.784 837.9654 35.8322
8.794 837.8892 35.8313
8.804 837.9031 35.8310
8.814 837.9263 35.8326
8.824 837.9436 35.8322
8.834 837.9416 35.8330
8.844 837.9283 35.8318
8.854 837.9333 35.8325
8.864 837.9131 35.8333
8.874 837.9117 35.8317
8.884 837.9043 35.8325
8.894 837.9157 35.8337
8.904 837.9219 35.8332
8.914 837.9429 35.8328
8.924 837.8909 35.8359
8.934 837.9234 35.8376
8.944 837.9320 35.8373
8.954 837.9082 35.8345
8.964 837.9069 35.8329
8.974 837.9249 35.8356
8.984 837.9309 35.8368
8.994 837.9052 35.8367
9.004 837.9097 35.8380
9.014 837.9154 35.8382
9.024 837.9242 35.8371
9.034 837.9155 35.8391
9.044 837.9276 35.8379
9.054 837.9190 35.8372
9.064 837.9466 35.8402
9.074 837.9388 35.8390
9.084 837.9548 35.8388
9.094 837.9297 35.8390
9.104 837.9180 35.8376
9.114 837.9059 35.8388
9.124 837.9554 35.8400
9.134 837.9420 35.8406
9.144 837.9095 35.8388
9.154 837.8864 35.8382
9.164 837.9297 35.8399
9.174 837.9057 35.8415
9.184 837.9560 35.8413
9.194 837.9176 35.8411
9.204 837.9355 35.8410
9.214 837.9140 35.8402
9.224 837.9151 35.8417
9.234 837.9221 35.8415
9.244 837.8866 35.8419
9.254 837.9369 35.8426
9.264 837.9083 35.8419
9.274 837.9022 35.8434
9.284 837.9224 35.8436
9.294 837.9165 35.8452
9.304 837.9010 35.8456
9.314 837.9190 35.8427
9.324 837.9106 35.8449
9.334 837.9503 35.8467
9.344 837.9326 35.8450
9.354 837.9160 35.8440
9.364 837.9289 35.8441
9.374 837.9082 35.8446
9.384 837.9217 35.8450
9.394 837.8958 35.8448
9.404 837.9049 35.8448
9.414 837.9183 35.8452
9.424 837.9000 35.8460
9.434 837.9225 35.8455
9.444 837.9272 35.8460
9.454 837.9376 35.8476
9.464 837.8957 35.8484
9.474 837.9126 35.8487
9.484 837.9366 35.8471
9.494 837.9245 35.8492
9.504 837.9243 35.8500
9.514 837.9318 35.8492
9.524 837.9393 35.8503
9.534 837.9084 35.8484
9.544 837.8957 35.8484
9.554 837.9258 35.8499
9.564 837.9468 35.8495
9.574 837.9370 35.8500
9.584 837.9122 35.8513
9.594 837.9249 35.8513
9.604 837.9384 35.8517
9.614 837.9127 35.8506
9.624 837.8960 35.8486
9.634 837.8979 35.8504
9.644 837.9365 35.8498
9.654 837.9064 35.8502
9.664 837.9228 35.8521
9.674 837.9003 35.8517
9.684 837.9112 35.8536
9.694 837.9304 35.8532
9.704 837.9207 35.8510
9.714 837.9392 35.8530
9.724 837.9268 35.8532
9.734 837.9058 35.8526
9.744 837.9053 35.8533
9.754 837.9120 35.8530
9.764 837.9364 35.8544
9.774 837.9437 35.8553
9.784 837.9230 35.8559
9.794 837.9317 35.8538
9.804 837.9239 35.8526
9.814 837.9373 35.8567
9.824 837.9106 35.8569
9.834 837.9401 35.8553
9.844 837.9269 35.8560
9.854 837.9054 35.8552
9.864 837.9005 35.8554
9.874 837.9430 35.8559
9.884 837.9166 35.8572
9.894 837.9036 35.8571
9.904 837.9257 35.8572
9.914 837.9366 35.8591
9.924 837.8698 35.8602
9.934 837.9343 35.8598
9.944 837.9068 35.8577
9.954 837.9029 35.8576
9.964 837.9136 35.8584
9.974 837.8918 35.8584
9.984 837.8705 35.8577
9.994 837.9293 35.8582
10.004 837.9338 35.8586
10.014 837.9314 35.8583
10.024 837.9131 35.8591
10.034 837.9064 35.8603
10.044 837.9149 35.8600
10.054 837.9253 35.8607
10.064 837.9270 35.8625
10.074 837.9197 35.8625
10.084 837.8914 35.8610
10.094 837.9217 35.8617
10.104 837.9454 35.8626
10.114 837.9056 35.8645
10.124 837.9087 35.8661
10.134 837.9332 35.8629
10.144 837.9355 35.8622
10.154 837.9081 35.8640
10.164 837.9320 35.8641
10.174 837.8861 35.8648
10.184 837.9183 35.8645
10.194 837.9003 35.8627
10.204 837.9317 35.8630
10.214 837.9232 35.8652
10.224 837.8953 35.8667
10.234 837.9272 35.8663
10.244 837.9041 35.8656
10.254 837.9258 35.8656
10.264 837.9091 35.8672
10.274 837.9616 35.8663
10.284 837.9196 35.8652
10.294 837.9031 35.8679
10.304 837.9534 35.8676
10.314 837.9588 35.8667
10.324 837.9132 35.8665
10.334 837.8641 35.8637
10.344 837.9079 35.8638
10.354 837.8999 35.8663
10.364 837.9058 35.8646
10.374 837.8949 35.8646
10.384 837.9352 35.8657
10.394 837.9162 35.8653
10.404 837.8787 35.8656
10.414 837.9236 35.8672
10.424 837.9474 35.8673
10.434 837.9321 35.8669
10.444 837.9070 35.8680
10.454 837.9192 35.8687
10.464 837.9130 35.8692
10.474 837.9452 35.8699
10.484 837.9341 35.8707
10.494 837.9561 35.8699
10.504 837.9273 35.8700
10.514 837.9038 35.8700
10.524 837.9465 35.8696
10.534 837.9147 35.8719
10.544 837.9663 35.8723
10.554 837.9188 35.8703
10.564 837.9246 35.8677
10.574 837.9134 35.8667
10.584 837.9281 35.8695
10.594 837.9307 35.8708
10.604 837.9434 35.8699
10.614 837.9429 35.8696
10.624 837.9392 35.8696
10.634 837.9225 35.8722
10.644 837.9273 35.8746
10.654 837.9353 35.8741
10.664 837.9092 35.8746
10.674 837.9171 35.8731
10.684 837.9298 35.8722
10.694 837.9267 35.8734
10.704 837.9190 35.8741
10.714 837.9279 35.8758
10.724 837.9326 35.8773
10.734 837.9152 35.8768
10.744 837.9293 35.8738
10.754 837.8948 35.8729
10.764 837.9270 35.8745
10.774 837.9235 35.8754
10.784 837.9100 35.8760
10.794 837.9141 35.8753
10.804 837.9134 35.8758
10.814 837.9123 35.8763
10.824 837.9037 35.8746
10.834 837.9581 35.8746
10.844 837.9128 35.8756
10.854 837.9020 35.8765
10.864 837.9440 35.8776
10.874 837.9303 35.8771
10.884 837.9670 35.8764
10.894 837.9427 35.8760
10.904 837.9240 35.8757
10.914 837.9201 35.8756
10.924 837.8922 35.8771
10.934 837.9104 35.8780
10.944 837.8925 35.8781
10.954 837.9246 35.8779
10.964 837.8941 35.8790
10.974 837.9752 35.8796
10.984 837.9425 35.8787
10.994 837.9267 35.8826
11.004 837.9217 35.8829
11.014 837.9185 35.8803
11.024 837.9320 35.8807
11.034 837.9467 35.8799
11.044 837.9320 35.8807
11.054 837.9222 35.8813
11.064 837.8990 35.8787
11.074 837.8828 35.8769
11.084 837.9217 35.8773
11.094 837.9423 35.8795
11.104 837.9105 35.8808
11.114 837.9183 35.8811
11.124 837.9232 35.8808
11.134 837.9110 35.8811
11.144 837.9427 35.8815
11.154 837.9019 35.8792
11.164 837.9273 35.8802
11.174 837.9065 35.8834
11.184 837.9391 35.8825
11.194 837.9118 35.8806
11.204 837.8947 35.8802
11.214 837.9309 35.8802
11.224 837.9044 35.8823
11.234 837.9618 35.8857
11.244 837.9200 35.8848
11.254 837.9324 35.8827
11.264 837.9222 35.8822
11.274 837.9269 35.8827
11.284 837.9208 35.8852
11.294 837.9071 35.8865
11.304 837.9280 35.8842
11.314 837.9374 35.8844
11.324 837.9519 35.8853
11.334 837.9138 35.8853
11.344 837.9363 35.8848
11.354 837.9345 35.8848
11.364 837.9294 35.8868
11.374 837.9440 35.8868
11.384 837.9154 35.8861
11.394 837.9362 35.8865
11.404 837.9315 35.8860
11.414 837.9177 35.8845
11.424 837.9297 35.8860
11.434 837.9571 35.8861
11.444 837.9058 35.8849
11.454 837.9045 35.8861
11.464 837.9246 35.8880
11.474 837.9114 35.8887
11.484 837.9427 35.8880
11.494 837.9083 35.8880
11.504 837.9007 35.8869
11.514 837.9064 35.8880
11.524 837.9153 35.8898
11.534 837.9213 35.8891
11.544 837.9388 35.8879
11.554 837.9308 35.8875
11.564 837.9039 35.8885
11.574 837.9390 35.8907
11.584 837.9675 35.8904
11.594 837.9538 35.8918
11.604 837.9464 35.8935
11.614 837.9617 35.8894
11.624 837.9376 35.8891
11.634 837.9074 35.8922
11.644 837.9684 35.8891
11.654 837.9367 35.8877
11.664 837.9026 35.8888
11.674 837.9334 35.8879
11.684 837.9106 35.8892
11.694 837.9128 35.8903
11.704 837.9149 35.8904
11.714 837.9340 35.8900
11.724 837.9330 35.8904
11.734 837.9312 35.8914
11.744 837.9382 35.8912
11.754 837.9175 35.8918
11.764 837.9525 35.8921
11.774 837.9406 35.8915
11.784 837.9187 35.8906
11.794 837.9199 35.8921
11.804 837.9156 35.8945
11.814 837.9183 35.8912
11.824 837.9322 35.8910
11.834 837.9156 35.8945
11.844 837.9324 35.8948
11.854 837.9454 35.8949
11.864 837.9415 35.8948
11.874 837.9046 35.8926
11.884 837.9204 35.8923
11.894 837.9023 35.8942
11.904 837.9319 35.8945
11.914 837.9150 35.8942
11.924 837.9422 35.8942
11.934 837.9519 35.8964
11.944 837.9310 35.8968
11.954 837.9382 35.8958
11.964 837.8963 35.8976
11.974 837.9183 35.8977
11.984 837.9245 35.8972
11.994 837.9351 35.8971
12.004 837.9315 35.8971
12.014 837.9450 35.8984
12.024 837.9557 35.8983
12.034 837.9266 35.8983
12.044 837.9274 35.8977
12.054 837.9121 35.8983
12.064 837.9006 35.9007
12.074 837.9459 35.8998
12.084 837.9388 35.8989
12.094 837.9254 35.9004
12.104 837.9091 35.9004
12.114 837.8924 35.8984
12.124 837.9188 35.8971
12.134 837.9287 35.8975
12.144 837.9388 35.8989
12.154 837.9197 35.8994
12.164 837.9474 35.8996
12.174 837.9500 35.9000
12.184 837.9236 35.8995
12.194 837.9095 35.8979
12.204 837.9404 35.8988
12.214 837.9353 35.8999
12.224 837.9163 35.8985
12.234 837.9386 35.8998
12.244 837.8980 35.9012
12.254 837.9281 35.9008
12.264 837.9231 35.9002
12.274 837.9290 35.8995
12.284 837.9428 35.9010
12.294 837.9269 35.9030
12.304 837.9291 35.9014
12.314 837.9173 35.8991
12.324 837.9067 35.8983
12.334 837.9191 35.8981
12.344 837.9135 35.9008
12.354 837.9372 35.9018
12.364 837.9125 35.9012
12.374 837.9081 35.9008
12.384 837.9483 35.9010
12.394 837.9079 35.9026
12.404 837.9403 35.9025
12.414 837.9330 35.9015
12.424 837.8867 35.9029
12.434 837.9061 35.9026
12.444 837.9175 35.9019
12.454 837.9532 35.9017
12.464 837.8777 35.9002
12.474 837.8952 35.9017
12.484 837.9131 35.9034
12.494 837.9118 35.9027
12.504 837.9351 35.9017
12.514 837.9281 35.9018
12.524 837.9201 35.9023
12.534 837.9113 35.9025
12.544 837.9085 35.9029
12.554 837.8878 35.9034
12.564 837.9354 35.9027
12.574 837.9312 35.9025
12.584 837.9365 35.9033
12.594 837.9160 35.9039
12.604 837.9079 35.9026
12.614 837.9413 35.9021
12.624 837.9294 35.9015
12.634 837.9120 35.9019
12.644 837.9323 35.9030
12.654 837.9341 35.9030
12.664 837.9080 35.9045
12.674 837.9087 35.9030
12.684 837.9203 35.9015
12.694 837.9473 35.9023
12.704 837.9246 35.9046
12.714 837.9096 35.9053
12.724 837.9456 35.9052
12.734 837.9060 35.9062
12.744 837.9082 35.9073
12.754 837.9242 35.9062
12.764 837.9265 35.9056
12.774 837.9680 35.9064
12.784 837.8997 35.9049
12.794 837.9296 35.9062
12.804 837.9436 35.9069
12.814 837.9361 35.9058
12.824 837.9423 35.9053
12.834 837.9239 35.9061
12.844 837.9157 35.9075
12.854 837.9302 35.9084
12.864 837.9035 35.9077
12.874 837.8861 35.9072
12.884 837.9097 35.9081
12.894 837.9204 35.9080
12.904 837.9102 35.9075
12.914 837.8863 35.9064
12.924 837.8936 35.9073
12.934 837.8909 35.9087
12.944 837.9316 35.9091
12.954 837.9285 35.9094
12.964 837.9240 35.9089
12.974 837.9090 35.9087
12.984 837.8909 35.9096
12.994 837.8984 35.9098
13.004 837.9329 35.9107
13.014 837.9288 35.9114
13.024 837.9213 35.9103
13.034 837.9085 35.9094
13.044 837.9479 35.9091
13.054 837.8941 35.9112
13.064 837.9377 35.9122
13.074 837.9182 35.9106
13.084 837.9189 35.9091
13.094 837.9342 35.9095
13.104 837.9215 35.9104
13.114 837.8956 35.9111
13.124 837.9091 35.9106
13.134 837.9029 35.9102
13.144 837.9194 35.9103
13.154 837.9415 35.9114
13.164 837.9647 35.9130
13.174 837.9275 35.9116
13.184 837.9325 35.9114
13.194 837.9216 35.9114
13.204 837.8996 35.9122
13.214 837.9160 35.9141
13.224 837.9131 35.9135
13.234 837.9362 35.9133
13.244 837.8711 35.9134
13.254 837.9175 35.9139
13.264 837.9137 35.9148
13.274 837.8970 35.9127
13.284 837.8744 35.9123
13.294 837.8870 35.9141
13.304 837.9287 35.9141
13.314 837.9527 35.9125
13.324 837.9382 35.9125
13.334 837.9479 35.9146
13.344 837.9095 35.9145
13.354 837.9284 35.9139
13.364 837.9266 35.9139
13.374 837.9235 35.9142
13.384 837.9303 35.9149
13.394 837.8922 35.9158
13.404 837.8944 35.9169
13.414 837.9076 35.9172
13.424 837.9192 35.9166
13.434 837.9345 35.9171
13.444 837.9439 35.9181
13.454 837.9191 35.9184
13.464 837.9172 35.9165
13.474 837.9223 35.9154
13.484 837.9071 35.9179
13.494 837.9548 35.9181
13.504 837.9265 35.9166
13.514 837.8978 35.9187
13.524 837.9175 35.9176
13.534 837.8741 35.9158
13.544 837.9149 35.9181
13.554 837.8794 35.9185
13.564 837.9261 35.9192
13.574 837.9486 35.9187
13.584 837.9203 35.9181
13.594 837.9357 35.9195
13.604 837.9430 35.9204
13.614 837.9132 35.9210
13.624 837.9329 35.9199
13.634 837.9041 35.9191
13.644 837.9256 35.9189
13.654 837.9219 35.9189
13.664 837.9256 35.9199
13.674 837.8987 35.9200
13.684 837.9238 35.9208
13.694 837.9231 35.9223
13.704 837.9669 35.9215
13.714 837.9267 35.9204
13.724 837.9363 35.9207
13.734 837.8814 35.9214
13.744 837.9272 35.9216
13.754 837.9278 35.9219
13.764 837.9377 35.9233
13.774 837.9048 35.9231
13.784 837.9042 35.9229
13.794 837.9418 35.9216
13.804 837.9049 35.9214
13.814 837.9095 35.9237
13.824 837.9130 35.9227
13.834 837.9368 35.9219
13.844 837.9017 35.9243
13.854 837.9054 35.9253
13.864 837.9500 35.9249
13.874 837.9002 35.9245
13.884 837.9051 35.9252
13.894 837.9396 35.9261
13.904 837.9378 35.9261
13.914 837.9187 35.9265
13.924 837.9226 35.9266
13.934 837.9199 35.9253
13.944 837.9121 35.9241
13.954 837.9365 35.9245
13.964 837.9304 35.9269
13.974 837.9142 35.9298
13.984 837.9115 35.9275
13.994 837.9512 35.9246
14.004 837.9070 35.9270
14.014 837.9363 35.9272
14.024 837.9140 35.9260
14.034 837.9238 35.9264
14.044 837.9358 35.9269
14.054 837.9250 35.9288
14.064 837.9142 35.9298
14.074 837.9123 35.9298
14.084 837.9227 35.9295
14.094 837.9494 35.9302
14.104 837.9223 35.9320
14.114 837.9309 35.9327
14.124 837.9352 35.9303
14.134 837.9022 35.9283
14.144 837.9120 35.9287
14.154 837.9023 35.9302
14.164 837.9313 35.9311
14.174 837.9104 35.9315
14.184 837.9244 35.9322
14.194 837.9275 35.9319
14.204 837.8818 35.9308
14.214 837.8964 35.9327
14.224 837.9091 35.9327
14.234 837.8958 35.9306
14.244 837.9103 35.9306
14.254 837.9145 35.9318
14.264 837.9291 35.9337
14.274 837.9135 35.9322
14.284 837.9000 35.9318
14.294 837.9152 35.9349
14.304 837.9269 35.9362
14.314 837.9512 35.9348
14.324 837.9261 35.9349
14.334 837.9236 35.9373
14.344 837.9197 35.9381
14.354 837.9295 35.9357
14.364 837.9222 35.9348
14.374 837.9116 35.9349
14.384 837.9159 35.9343
14.394 837.9383 35.9356
14.404 837.9567 35.9366
14.414 837.9594 35.9380
14.424 837.8824 35.9376
14.434 837.8920 35.9369
14.444 837.9036 35.9364
14.454 837.9013 35.9361
14.464 837.9254 35.9364
14.474 837.9026 35.9368
14.484 837.9247 35.9388
14.494 837.9081 35.9387
14.504 837.9258 35.9348
14.514 837.9136 35.9350
14.524 837.9399 35.9373
14.534 837.9363 35.9373
14.544 837.9265 35.9388
14.554 837.9195 35.9389
14.564 837.9374 35.9388
14.574 837.9273 35.9392
14.584 837.9405 35.9385
14.594 837.9122 35.9380
14.604 837.8640 35.9384
14.614 837.9415 35.9381
14.624 837.9436 35.9392
14.634 837.8983 35.9392
14.644 837.9215 35.9372
14.654 837.9314 35.9376
14.664 837.8954 35.9387
14.674 837.9220 35.9411
14.684 837.9461 35.9414
14.694 837.9019 35.9392
14.704 837.9279 35.9414
14.714 837.9430 35.9426
14.724 837.9005 35.9422
14.734 837.9477 35.9431
14.744 837.9278 35.9431
14.754 837.9368 35.9422
14.764 837.8917 35.9414
14.774 837.8875 35.9420
14.784 837.9198 35.9437
14.794 837.9281 35.9442
14.804 837.9286 35.9435
14.814 837.9138 35.9434
14.824 837.9221 35.9439
14.834 837.9498 35.9442
14.844 837.9232 35.9445
14.854 837.9122 35.9435
14.864 837.9221 35.9439
14.874 837.9607 35.9433
14.884 837.9299 35.9442
14.894 837.9417 35.9465
14.904 837.9259 35.9468
14.914 837.9440 35.9468
14.924 837.9027 35.9452
14.934 837.8966 35.9476
14.944 837.9360 35.9483
14.954 837.9219 35.9457
14.964 837.8978 35.9445
14.974 837.8921 35.9443
14.984 837.9434 35.9456
14.994 837.9345 35.9474
15.004 837.9479 35.9479
15.014 837.9163 35.9465
15.024 837.9290 35.9465
15.034 837.9129 35.9476
15.044 837.9057 35.9485
15.054 837.9343 35.9492
15.064 837.9329 35.9485
15.074 837.9052 35.9483
15.084 837.9192 35.9489
15.094 837.9398 35.9511
15.104 837.9185 35.9504
15.114 837.8648 35.9480
15.124 837.8943 35.9473
15.134 837.8999 35.9502
15.144 837.9227 35.9507
15.154 837.8982 35.9484
15.164 837.8840 35.9485
15.174 837.9156 35.9489
15.184 837.9296 35.9496
15.194 837.9293 35.9485
15.204 837.8796 35.9491
15.214 837.9227 35.9516
15.224 837.8981 35.9520
15.234 837.9431 35.9500
15.244 837.9087 35.9500
15.254 837.9356 35.9499
15.264 837.9305 35.9510
15.274 837.9318 35.9516
15.284 837.9356 35.9499
15.294 837.9036 35.9520
15.304 837.9487 35.9529
15.314 837.9205 35.9533
15.324 837.9119 35.9526
15.334 837.9189 35.9524
15.344 837.9324 35.9529
15.354 837.9012 35.9518
15.364 837.9083 35.9526
15.374 837.9311 35.9531
15.384 837.9171 35.9524
15.394 837.9261 35.9515
15.404 837.9280 35.9534
15.414 837.9232 35.9556
15.424 837.9208 35.9553
15.434 837.9130 35.9550
15.444 837.9291 35.9549
15.454 837.9070 35.9538
15.464 837.9607 35.9543
15.474 837.9437 35.9558
15.484 837.9177 35.9556
15.494 837.9379 35.9547
15.504 837.8750 35.9560
15.514 837.9339 35.9573
15.524 837.9510 35.9577
15.534 837.9023 35.9588
15.544 837.9438 35.9577
15.554 837.9214 35.9565
15.564 837.9342 35.9574
15.574 837.9339 35.9583
15.584 837.9099 35.9589
15.594 837.9174 35.9591
15.604 837.9004 35.9606
15.614 837.9480 35.9589
15.624 837.9163 35.9585
15.634 837.8951 35.9588
15.644 837.9066 35.9564
15.654 837.9300 35.9572
15.664 837.8710 35.9585
15.674 837.9198 35.9603
15.684 837.9185 35.9606
15.694 837.9166 35.9596
15.704 837.9094 35.9596
15.714 837.9203 35.9606
15.724 837.9020 35.9623
15.734 837.9367 35.9624
15.744 837.9595 35.9611
15.754 837.9160 35.9620
15.764 837.9476 35.9624
15.774 837.8692 35.9604
15.784 837.8982 35.9595
15.794 837.9039 35.9596
15.804 837.9187 35.9597
15.814 837.9001 35.9614
15.824 837.9144 35.9622
15.834 837.9121 35.9629
15.844 837.8925 35.9639
15.854 837.9184 35.9633
15.864 837.9222 35.9624
15.874 837.8880 35.9626
15.884 837.8953 35.9635
15.894 837.9230 35.9629
15.904 837.9489 35.9622
15.914 837.9267 35.9638
15.924 837.9197 35.9649
15.934 837.8933 35.9653
15.944 837.9348 35.9651
15.954 837.9208 35.9664
15.964 837.9253 35.9668
15.974 837.9018 35.9641
15.984 837.9212 35.9638
15.994 837.9197 35.9649
16.004 837.9039 35.9651
16.014 837.9294 35.9661
16.024 837.9229 35.9656
16.034 837.9125 35.9658
16.044 837.9209 35.9673
16.054 837.9524 35.9658
16.064 837.8773 35.9673
16.074 837.9306 35.9695
16.084 837.8999 35.9668
16.094 837.9358 35.9657
16.104 837.9081 35.9700
16.114 837.9244 35.9710
16.124 837.9137 35.9683
16.134 837.9168 35.9689
16.144 837.9055 35.9696
16.154 837.9607 35.9700
16.164 837.9545 35.9706
16.174 837.9120 35.9711
16.184 837.9115 35.9708
16.194 837.9352 35.9691
16.204 837.8829 35.9692
16.214 837.9358 35.9703
16.224 837.9136 35.9710
16.234 837.9296 35.9699
16.244 837.9166 35.9697
16.254 837.9618 35.9715
16.264 837.9139 35.9720
16.274 837.9397 35.9714
16.284 837.9333 35.9727
16.294 837.9401 35.9734
16.304 837.9284 35.9730
16.314 837.9313 35.9745
16.324 837.9236 35.9751
16.334 837.9033 35.9731
16.344 837.9133 35.9708
16.354 837.8948 35.9697
16.364 837.9381 35.9696
16.374 837.8962 35.9714
16.384 837.9053 35.9723
16.394 837.9206 35.9718
16.404 837.9253 35.9733
16.414 837.9074 35.9734
16.424 837.9012 35.9720
16.434 837.9222 35.9726
16.444 837.9344 35.9742
16.454 837.9231 35.9749
16.464 837.9402 35.9753
16.474 837.9153 35.9746
16.484 837.9487 35.9741
16.494 837.9135 35.9746
16.504 837.9249 35.9749
16.514 837.9010 35.9738
16.524 837.9007 35.9727
16.534 837.9185 35.9762
16.544 837.9234 35.9769
16.554 837.9417 35.9751
16.564 837.9078 35.9754
16.574 837.9332 35.9754
16.584 837.9470 35.9769
16.594 837.9372 35.9784
16.604 837.9250 35.9777
16.614 837.9153 35.9756
16.624 837.9254 35.9742
16.634 837.8892 35.9761
16.644 837.9437 35.9780
16.654 837.8849 35.9785
16.664 837.9375 35.9795
16.674 837.9549 35.9791
16.684 837.9261 35.9783
16.694 837.9334 35.9792
16.704 837.9145 35.9797
16.714 837.8824 35.9800
16.724 837.9205 35.9810
16.734 837.8932 35.9800
16.744 837.9082 35.9793
16.754 837.9223 35.9800
16.764 837.9186 35.9781
16.774 837.8961 35.9796
16.784 837.9120 35.9822
16.794 837.9205 35.9810
16.804 837.9397 35.9805
16.814 837.9195 35.9814
16.824 837.8998 35.9805
16.834 837.9277 35.9800
16.844 837.9402 35.9818
16.854 837.9286 35.9823
16.864 837.8879 35.9810
16.874 837.8936 35.9820
16.884 837.9424 35.9838
16.894 837.9341 35.9833
16.904 837.9100 35.9830
16.914 837.8978 35.9833
16.924 837.9144 35.9834
16.934 837.8991 35.9830
16.944 837.9157 35.9841
16.954 837.9082 35.9839
16.964 837.9025 35.9847
16.974 837.9282 35.9849
16.984 837.9323 35.9833
16.994 837.8956 35.9858
17.004 837.9423 35.9865
17.014 837.9093 35.9854
17.024 837.9173 35.9849
17.034 837.8720 35.9858
17.044 837.9184 35.9864
17.054 837.9265 35.9877
17.064 837.9034 35.9870
17.074 837.8852 35.9842
17.084 837.8940 35.9850
17.094 837.9068 35.9869
17.104 837.9025 35.9893
17.114 837.9492 35.9900
17.124 837.9293 35.9864
17.134 837.9171 35.9857
17.144 837.9181 35.9899
17.154 837.9443 35.9912
17.164 837.9368 35.9901
17.174 837.9354 35.9895
17.184 837.9260 35.9920
17.194 837.9426 35.9922
17.204 837.9217 35.9889
17.214 837.9271 35.9880
17.224 837.9118 35.9895
17.234 837.9000 35.9918
17.244 837.9147 35.9891
17.254 837.9165 35.9891
17.264 837.9084 35.9923
17.274 837.8863 35.9912
17.284 837.8910 35.9918
17.294 837.9102 35.9923
17.304 837.9187 35.9911
17.314 837.9159 35.9924
17.324 837.9141 35.9934
17.334 837.9102 35.9932
17.344 837.9118 35.9931
17.354 837.8840 35.9928
17.364 837.9395 35.9934
17.374 837.9361 35.9926
17.384 837.9266 35.9951
17.394 837.9033 35.9953
17.404 837.9183 35.9937
17.414 837.9341 35.9943
17.424 837.9113 35.9938
17.434 837.8877 35.9938
17.444 837.9346 35.9937
17.454 837.9227 35.9941
17.464 837.9266 35.9942
17.474 837.9230 35.9961
17.484 837.9036 35.9964
17.494 837.9055 35.9973
17.504 837.9153 35.9977
17.514 837.9353 35.9968
17.524 837.9265 35.9969
17.534 837.9184 35.9955
17.544 837.9039 35.9965
17.554 837.9008 35.9977
17.564 837.9112 35.9974
17.574 837.9140 35.9970
17.584 837.9080 35.9968
17.594 837.8655 35.9954
17.604 837.9030 35.9951
17.614 837.9078 35.9976
17.624 837.9161 35.9981
17.634 837.9350 35.9966
17.644 837.9047 35.9969
17.654 837.9231 35.9980
17.664 837.9348 35.9974
17.674 837.9426 35.9977
17.684 837.8810 35.9996
17.694 837.9172 35.9987
17.704 837.8965 35.9982
17.714 837.9292 35.9992
17.724 837.9429 35.9997
17.734 837.9531 36.0012
17.744 837.9487 36.0018
17.754 837.9222 36.0003
17.764 837.9037 35.9982
17.774 837.9128 35.9992
17.784 837.9218 36.0019
17.794 837.9155 36.0015
17.804 837.9347 36.0011
17.814 837.9293 36.0020
17.824 837.9020 36.0011
17.834 837.8872 35.9991
17.844 837.9240 35.9993
17.854 837.9352 36.0014
17.864 837.9489 36.0009
17.874 837.9099 36.0023
17.884 837.9185 36.0039
17.894 837.9177 36.0045
17.904 837.9262 36.0032
17.914 837.9154 36.0032
17.924 837.8890 36.0055
17.934 837.9198 36.0037
17.944 837.8918 36.0042
17.954 837.9215 36.0064
17.964 837.9125 36.0037
17.974 837.8993 36.0043
17.984 837.9285 36.0062
17.994 837.9378 36.0064
18.004 837.9340 36.0081
18.014 837.9664 36.0080
18.024 837.9002 36.0057
18.034 837.8863 36.0032
18.044 837.9021 36.0030
18.054 837.9187 36.0031
18.064 837.9319 36.0034
18.074 837.9403 36.0049
18.084 837.8938 36.0080
18.094 837.9210 36.0080
18.104 837.8865 36.0061
18.114 837.8922 36.0072
18.124 837.9135 36.0088
18.134 837.9112 36.0085
18.144 837.9159 36.0100
18.154 837.9681 36.0116
18.164 837.9294 36.0095
18.174 837.9315 36.0096
18.184 837.8791 36.0097
18.194 837.9172 36.0088
18.204 837.9281 36.0097
18.214 837.8750 36.0095
18.224 837.9366 36.0085
18.234 837.9351 36.0096
18.244 837.9261 36.0105
18.254 837.9284 36.0108
18.264 837.9289 36.0111
18.274 837.9416 36.0111
18.284 837.9421 36.0104
18.294 837.9229 36.0099
18.304 837.9326 36.0120
18.314 837.8969 36.0123
18.324 837.9100 36.0116
18.334 837.9493 36.0131
18.344 837.9477 36.0132
18.354 837.9259 36.0132
18.364 837.9034 36.0128
18.374 837.9132 36.0132
18.384 837.9076 36.0150
18.394 837.9138 36.0145
18.404 837.9257 36.0141
18.414 837.9459 36.0123
18.424 837.9459 36.0123
18.434 837.9231 36.0146
18.444 837.9125 36.0138
18.454 837.9111 36.0122
18.464 837.9112 36.0131
18.474 837.9201 36.0149
18.484 837.9249 36.0136
18.494 837.9093 36.0131
18.504 837.9366 36.0150
18.514 837.9336 36.0172
18.524 837.9417 36.0176
18.534 837.9437 36.0168
18.544 837.9245 36.0153
18.554 837.9216 36.0157
18.564 837.9220 36.0177
18.574 837.9446 36.0181
18.584 837.8950 36.0159
18.594 837.9198 36.0157
18.604 837.9132 36.0178
18.614 837.9132 36.0188
18.624 837.9320 36.0200
18.634 837.9221 36.0205
18.644 837.9252 36.0193
18.654 837.9049 36.0173
18.664 837.9389 36.0180
18.674 837.9156 36.0200
18.684 837.9244 36.0199
18.694 837.9298 36.0189
18.704 837.9194 36.0182
18.714 837.9353 36.0189
18.724 837.9594 36.0192
18.734 837.9262 36.0189
18.744 837.9044 36.0189
18.754 837.9182 36.0185
18.764 837.9066 36.0200
18.774 837.9175 36.0219
18.784 837.9321 36.0219
18.794 837.9203 36.0205
18.804 837.8988 36.0197
18.814 837.9212 36.0219
18.824 837.9049 36.0228
18.834 837.9105 36.0220
18.844 837.9256 36.0232
18.854 837.9404 36.0224
18.864 837.9448 36.0228
18.874 837.8902 36.0246
18.884 837.9259 36.0224
18.894 837.9165 36.0223
18.904 837.9443 36.0235
18.914 837.9098 36.0235
18.924 837.9339 36.0228
18.934 837.9235 36.0222
18.944 837.9378 36.0230
18.954 837.9250 36.0257
18.964 837.9053 36.0258
18.974 837.9132 36.0234
18.984 837.9083 36.0246
18.994 837.9136 36.0263
19.004 837.9475 36.0261
19.014 837.8793 36.0246
19.024 837.9042 36.0253
19.034 837.9408 36.0254
19.044 837.9336 36.0263
19.054 837.9079 36.0272
19.064 837.9286 36.0257
19.074 837.9211 36.0265
19.084 837.9115 36.0253
19.094 837.9336 36.0263
19.104 837.9324 36.0285
19.114 837.9215 36.0285
19.124 837.9471 36.0277
19.134 837.9400 36.0259
19.144 837.9464 36.0246
19.154 837.9118 36.0263
19.164 837.9069 36.0276
19.174 837.9230 36.0284
19.184 837.9242 36.0308
19.194 837.8852 36.0295
19.204 837.9140 36.0293
19.214 837.9067 36.0293
19.224 837.9189 36.0290
19.234 837.8837 36.0296
19.244 837.9456 36.0297
19.254 837.9055 36.0305
19.264 837.9398 36.0313
19.274 837.9525 36.0313
19.284 837.8874 36.0305
19.294 837.9424 36.0318
19.304 837.9159 36.0322
19.314 837.9133 36.0318
19.324 837.9211 36.0320
19.334 837.9090 36.0332
19.344 837.9381 36.0342
19.354 837.9198 36.0323
19.364 837.9190 36.0319
19.374 837.9196 36.0322
19.384 837.9268 36.0312
19.394 837.9377 36.0312
19.404 837.9400 36.0305
19.414 837.8926 36.0323
19.424 837.9591 36.0338
19.434 837.9403 36.0326
19.444 837.9207 36.0336
19.454 837.9213 36.0349
19.464 837.9137 36.0347
19.474 837.9471 36.0332
19.484 837.9186 36.0335
19.494 837.9145 36.0342
19.504 837.8901 36.0328
19.514 837.9264 36.0347
19.524 837.9190 36.0374
19.534 837.9362 36.0378
19.544 837.9044 36.0355
19.554 837.9338 36.0366
19.564 837.9295 36.0390
19.574 837.9187 36.0354
19.584 837.9239 36.0362
19.594 837.9300 36.0384
19.604 837.9513 36.0390
19.614 837.9215 36.0405
19.624 837.9441 36.0409
19.634 837.9312 36.0417
19.644 837.9376 36.0413
19.654 837.9365 36.0389
19.664 837.9181 36.0397
19.674 837.9015 36.0396
19.684 837.9287 36.0377
19.694 837.9378 36.0396
19.704 837.9063 36.0411
19.714 837.9091 36.0407
19.724 837.8805 36.0400
19.734 837.9073 36.0407
19.744 837.9602 36.0417
19.754 837.8990 36.0420
19.764 837.8865 36.0403
19.774 837.9295 36.0400
19.784 837.9587 36.0419
19.794 837.9058 36.0417
19.804 837.9218 36.0407
19.814 837.9145 36.0407
19.824 837.9275 36.0417
19.834 837.9090 36.0434
19.844 837.9392 36.0422
19.854 837.9309 36.0416
19.864 837.9088 36.0405
19.874 837.8901 36.0393
19.884 837.9345 36.0407
19.894 837.9329 36.0408
19.904 837.9337 36.0412
19.914 837.9360 36.0442
19.924 837.9197 36.0451
19.934 837.8901 36.0449
19.944 837.9202 36.0454
19.954 837.9318 36.0449
19.964 837.9117 36.0457
19.974 837.9484 36.0450
19.984 837.9173 36.0449
19.994 837.9291 36.0462
20.004 837.8959 36.0469
20.014 837.9277 36.0455
20.024 837.9145 36.0453
20.034 837.9153 36.0466
20.044 837.8920 36.0467
20.054 837.9129 36.0444
20.064 837.8875 36.0454
20.074 837.9076 36.0473
20.084 837.9390 36.0476
20.094 837.9217 36.0489
20.104 837.9214 36.0478
20.114 837.9234 36.0470
20.124 837.9148 36.0473
20.134 837.9152 36.0493
20.144 837.9381 36.0508
20.154 837.9400 36.0481
20.164 837.9229 36.0467
20.174 837.9097 36.0474
20.184 837.8994 36.0486
20.194 837.9261 36.0493
20.204 837.9264 36.0504
20.214 837.9124 36.0497
20.224 837.8908 36.0489
20.234 837.9155 36.0494
20.244 837.9155 36.0504
20.254 837.9156 36.0513
20.264 837.9077 36.0492
20.274 837.9121 36.0486
20.284 837.9012 36.0496
20.294 837.9329 36.0500
20.304 837.8906 36.0497
20.314 837.9114 36.0501
20.324 837.9119 36.0513
20.334 837.9077 36.0501
20.344 837.9380 36.0499
20.354 837.9115 36.0539
20.364 837.9380 36.0554
20.374 837.9073 36.0527
20.384 837.9141 36.0524
20.394 837.9424 36.0539
20.404 837.9330 36.0519
20.414 837.8865 36.0513
20.424 837.8649 36.0542
20.434 837.9175 36.0532
20.444 837.9156 36.0513
20.454 837.9297 36.0539
20.464 837.9385 36.0547
20.474 837.9105 36.0534
20.484 837.9125 36.0526
20.494 837.9102 36.0532
20.504 837.9020 36.0546
20.514 837.9411 36.0532
20.524 837.9107 36.0526
20.534 837.9253 36.0535
20.544 837.9329 36.0555
20.554 837.9158 36.0561
20.564 837.9051 36.0543
20.574 837.9162 36.0535
20.584 837.9300 36.0550
20.594 837.9021 36.0565
20.604 837.9306 36.0571
20.614 837.9314 36.0576
20.624 837.9335 36.0577
20.634 837.9366 36.0574
20.644 837.9401 36.0555
20.654 837.9110 36.0546
20.664 837.9127 36.0573
20.674 837.9569 36.0585
20.684 837.9127 36.0573
20.694 837.9265 36.0588
20.704 837.9089 36.0590
20.714 837.9052 36.0571
20.724 837.9047 36.0569
20.734 837.9086 36.0570
20.744 837.9203 36.0574
20.754 837.9172 36.0577
20.764 837.8975 36.0578
20.774 837.9288 36.0581
20.784 837.9174 36.0569
20.794 837.8916 36.0549
20.804 837.9500 36.0559
20.814 837.9492 36.0565
20.824 837.9246 36.0559
20.834 837.8979 36.0562
20.844 837.9224 36.0585
20.854 837.9344 36.0609
20.864 837.9414 36.0599
20.874 837.9257 36.0584
20.884 837.9316 36.0567
20.894 837.9238 36.0565
20.904 837.9192 36.0578
20.914 837.9068 36.0589
20.924 837.9147 36.0601
20.934 837.9097 36.0594
20.944 837.8833 36.0589
20.954 837.9290 36.0609
20.964 837.9461 36.0604
20.974 837.9199 36.0600
20.984 837.9054 36.0609
20.994 837.9168 36.0603
21.004 837.9134 36.0604
21.014 837.9306 36.0617
21.024 837.9331 36.0612
21.034 837.9160 36.0608
21.044 837.9075 36.0611
21.054 837.9057 36.0620
21.064 837.8923 36.0635
21.074 837.9456 36.0620
21.084 837.9049 36.0616
21.094 837.9161 36.0627
21.104 837.9002 36.0611
21.114 837.9363 36.0619
21.124 837.9052 36.0617
21.134 837.9111 36.0611
21.144 837.9114 36.0621
21.154 837.9140 36.0626
21.164 837.8936 36.0632
21.174 837.9241 36.0631
21.184 837.9164 36.0647
21.194 837.9124 36.0663
21.204 837.9054 36.0665
21.214 837.9504 36.0654
21.224 837.9121 36.0662
21.234 837.9220 36.0666
21.244 837.9110 36.0638
21.254 837.9387 36.0640
21.264 837.9354 36.0661
21.274 837.9269 36.0654
21.284 837.9359 36.0644
21.294 837.9058 36.0648
21.304 837.9017 36.0655
21.314 837.8703 36.0653
21.324 837.9056 36.0647
21.334 837.8965 36.0657
21.344 837.9227 36.0661
21.354 837.8974 36.0670
21.364 837.8961 36.0673
21.374 837.9101 36.0670
21.384 837.9026 36.0678
21.394 837.9218 36.0684
21.404 837.9358 36.0681
21.414 837.8699 36.0669
21.424 837.9249 36.0671
21.434 837.9140 36.0681
21.444 837.9156 36.0680
21.454 837.9238 36.0666
21.464 837.9060 36.0677
21.474 837.9144 36.0701
21.484 837.9231 36.0681
21.494 837.9084 36.0689
21.504 837.9209 36.0707
21.514 837.9343 36.0701
21.524 837.9263 36.0707
21.534 837.9102 36.0698
21.544 837.9133 36.0686
21.554 837.9488 36.0692
21.564 837.9141 36.0700
21.574 837.9012 36.0708
21.584 837.9284 36.0717
21.594 837.8729 36.0712
21.604 837.9437 36.0712
21.614 837.9411 36.0708
21.624 837.9319 36.0689
21.634 837.9277 36.0677
21.644 837.9392 36.0698
21.654 837.9028 36.0716
21.664 837.8958 36.0717
21.674 837.9298 36.0724
21.684 837.9282 36.0716
21.694 837.9106 36.0728
21.704 837.8814 36.0736
21.714 837.9007 36.0724
21.724 837.9010 36.0735
21.734 837.9332 36.0732
21.744 837.9365 36.0731
21.754 837.9190 36.0743
21.764 837.9298 36.0734
21.774 837.9080 36.0724
21.784 837.9356 36.0698
21.794 837.9123 36.0700
21.804 837.9065 36.0735
21.814 837.8990 36.0734
21.824 837.8719 36.0707
21.834 837.9051 36.0719
21.844 837.9026 36.0743
21.854 837.9271 36.0757
21.864 837.8848 36.0763
21.874 837.9509 36.0758
21.884 837.9053 36.0766
21.894 837.9199 36.0766
21.904 837.9188 36.0770
21.914 837.9375 36.0773
21.924 837.9513 36.0788
21.934 837.9273 36.0794
21.944 837.9202 36.0786
21.954 837.8800 36.0785
21.964 837.9217 36.0775
21.974 837.9518 36.0781
21.984 837.9324 36.0793
21.994 837.8992 36.0781
22.004 837.8893 36.0777
22.014 837.9049 36.0792
22.024 837.9138 36.0790
22.034 837.9073 36.0794
22.044 837.9096 36.0797
22.054 837.8896 36.0778
22.064 837.9060 36.0788
22.074 837.9042 36.0797
22.084 837.9122 36.0782
22.094 837.9065 36.0790
22.104 837.9369 36.0816
22.114 837.9647 36.0828
22.124 837.9348 36.0805
22.134 837.9086 36.0801
22.144 837.9188 36.0825
22.154 837.9002 36.0823
22.164 837.9084 36.0809
22.174 837.9202 36.0832
22.184 837.9153 36.0844
22.194 837.9455 36.0823
22.204 837.9139 36.0828
22.214 837.9119 36.0836
22.224 837.9117 36.0844
22.234 837.9057 36.0851
22.244 837.9261 36.0825
22.254 837.9162 36.0821
22.264 837.9219 36.0859
22.274 837.9234 36.0867
22.284 837.9369 36.0871
22.294 837.9111 36.0878
22.304 837.9234 36.0867
22.314 837.9149 36.0861
22.324 837.8974 36.0846
22.334 837.9159 36.0857
22.344 837.9229 36.0865
22.354 837.9258 36.0870
22.364 837.9284 36.0874
22.374 837.9045 36.0863
22.384 837.9088 36.0848
22.394 837.9021 36.0851
22.404 837.9357 36.0874
22.414 837.9017 36.0877
22.424 837.9409 36.0892
22.434 837.9337 36.0892
22.444 837.9274 36.0878
22.454 837.9396 36.0885
22.464 837.9163 36.0896
22.474 837.9101 36.0901
22.484 837.9404 36.0889
22.494 837.9191 36.0882
22.504 837.9036 36.0886
22.514 837.9235 36.0886
22.524 837.9164 36.0905
22.534 837.9206 36.0917
22.544 837.9294 36.0916
22.554 837.9045 36.0909
22.564 837.8969 36.0898
22.574 837.9294 36.0925
22.584 837.9310 36.0924
22.594 837.9268 36.0921
22.604 837.9450 36.0931
22.614 837.9149 36.0916
22.624 837.8861 36.0927
22.634 837.9186 36.0935
22.644 837.8937 36.0938
22.654 837.9308 36.0942
22.664 837.9237 36.0924
22.674 837.9079 36.0917
22.684 837.8820 36.0934
22.694 837.8825 36.0936
22.704 837.8924 36.0940
22.714 837.9043 36.0927
22.724 837.9224 36.0917
22.734 837.9399 36.0942
22.744 837.9309 36.0961
22.754 837.9205 36.0954
22.764 837.9156 36.0957
22.774 837.9078 36.0963
22.784 837.9368 36.0954
22.794 837.8992 36.0957
22.804 837.9194 36.0939
22.814 837.8995 36.0967
22.824 837.9300 36.0993
22.834 837.9180 36.0969
22.844 837.8988 36.0973
22.854 837.9153 36.0965
22.864 837.8964 36.0961
22.874 837.9421 36.0971
22.884 837.9284 36.0975
22.894 837.9084 36.0966
22.904 837.9141 36.0977
22.914 837.9379 36.1015
22.924 837.9133 36.1019
22.934 837.9212 36.1004
22.944 837.9209 36.0993
22.954 837.9302 36.0975
22.964 837.9344 36.0988
22.974 837.9209 36.0993
22.984 837.9292 36.0989
22.994 837.9195 36.1023
23.004 837.9481 36.1029
23.014 837.9038 36.0998
23.024 837.9256 36.0998
23.034 837.9073 36.1025
23.044 837.9229 36.1021
23.054 837.8883 36.1012
23.064 837.9311 36.1008
23.074 837.8992 36.1002
23.084 837.8895 36.1027
23.094 837.9240 36.1036
23.104 837.9507 36.1034
23.114 837.9225 36.1047
23.124 837.8929 36.1044
23.134 837.9403 36.1027
23.144 837.9016 36.1024
23.154 837.9092 36.1025
23.164 837.8794 36.1040
23.174 837.9150 36.1055
23.184 837.8976 36.1050
23.194 837.9051 36.1042
23.204 837.9237 36.1035
23.214 837.9191 36.1048
23.224 837.9160 36.1051
23.234 837.8945 36.1043
23.244 837.9105 36.1042
23.254 837.9111 36.1044
23.264 837.9053 36.1043
23.274 837.9202 36.1054
23.284 837.9124 36.1051
23.294 837.8797 36.1051
23.304 837.9044 36.1066
23.314 837.9312 36.1082
23.324 837.9516 36.1075
23.334 837.9219 36.1044
23.344 837.9321 36.1059
23.354 837.9379 36.1079
23.364 837.9071 36.1079
23.374 837.9229 36.1077
23.384 837.9561 36.1079
23.394 837.9200 36.1081
23.404 837.8809 36.1085
23.414 837.9095 36.1092
23.424 837.8872 36.1098
23.434 837.9043 36.1093
23.444 837.9146 36.1081
23.454 837.9297 36.1102
23.464 837.8820 36.1100
23.474 837.9136 36.1085
23.484 837.9259 36.1111
23.494 837.9319 36.1123
23.504 837.9205 36.1120
23.514 837.9138 36.1123
23.524 837.9386 36.1120
23.534 837.9632 36.1116
23.544 837.9161 36.1125
23.554 837.9395 36.1133
23.564 837.9449 36.1133
23.574 837.9306 36.1125
23.584 837.9363 36.1117
23.594 837.9007 36.1112
23.604 837.9057 36.1128
23.614 837.9049 36.1124
23.624 837.9085 36.1115
23.634 837.9096 36.1129
23.644 837.9055 36.1127
23.654 837.9125 36.1125
23.664 837.9029 36.1132
23.674 837.9317 36.1140
23.684 837.9196 36.1152
23.694 837.9243 36.1158
23.704 837.8931 36.1147
23.714 837.9286 36.1133
23.724 837.9410 36.1132
23.734 837.9026 36.1121
23.744 837.9189 36.1121
23.754 837.9270 36.1125
23.764 837.8972 36.1121
23.774 837.8988 36.1139
23.784 837.9201 36.1146
23.794 837.9379 36.1135
23.804 837.8962 36.1135
23.814 837.9015 36.1162
23.824 837.9160 36.1162
23.834 837.9442 36.1148
23.844 837.8999 36.1154
23.854 837.9554 36.1159
23.864 837.9020 36.1155
23.874 837.9059 36.1156
23.884 837.9080 36.1167
23.894 837.9133 36.1185
23.904 837.9190 36.1196
23.914 837.9040 36.1193
23.924 837.9000 36.1182
23.934 837.9454 36.1173
23.944 837.9195 36.1179
23.954 837.9309 36.1182
23.964 837.9337 36.1178
23.974 837.9174 36.1178
23.984 837.9308 36.1173
23.994 837.9045 36.1196
24.004 837.8982 36.1228
24.014 837.8917 36.1223
24.024 837.8986 36.1212
24.034 837.9165 36.1201
24.044 837.9242 36.1194
24.054 837.9404 36.1221
24.064 837.9508 36.1238
24.074 837.9023 36.1221
24.084 837.9208 36.1242
24.094 837.9382 36.1247
24.104 837.9230 36.1206
24.114 837.9032 36.1198
24.124 837.9139 36.1216
24.134 837.9379 36.1236
24.144 837.9242 36.1240
24.154 837.9202 36.1229
24.164 837.9220 36.1229
24.174 837.9324 36.1227
24.184 837.9172 36.1242
24.194 837.9315 36.1250
24.204 837.9047 36.1243
24.214 837.9229 36.1243
24.224 837.9006 36.1240
24.234 837.9561 36.1246
24.244 837.9167 36.1248
24.254 837.9284 36.1252
24.264 837.9391 36.1270
24.274 837.9411 36.1262
24.284 837.9307 36.1255
24.294 837.9468 36.1254
24.304 837.9222 36.1258
24.314 837.9280 36.1278
24.324 837.9284 36.1271
24.334 837.9265 36.1252
24.344 837.8996 36.1263
24.354 837.8917 36.1288
24.364 837.9160 36.1273
24.374 837.9230 36.1271
24.384 837.9394 36.1290
24.394 837.9204 36.1277
24.404 837.9658 36.1267
24.414 837.9030 36.1271
24.424 837.9018 36.1274
24.434 837.9013 36.1290
24.444 837.9125 36.1301
24.454 837.9187 36.1286
24.464 837.9260 36.1296
24.474 837.9154 36.1306
24.484 837.9134 36.1269
24.494 837.8968 36.1267
24.504 837.9158 36.1290
24.514 837.9143 36.1301
24.524 837.9350 36.1296
24.534 837.9438 36.1285
24.544 837.9253 36.1310
24.554 837.9300 36.1325
24.564 837.9323 36.1319
24.574 837.9079 36.1315
24.584 837.9452 36.1310
24.594 837.9110 36.1312
24.604 837.9172 36.1306
24.614 837.9310 36.1321
24.624 837.8898 36.1333
24.634 837.9163 36.1339
24.644 837.9142 36.1337
24.654 837.8813 36.1327
24.664 837.9391 36.1335
24.674 837.9261 36.1324
24.684 837.9090 36.1320
24.694 837.9141 36.1309
24.704 837.9175 36.1317
24.714 837.9014 36.1365
24.724 837.9182 36.1358
24.734 837.9461 36.1324
24.744 837.9179 36.1337
24.754 837.9372 36.1362
24.764 837.9288 36.1356
24.774 837.9179 36.1347
24.784 837.9114 36.1351
24.794 837.9254 36.1348
24.804 837.9651 36.1337
24.814 837.9158 36.1336
24.824 837.9591 36.1344
24.834 837.9122 36.1355
24.844 837.9401 36.1377
24.854 837.9103 36.1373
24.864 837.9145 36.1348
24.874 837.9053 36.1356
24.884 837.9123 36.1374
24.894 837.9090 36.1385
24.904 837.9381 36.1385
24.914 837.9188 36.1379
24.924 837.9310 36.1377
24.934 837.9269 36.1374
24.944 837.9321 36.1382
24.954 837.9238 36.1396
24.964 837.9145 36.1394
24.974 837.8928 36.1404
24.984 837.8920 36.1409
24.994 837.9038 36.1386
25.004 837.9218 36.1394
25.014 837.9127 36.1404
25.024 837.9342 36.1402
25.034 837.9221 36.1405
25.044 837.9440 36.1387
25.054 837.9590 36.1381
25.064 837.9124 36.1393
25.074 837.8936 36.1408
25.084 837.9365 36.1386
25.094 837.9196 36.1383
25.104 837.8951 36.1406
25.114 837.8985 36.1405
25.124 837.9392 36.1419
25.134 837.9131 36.1424
25.144 837.9413 36.1420
25.154 837.9351 36.1425
25.164 837.9082 36.1436
25.174 837.8882 36.1436
25.184 837.9041 36.1433
25.194 837.9022 36.1424
25.204 837.9234 36.1412
25.214 837.9341 36.1420
25.224 837.8887 36.1429
25.234 837.8890 36.1440
25.244 837.9059 36.1433
25.254 837.9269 36.1439
25.264 837.9505 36.1448
25.274 837.9145 36.1450
25.284 837.9166 36.1460
25.294 837.9215 36.1458
25.304 837.9306 36.1458
25.314 837.9516 36.1454
25.324 837.9210 36.1446
25.334 837.8906 36.1448
25.344 837.9158 36.1456
25.354 837.8909 36.1440
25.364 837.8968 36.1433
25.374 837.9417 36.1450
25.384 837.9176 36.1447
25.394 837.9491 36.1469
25.404 837.9518 36.1501
25.414 837.9315 36.1481
25.424 837.9231 36.1456
25.434 837.9181 36.1450
25.444 837.9010 36.1446
25.454 837.9280 36.1454
25.464 837.9330 36.1470
25.474 837.9203 36.1479
25.484 837.9450 36.1475
25.494 837.9115 36.1471
25.504 837.9411 36.1474
25.514 837.9271 36.1486
25.524 837.9212 36.1493
25.534 837.8968 36.1489
25.544 837.9360 36.1494
25.554 837.9222 36.1479
25.564 837.9179 36.1448
25.574 837.9270 36.1458
25.584 837.9164 36.1478
25.594 837.9103 36.1493
25.604 837.9052 36.1513
25.614 837.9473 36.1524
25.624 837.9118 36.1482
25.634 837.9149 36.1479
25.644 837.9292 36.1497
25.654 837.9321 36.1493
25.664 837.9365 36.1506
25.674 837.9241 36.1498
25.684 837.8922 36.1512
25.694 837.9224 36.1527
25.704 837.8994 36.1539
25.714 837.9116 36.1555
25.724 837.9196 36.1550
25.734 837.9131 36.1544
25.744 837.9094 36.1535
25.754 837.9056 36.1497
25.764 837.8986 36.1498
25.774 837.9084 36.1529
25.784 837.8970 36.1536
25.794 837.9258 36.1544
25.804 837.9139 36.1539
25.814 837.9161 36.1523
25.824 837.9341 36.1531
25.834 837.9170 36.1546
25.844 837.9017 36.1551
25.854 837.9344 36.1551
25.864 837.9188 36.1536
25.874 837.8918 36.1528
25.884 837.9137 36.1547
25.894 837.9302 36.1585
25.904 837.9269 36.1605
25.914 837.8801 36.1570
25.924 837.9256 36.1543
25.934 837.9178 36.1550
25.944 837.9106 36.1550
25.954 837.9093 36.1552
25.964 837.9044 36.1555
25.974 837.9096 36.1563
25.984 837.9067 36.1558
25.994 837.9062 36.1555
26.004 837.8993 36.1575
26.014 837.9553 36.1583
26.024 837.9594 36.1577
26.034 837.9478 36.1582
26.044 837.9372 36.1602
26.054 837.9118 36.1602
26.064 837.9092 36.1589
26.074 837.9074 36.1589
26.084 837.9603 36.1590
26.094 837.9338 36.1575
26.104 837.9209 36.1593
26.114 837.8935 36.1610
26.124 837.9056 36.1598
26.134 837.9040 36.1600
26.144 837.9152 36.1610
26.154 837.9495 36.1609
26.164 837.8781 36.1606
26.174 837.9106 36.1614
26.184 837.9023 36.1618
26.194 837.9176 36.1613
26.204 837.9381 36.1616
26.214 837.9104 36.1623
26.224 837.9231 36.1623
26.234 837.9088 36.1624
26.244 837.9145 36.1625
26.254 837.9132 36.1618
26.264 837.8961 36.1614
26.274 837.8966 36.1617
26.284 837.9234 36.1633
26.294 837.9480 36.1639
26.304 837.9254 36.1625
26.314 837.9175 36.1640
26.324 837.9011 36.1640
26.334 837.9290 36.1616
26.344 837.9089 36.1633
26.354 837.9053 36.1643
26.364 837.9255 36.1635
26.374 837.9295 36.1655
26.384 837.9267 36.1678
26.394 837.9304 36.1641
26.404 837.9054 36.1616
26.414 837.9110 36.1644
26.424 837.9245 36.1658
26.434 837.9118 36.1658
26.444 837.9051 36.1651
26.454 837.9554 36.1658
26.464 837.9241 36.1664
26.474 837.9308 36.1671
26.484 837.9157 36.1659
26.494 837.9346 36.1654
26.504 837.9237 36.1690
26.514 837.9341 36.1697
26.524 837.9508 36.1681
26.534 837.9153 36.1685
26.544 837.9042 36.1683
26.554 837.9244 36.1694
26.564 837.9318 36.1704
26.574 837.9330 36.1701
26.584 837.9403 36.1701
26.594 837.9169 36.1683
26.604 837.9357 36.1668
26.614 837.9171 36.1685
26.624 837.9194 36.1724
26.634 837.9103 36.1724
26.644 837.9275 36.1691
26.654 837.8876 36.1691
26.664 837.8954 36.1694
26.674 837.9009 36.1694
26.684 837.9022 36.1710
26.694 837.9028 36.1713
26.704 837.9130 36.1691
26.714 837.9322 36.1697
26.724 837.9108 36.1708
26.734 837.9113 36.1720
26.744 837.8938 36.1732
26.754 837.9269 36.1725
26.764 837.9222 36.1720
26.774 837.9292 36.1718
26.784 837.9031 36.1733
26.794 837.9052 36.1744
26.804 837.9143 36.1744
26.814 837.9128 36.1755
26.824 837.8923 36.1752
26.834 837.9205 36.1748
26.844 837.9335 36.1750
26.854 837.9076 36.1747
26.864 837.9323 36.1762
26.874 837.9501 36.1741
26.884 837.9041 36.1720
26.894 837.9207 36.1721
26.904 837.9389 36.1731
26.914 837.8863 36.1740
26.924 837.9055 36.1736
26.934 837.8987 36.1739
26.944 837.8956 36.1732
26.954 837.9008 36.1740
26.964 837.9042 36.1748
26.974 837.8944 36.1754
26.984 837.9337 36.1778
26.994 837.9412 36.1789
27.004 837.9186 36.1785
27.014 837.9077 36.1766
27.024 837.8576 36.1760
27.034 837.9077 36.1775
27.044 837.9228 36.1797
27.054 837.9232 36.1808
27.064 837.9221 36.1793
27.074 837.9124 36.1790
27.084 837.9166 36.1783
27.094 837.9282 36.1768
27.104 837.9038 36.1774
27.114 837.9054 36.1782
27.124 837.9213 36.1789
27.134 837.9483 36.1806
27.144 837.9240 36.1812
27.154 837.9491 36.1801
27.164 837.9257 36.1802
27.174 837.8975 36.1816
27.184 837.8796 36.1817
27.194 837.8980 36.1800
27.204 837.9320 36.1816
27.214 837.9087 36.1817
27.224 837.9003 36.1802
27.234 837.9178 36.1817
27.244 837.9394 36.1835
27.254 837.8807 36.1832
27.264 837.8801 36.1810
27.274 837.8941 36.1808
27.284 837.9198 36.1818
27.294 837.9251 36.1836
27.304 837.9394 36.1835
27.314 837.9113 36.1821
27.324 837.8954 36.1814
27.334 837.9074 36.1820
27.344 837.9372 36.1824
27.354 837.9069 36.1827
27.364 837.9396 36.1836
27.374 837.9098 36.1841
27.384 837.9226 36.1851
27.394 837.9013 36.1854
27.404 837.9002 36.1839
27.414 837.9241 36.1850
27.424 837.9338 36.1862
27.434 837.9267 36.1844
27.444 837.9368 36.1850
27.454 837.9081 36.1851
27.464 837.9203 36.1858
27.474 837.9014 36.1863
27.484 837.9220 36.1848
27.494 837.9182 36.1847
27.504 837.9172 36.1860
27.514 837.9219 36.1875
27.524 837.9562 36.1883
27.534 837.9214 36.1882
27.544 837.9002 36.1885
27.554 837.9471 36.1874
27.564 837.9032 36.1863
27.574 837.9284 36.1881
27.584 837.8991 36.1870
27.594 837.9045 36.1870
27.604 837.9277 36.1895
27.614 837.9192 36.1908
27.624 837.9083 36.1898
27.634 837.9162 36.1883
27.644 837.9160 36.1882
27.654 837.8927 36.1893
27.664 837.9068 36.1918
27.674 837.9452 36.1920
27.684 837.9015 36.1901
27.694 837.9090 36.1883
27.704 837.9113 36.1886
27.714 837.8907 36.1910
27.724 837.9221 36.1922
27.734 837.8956 36.1908
27.744 837.9122 36.1909
27.754 837.9432 36.1928
27.764 837.9364 36.1921
27.774 837.9393 36.1936
27.784 837.9170 36.1943
27.794 837.9095 36.1932
27.804 837.9315 36.1933
27.814 837.9022 36.1932
27.824 837.8988 36.1933
27.834 837.9069 36.1937
27.844 837.9373 36.1944
27.854 837.9132 36.1951
27.864 837.8987 36.1960
27.874 837.9166 36.1949
27.884 837.9097 36.1933
27.894 837.9080 36.1943
27.904 837.9233 36.1947
27.914 837.8984 36.1959
27.924 837.9150 36.1951
27.934 837.8890 36.1929
27.944 837.9173 36.1944
27.954 837.9010 36.1954
27.964 837.9215 36.1956
27.974 837.9166 36.1968
27.984 837.9056 36.1986
27.994 837.8832 36.1974
28.004 837.9358 36.1955
28.014 837.8872 36.1948
28.024 837.8903 36.1945
28.034 837.8808 36.1962
28.044 837.9234 36.1966
28.054 837.9019 36.1967
28.064 837.9203 36.1968
28.074 837.9297 36.1979
28.084 837.9102 36.1982
28.094 837.9016 36.1975
28.104 837.9058 36.1987
28.114 837.9240 36.1997
28.124 837.8865 36.2009
28.134 837.9212 36.2010
28.144 837.9020 36.2005
28.154 837.9318 36.1999
28.164 837.9201 36.1995
28.174 837.9055 36.1977
28.184 837.9095 36.1997
28.194 837.9018 36.2022
28.204 837.9611 36.2001
28.214 837.9328 36.1995
28.224 837.9212 36.2001
28.234 837.8857 36.2005
28.244 837.8896 36.2016
28.254 837.9202 36.2014
28.264 837.9219 36.2032
28.274 837.9142 36.2048
28.284 837.9170 36.2044
28.294 837.9242 36.2044
28.304 837.8880 36.2054
28.314 837.9178 36.2048
28.324 837.8980 36.2031
28.334 837.9421 36.2033
28.344 837.8980 36.2040
28.354 837.9162 36.2049
28.364 837.9015 36.2058
28.374 837.9293 36.2070
28.384 837.9181 36.2068
28.394 837.8914 36.2052
28.404 837.9484 36.2056
28.414 837.8935 36.2072
28.424 837.9269 36.2067
28.434 837.9235 36.2059
28.444 837.9082 36.2045
28.454 837.9256 36.2051
28.464 837.8943 36.2067
28.474 837.9125 36.2086
28.484 837.9177 36.2094
28.494 837.9114 36.2081
28.504 837.9083 36.2074
28.514 837.9218 36.2078
28.524 837.8863 36.2091
28.534 837.9022 36.2089
28.544 837.8967 36.2089
28.554 837.9564 36.2097
28.564 837.8921 36.2102
28.574 837.9370 36.2109
28.584 837.8973 36.2110
28.594 837.9106 36.2113
28.604 837.9354 36.2091
28.614 837.9255 36.2087
28.624 837.9346 36.2087
28.634 837.9109 36.2068
28.644 837.9037 36.2087
28.654 837.8973 36.2110
28.664 837.9232 36.2103
28.674 837.9253 36.2105
28.684 837.9178 36.2103
28.694 837.8882 36.2110
28.704 837.9041 36.2117
28.714 837.9217 36.2105
28.724 837.9015 36.2122
28.734 837.9361 36.2132
28.744 837.9057 36.2125
28.754 837.9238 36.2106
28.764 837.9165 36.2097
28.774 837.8917 36.2118
28.784 837.9342 36.2132
28.794 837.8894 36.2144
28.804 837.9071 36.2151
28.814 837.9029 36.2139
28.824 837.9328 36.2162
28.834 837.9007 36.2174
28.844 837.8915 36.2145
28.854 837.9314 36.2136
28.864 837.9050 36.2149
28.874 837.9295 36.2172
28.884 837.9004 36.2163
28.894 837.8980 36.2141
28.904 837.9199 36.2160
28.914 837.9027 36.2156
28.924 837.9232 36.2149
28.934 837.8789 36.2155
28.944 837.9043 36.2164
28.954 837.9072 36.2179
28.964 837.9166 36.2181
28.974 837.8951 36.2191
28.984 837.9571 36.2202
28.994 837.9117 36.2202
29.004 837.8977 36.2195
29.014 837.9164 36.2189
29.024 837.9056 36.2171
29.034 837.9116 36.2174
29.044 837.9752 36.2193
29.054 837.9369 36.2191
29.064 837.9440 36.2172
29.074 837.8616 36.2178
29.084 837.9605 36.2201
29.094 837.9328 36.2217
29.104 837.9559 36.2224
29.114 837.9167 36.2209
29.124 837.8680 36.2220
29.134 837.9000 36.2235
29.144 837.9185 36.2209
29.154 837.9369 36.2210
29.164 837.8986 36.2218
29.174 837.8941 36.2205
29.184 837.8827 36.2212
29.194 837.8506 36.2224
29.204 837.9031 36.2232
29.214 837.9238 36.2236
29.224 837.9228 36.2240
29.234 837.9101 36.2249
29.244 837.9218 36.2244
29.254 837.8953 36.2239
29.264 837.9140 36.2241
29.274 837.8905 36.2260
29.284 837.9037 36.2253
29.294 837.8997 36.2233
29.304 837.9047 36.2249
29.314 837.9092 36.2272
29.324 837.9074 36.2263
29.334 837.9319 36.2249
29.344 837.9170 36.2266
29.354 837.9061 36.2266
29.364 837.9144 36.2262
29.374 837.8983 36.2263
29.384 837.9211 36.2268
29.394 837.9240 36.2274
29.404 837.8999 36.2271
29.414 837.8892 36.2272
29.424 837.9136 36.2276
29.434 837.9256 36.2282
29.444 837.8743 36.2289
29.454 837.9160 36.2279
29.464 837.9334 36.2285
29.474 837.9213 36.2297
29.484 837.9186 36.2293
29.494 837.9165 36.2282
29.504 837.9307 36.2271
29.514 837.8932 36.2293
29.524 837.9315 36.2321
29.534 837.9011 36.2314
29.544 837.9202 36.2301
29.554 837.9534 36.2303
29.564 837.9192 36.2305
29.574 837.8772 36.2303
29.584 837.8738 36.2305
29.594 837.9288 36.2298
29.604 837.9179 36.2307
29.614 837.9193 36.2324
29.624 837.9121 36.2333
29.634 837.9069 36.2335
29.644 837.9240 36.2320
29.654 837.8739 36.2324
29.664 837.9087 36.2325
29.674 837.9235 36.2336
29.684 837.9212 36.2343
29.694 837.8911 36.2347
29.704 837.9205 36.2348
29.714 837.8999 36.2336
29.724 837.9219 36.2328
29.734 837.8828 36.2341
29.744 837.8935 36.2359
29.754 837.9293 36.2347
29.764 837.9137 36.2341
29.774 837.9020 36.2337
29.784 837.9158 36.2352
29.794 837.9058 36.2366
29.804 837.9060 36.2357
29.814 837.8909 36.2355
29.824 837.9381 36.2355
29.834 837.9092 36.2374
29.844 837.9254 36.2401
29.854 837.9105 36.2390
29.864 837.8954 36.2368
29.874 837.9320 36.2379
29.884 837.9331 36.2384
29.894 837.9244 36.2368
29.904 837.8928 36.2364
29.914 837.8941 36.2362
29.924 837.9211 36.2370
29.934 837.8932 36.2394
29.944 837.9212 36.2389
29.954 837.8937 36.2387
29.964 837.9184 36.2402
29.974 837.9306 36.2409
29.984 837.9402 36.2421
29.994 837.9542 36.2418
