% 21-Jul-2025 10:20:04
% Time, s	 Pressure, mBar	 Temperature, degC
0.005 839.6510 31.5994
0.015 839.6377 31.6028
0.025 839.6456 31.6058
0.035 839.6671 31.6064
0.045 839.6398 31.6071
0.055 839.6314 31.6079
0.065 839.6492 31.6084
0.075 839.6237 31.6099
0.085 839.6527 31.6133
0.095 839.6505 31.6171
0.105 839.6731 31.6207
0.115 839.6628 31.6231
0.125 839.6368 31.6244
0.135 839.6525 31.6238
0.145 839.6357 31.6255
0.155 839.6680 31.6272
0.165 839.6322 31.6271
0.174 839.6458 31.6279
0.184 839.6520 31.6285
0.194 839.6511 31.6305
0.204 839.6499 31.6332
0.214 839.6783 31.6330
0.224 839.6586 31.6325
0.234 839.6712 31.6353
0.244 839.6575 31.6360
0.254 839.6343 31.6354
0.264 839.6469 31.6350
0.274 839.6328 31.6347
0.284 839.6503 31.6383
0.294 839.6616 31.6388
0.304 839.6600 31.6388
0.314 839.6555 31.6400
0.324 839.6777 31.6417
0.334 839.6529 31.6420
0.344 839.6650 31.6421
0.354 839.6367 31.6439
0.364 839.6470 31.6424
0.374 839.6585 31.6422
0.384 839.6822 31.6455
0.394 839.6462 31.6461
0.404 839.6784 31.6437
0.414 839.6545 31.6444
0.424 839.6658 31.6449
0.434 839.6920 31.6445
0.444 839.6102 31.6442
0.454 839.6671 31.6463
0.464 839.6738 31.6488
0.474 839.6538 31.6465
0.484 839.6770 31.6471
0.494 839.6846 31.6475
0.504 839.6613 31.6452
0.514 839.6438 31.6449
0.524 839.6208 31.6452
0.534 839.6713 31.6468
0.544 839.6420 31.6465
0.554 839.6765 31.6476
0.564 839.6757 31.6489
0.574 839.6525 31.6475
0.584 839.6689 31.6480
0.594 839.6655 31.6480
0.604 839.6381 31.6471
0.614 839.6593 31.6475
0.624 839.6746 31.6483
0.634 839.6705 31.6472
0.644 839.6781 31.6468
0.654 839.6695 31.6483
0.664 839.6513 31.6493
0.674 839.6721 31.6488
0.684 839.6859 31.6489
0.694 839.6569 31.6496
0.704 839.6669 31.6512
0.714 839.6940 31.6512
0.724 839.6414 31.6495
0.734 839.6726 31.6490
0.744 839.6798 31.6500
0.754 839.6730 31.6500
0.764 839.6783 31.6493
0.774 839.6431 31.6495
0.784 839.6788 31.6479
0.794 839.6501 31.6488
0.804 839.6764 31.6500
0.814 839.6710 31.6490
0.824 839.6532 31.6486
0.834 839.6801 31.6478
0.844 839.6942 31.6472
0.854 839.6629 31.6468
0.864 839.6606 31.6465
0.874 839.6620 31.6463
0.884 839.6693 31.6458
0.894 839.6530 31.6461
0.904 839.6543 31.6451
0.914 839.6699 31.6461
0.924 839.6413 31.6478
0.934 839.6511 31.6476
0.944 839.6505 31.6473
0.954 839.6889 31.6479
0.964 839.6685 31.6495
0.974 839.6407 31.6475
0.984 839.6596 31.6476
0.994 839.6723 31.6480
1.004 839.6407 31.6475
1.014 839.6621 31.6472
1.024 839.6627 31.6442
1.034 839.6557 31.6449
1.044 839.6546 31.6461
1.054 839.6643 31.6466
1.064 839.6624 31.6473
1.074 839.6436 31.6456
1.084 839.6570 31.6439
1.094 839.6308 31.6435
1.104 839.6308 31.6444
1.114 839.6619 31.6455
1.124 839.6366 31.6463
1.134 839.6540 31.6449
1.144 839.6680 31.6444
1.154 839.6366 31.6431
1.164 839.6603 31.6431
1.174 839.6718 31.6454
1.184 839.6325 31.6444
1.194 839.6585 31.6446
1.204 839.6735 31.6462
1.214 839.6436 31.6456
1.224 839.6632 31.6469
1.234 839.6508 31.6475
1.244 839.6468 31.6463
1.254 839.6720 31.6446
1.264 839.6548 31.6445
1.274 839.6639 31.6456
1.284 839.6638 31.6448
1.294 839.6771 31.6446
1.304 839.6760 31.6458
1.314 839.6703 31.6446
1.324 839.6732 31.6452
1.334 839.6293 31.6461
1.344 839.6708 31.6441
1.354 839.6624 31.6441
1.364 839.6328 31.6445
1.374 839.6878 31.6449
1.384 839.6534 31.6446
1.394 839.6143 31.6454
1.404 839.6726 31.6449
1.414 839.6486 31.6415
1.424 839.6511 31.6411
1.434 839.6585 31.6422
1.444 839.6241 31.6411
1.454 839.6718 31.6421
1.464 839.6578 31.6435
1.474 839.6395 31.6437
1.484 839.6682 31.6428
1.494 839.6982 31.6418
1.504 839.6679 31.6427
1.514 839.6347 31.6429
1.524 839.6481 31.6421
1.534 839.6316 31.6431
1.544 839.6583 31.6421
1.554 839.6274 31.6403
1.564 839.6720 31.6414
1.574 839.6395 31.6404
1.584 839.6513 31.6395
1.594 839.6488 31.6400
1.604 839.6841 31.6415
1.614 839.6650 31.6421
1.624 839.6235 31.6408
1.634 839.6486 31.6407
1.644 839.6838 31.6405
1.654 839.6609 31.6401
1.664 839.6814 31.6394
1.674 839.6625 31.6393
1.684 839.6468 31.6398
1.694 839.6649 31.6404
1.704 839.6883 31.6411
1.714 839.6384 31.6407
1.724 839.6527 31.6403
1.734 839.6504 31.6391
1.744 839.6649 31.6371
1.754 839.6405 31.6384
1.764 839.6586 31.6398
1.774 839.6606 31.6400
1.784 839.6862 31.6393
1.794 839.6637 31.6398
1.804 839.6347 31.6405
1.814 839.6778 31.6401
1.824 839.6619 31.6381
1.834 839.6503 31.6374
1.844 839.6694 31.6401
1.854 839.6727 31.6401
1.864 839.6846 31.6401
1.874 839.6619 31.6390
1.884 839.6580 31.6387
1.894 839.6845 31.6393
1.904 839.6805 31.6381
1.914 839.6398 31.6373
1.924 839.6367 31.6366
1.934 839.6644 31.6377
1.944 839.6751 31.6380
1.954 839.6426 31.6370
1.964 839.6625 31.6384
1.974 839.6687 31.6390
1.984 839.6541 31.6393
1.994 839.6916 31.6403
2.004 839.6720 31.6381
2.014 839.6455 31.6376
2.024 839.6680 31.6370
2.034 839.6430 31.6347
2.044 839.6400 31.6357
2.054 839.6971 31.6388
2.064 839.6639 31.6350
2.074 839.6599 31.6315
2.084 839.6747 31.6337
2.094 839.6388 31.6351
2.104 839.6393 31.6346
2.114 839.6507 31.6327
2.124 839.6359 31.6337
2.134 839.6634 31.6332
2.144 839.6439 31.6319
2.154 839.6603 31.6333
2.164 839.6458 31.6344
2.174 839.6698 31.6354
2.184 839.6470 31.6359
2.194 839.6559 31.6344
2.204 839.6643 31.6336
2.214 839.6807 31.6342
2.224 839.6827 31.6343
2.234 839.6640 31.6334
2.244 839.6658 31.6319
2.254 839.6950 31.6305
2.264 839.6622 31.6317
2.274 839.6415 31.6340
2.284 839.6888 31.6332
2.294 839.6600 31.6323
2.304 839.6719 31.6332
2.314 839.6639 31.6317
2.324 839.6646 31.6305
2.334 839.6565 31.6315
2.344 839.6425 31.6320
2.354 839.6418 31.6309
2.364 839.6578 31.6296
2.374 839.6612 31.6305
2.384 839.6343 31.6289
2.394 839.6616 31.6282
2.404 839.6414 31.6299
2.414 839.6814 31.6288
2.424 839.6680 31.6305
2.434 839.6726 31.6319
2.444 839.6697 31.6305
2.454 839.6476 31.6296
2.464 839.6473 31.6295
2.474 839.6627 31.6312
2.484 839.6829 31.6303
2.494 839.6521 31.6293
2.504 839.6555 31.6293
2.514 839.6636 31.6283
2.524 839.6504 31.6293
2.534 839.6733 31.6306
2.544 839.6575 31.6295
2.554 839.6711 31.6279
2.564 839.6932 31.6288
2.574 839.6781 31.6305
2.584 839.6650 31.6291
2.594 839.6612 31.6272
2.604 839.6533 31.6266
2.614 839.6756 31.6268
2.624 839.6614 31.6289
2.634 839.6800 31.6289
2.644 839.6446 31.6274
2.654 839.6655 31.6276
2.664 839.6819 31.6282
2.674 839.6581 31.6274
2.684 839.6826 31.6269
2.694 839.6781 31.6296
2.704 839.6856 31.6283
2.714 839.6512 31.6256
2.724 839.6724 31.6261
2.734 839.6600 31.6258
2.744 839.6922 31.6275
2.754 839.6612 31.6272
2.764 839.6744 31.6262
2.774 839.6548 31.6249
2.784 839.6517 31.6251
2.794 839.6643 31.6271
2.804 839.6387 31.6269
2.814 839.6663 31.6272
2.824 839.6553 31.6268
2.834 839.6696 31.6264
2.844 839.6598 31.6265
2.854 839.6865 31.6264
2.864 839.6675 31.6245
2.874 839.6795 31.6238
2.884 839.6719 31.6266
2.894 839.6873 31.6292
2.904 839.6705 31.6268
2.914 839.6553 31.6235
2.924 839.6750 31.6241
2.934 839.6590 31.6245
2.944 839.6528 31.6248
2.954 839.6476 31.6264
2.964 839.6581 31.6241
2.974 839.6917 31.6215
2.984 839.6892 31.6252
2.994 839.6682 31.6265
3.004 839.6792 31.6237
3.014 839.6713 31.6231
3.024 839.6704 31.6227
3.034 839.6834 31.6232
3.044 839.6606 31.6228
3.054 839.6635 31.6210
3.064 839.6300 31.6211
3.074 839.6622 31.6220
3.084 839.6571 31.6220
3.094 839.6363 31.6225
3.104 839.6844 31.6245
3.114 839.6730 31.6231
3.124 839.6745 31.6214
3.134 839.6751 31.6217
3.144 839.6687 31.6218
3.154 839.6837 31.6234
3.164 839.6627 31.6214
3.174 839.6634 31.6193
3.184 839.6511 31.6207
3.194 839.6550 31.6201
3.204 839.6445 31.6191
3.214 839.6859 31.6196
3.224 839.6963 31.6221
3.234 839.6827 31.6213
3.244 839.6698 31.6183
3.254 839.6560 31.6190
3.264 839.6454 31.6196
3.274 839.6411 31.6191
3.284 839.6417 31.6194
3.294 839.7045 31.6187
3.304 839.6598 31.6167
3.314 839.6731 31.6174
3.324 839.6656 31.6196
3.334 839.6711 31.6205
3.344 839.6580 31.6191
3.354 839.6790 31.6179
3.364 839.6612 31.6174
3.374 839.6591 31.6188
3.384 839.6922 31.6201
3.394 839.6760 31.6188
3.404 839.6562 31.6174
3.414 839.6503 31.6179
3.424 839.6413 31.6184
3.434 839.6734 31.6176
3.444 839.6695 31.6181
3.454 839.6772 31.6194
3.464 839.6806 31.6194
3.474 839.6786 31.6193
3.484 839.6723 31.6179
3.494 839.6704 31.6153
3.504 839.7023 31.6169
3.514 839.6836 31.6184
3.524 839.6809 31.6163
3.534 839.6429 31.6143
3.544 839.6698 31.6150
3.554 839.7090 31.6160
3.564 839.6587 31.6179
3.574 839.6541 31.6164
3.584 839.6598 31.6143
3.594 839.6934 31.6150
3.604 839.6770 31.6144
3.614 839.6667 31.6119
3.624 839.6639 31.6122
3.634 839.6510 31.6133
3.644 839.6815 31.6133
3.654 839.6731 31.6142
3.664 839.6713 31.6133
3.674 839.6671 31.6137
3.684 839.6607 31.6147
3.694 839.6686 31.6144
3.704 839.6635 31.6144
3.714 839.6579 31.6150
3.724 839.6616 31.6152
3.734 839.6795 31.6132
3.744 839.6667 31.6119
3.754 839.6554 31.6113
3.764 839.6444 31.6118
3.774 839.6712 31.6125
3.784 839.6670 31.6120
3.794 839.6574 31.6123
3.804 839.6740 31.6113
3.814 839.6714 31.6109
3.824 839.6718 31.6127
3.834 839.6857 31.6129
3.844 839.6466 31.6112
3.854 839.6582 31.6119
3.864 839.6696 31.6125
3.874 839.7043 31.6137
3.884 839.6639 31.6122
3.894 839.6948 31.6116
3.904 839.6594 31.6125
3.914 839.6442 31.6092
3.924 839.6758 31.6098
3.934 839.6890 31.6120
3.944 839.6729 31.6116
3.954 839.6765 31.6109
3.964 839.6987 31.6110
3.974 839.6690 31.6122
3.984 839.6368 31.6113
3.994 839.6683 31.6110
4.004 839.6642 31.6123
4.014 839.6669 31.6112
4.024 839.7029 31.6098
4.034 839.6500 31.6112
4.044 839.6748 31.6109
4.054 839.6738 31.6096
4.064 839.6671 31.6105
4.074 839.6674 31.6106
4.084 839.6826 31.6098
4.094 839.6662 31.6092
4.104 839.6654 31.6105
4.114 839.6905 31.6103
4.124 839.7026 31.6096
4.134 839.6953 31.6102
4.144 839.6350 31.6105
4.154 839.6263 31.6079
4.164 839.6874 31.6072
4.174 839.6646 31.6068
4.184 839.6765 31.6044
4.194 839.6365 31.6047
4.204 839.6642 31.6058
4.214 839.6479 31.6061
4.224 839.6453 31.6057
4.234 839.6608 31.6058
4.244 839.6563 31.6061
4.254 839.6713 31.6059
4.264 839.6408 31.6051
4.274 839.6862 31.6067
4.284 839.6626 31.6067
4.294 839.6789 31.6064
4.304 839.6731 31.6044
4.314 839.6568 31.6047
4.324 839.6786 31.6062
4.334 839.6291 31.6035
4.344 839.6448 31.6030
4.354 839.6646 31.6035
4.364 839.6611 31.6027
4.374 839.6482 31.6030
4.384 839.6525 31.6042
4.394 839.6713 31.6035
4.404 839.6738 31.6023
4.414 839.6683 31.6004
4.424 839.6556 31.6008
4.434 839.6841 31.6015
4.444 839.6357 31.6018
4.454 839.6790 31.6040
4.464 839.6900 31.6044
4.474 839.6571 31.6015
4.484 839.6714 31.6011
4.494 839.6876 31.6024
4.504 839.6694 31.6010
4.514 839.6362 31.6013
4.524 839.6910 31.6033
4.534 839.6656 31.6024
4.544 839.6593 31.6010
4.554 839.6529 31.6020
4.564 839.6835 31.6004
4.574 839.6246 31.5973
4.584 839.6360 31.5987
4.594 839.6336 31.6000
4.604 839.6501 31.5990
4.614 839.6924 31.5998
4.624 839.6419 31.5983
4.634 839.6433 31.5957
4.644 839.6445 31.5963
4.654 839.6430 31.5980
4.664 839.6571 31.6015
4.674 839.6894 31.6008
4.684 839.6742 31.5976
4.694 839.6162 31.5981
4.704 839.6735 31.5989
4.714 839.6563 31.5987
4.724 839.6599 31.5980
4.734 839.6350 31.5966
4.744 839.6555 31.5959
4.754 839.6716 31.5963
4.764 839.6522 31.5967
4.774 839.6756 31.5974
4.784 839.6763 31.5986
4.794 839.6788 31.5981
4.804 839.6910 31.5967
4.814 839.6692 31.5952
4.824 839.6509 31.5953
4.834 839.6547 31.5963
4.844 839.6662 31.5962
4.854 839.6541 31.5969
4.864 839.6756 31.5974
4.874 839.6488 31.5967
4.884 839.6504 31.5959
4.894 839.6701 31.5956
4.904 839.6949 31.5962
4.914 839.6650 31.5956
4.924 839.6480 31.5939
4.934 839.6638 31.5942
4.944 839.6566 31.5956
4.954 839.6664 31.5946
4.964 839.6682 31.5930
4.974 839.6077 31.5908
4.984 839.6722 31.5909
4.994 839.6417 31.5933
5.004 839.6558 31.5928
5.014 839.6648 31.5930
5.024 839.6711 31.5936
5.034 839.6693 31.5928
5.044 839.6734 31.5915
5.054 839.6924 31.5925
5.064 839.6620 31.5933
5.074 839.6712 31.5921
5.084 839.6701 31.5923
5.094 839.6897 31.5945
5.104 839.6969 31.5955
5.114 839.7008 31.5916
5.124 839.6471 31.5902
5.134 839.6556 31.5902
5.144 839.6767 31.5906
5.154 839.6602 31.5916
5.164 839.6666 31.5915
5.174 839.6612 31.5905
5.184 839.6420 31.5894
5.194 839.6489 31.5911
5.204 839.6616 31.5915
5.214 839.6627 31.5912
5.224 839.6722 31.5901
5.234 839.6754 31.5884
5.244 839.6670 31.5892
5.254 839.6730 31.5905
5.264 839.6838 31.5916
5.274 839.6752 31.5923
5.284 839.6775 31.5902
5.294 839.6533 31.5899
5.304 839.6946 31.5919
5.314 839.7080 31.5911
5.324 839.7045 31.5894
5.334 839.6905 31.5899
5.344 839.6794 31.5895
5.354 839.6728 31.5879
5.364 839.6805 31.5884
5.374 839.6337 31.5878
5.384 839.6623 31.5869
5.394 839.6364 31.5875
5.404 839.6495 31.5889
5.414 839.6571 31.5885
5.424 839.6514 31.5874
5.434 839.6380 31.5858
5.444 839.6449 31.5843
5.454 839.6384 31.5844
5.464 839.6782 31.5848
5.474 839.6626 31.5838
5.484 839.6689 31.5844
5.494 839.6343 31.5857
5.504 839.6455 31.5845
5.514 839.6507 31.5830
5.524 839.6708 31.5837
5.534 839.6456 31.5854
5.544 839.6697 31.5848
5.554 839.6680 31.5840
5.564 839.6570 31.5835
5.574 839.6620 31.5827
5.584 839.6416 31.5818
5.594 839.6471 31.5837
5.604 839.6787 31.5843
5.614 839.6685 31.5834
5.624 839.6575 31.5838
5.634 839.6634 31.5834
5.644 839.6547 31.5833
5.654 839.6473 31.5830
5.664 839.6664 31.5824
5.674 839.6664 31.5816
5.684 839.6451 31.5794
5.694 839.6502 31.5803
5.704 839.6566 31.5826
5.714 839.6600 31.5826
5.724 839.6735 31.5826
5.734 839.6869 31.5841
5.744 839.6654 31.5835
5.754 839.6705 31.5803
5.764 839.6578 31.5799
5.774 839.6512 31.5816
5.784 839.6643 31.5806
5.794 839.6523 31.5789
5.804 839.6407 31.5782
5.814 839.6509 31.5790
5.824 839.6670 31.5794
5.834 839.6861 31.5789
5.844 839.6484 31.5794
5.854 839.6580 31.5792
5.864 839.6763 31.5790
5.874 839.6498 31.5784
5.884 839.6666 31.5776
5.894 839.6302 31.5772
5.904 839.6820 31.5769
5.914 839.7050 31.5790
5.924 839.6600 31.5793
5.934 839.7065 31.5797
5.944 839.6820 31.5793
5.954 839.6242 31.5759
5.964 839.6731 31.5750
5.974 839.7056 31.5752
5.984 839.6834 31.5767
5.994 839.6574 31.5756
6.004 839.6667 31.5752
6.014 839.6527 31.5766
6.024 839.6656 31.5763
6.034 839.6704 31.5762
6.044 839.6329 31.5760
6.054 839.6751 31.5752
6.064 839.6579 31.5750
6.074 839.6515 31.5760
6.084 839.6702 31.5736
6.094 839.6454 31.5731
6.104 839.6757 31.5755
6.114 839.6540 31.5748
6.124 839.6649 31.5743
6.134 839.6362 31.5743
6.144 839.6723 31.5722
6.154 839.6371 31.5715
6.164 839.6425 31.5692
6.174 839.6476 31.5701
6.184 839.6310 31.5735
6.194 839.6656 31.5731
6.204 839.6557 31.5723
6.214 839.6521 31.5722
6.224 839.6641 31.5715
6.234 839.6441 31.5716
6.244 839.6486 31.5714
6.254 839.6573 31.5706
6.264 839.6680 31.5709
6.274 839.6623 31.5706
6.284 839.6503 31.5714
6.294 839.6584 31.5712
6.304 839.6685 31.5704
6.314 839.6415 31.5704
6.324 839.6713 31.5701
6.334 839.6637 31.5705
6.344 839.6582 31.5711
6.354 839.6751 31.5719
6.364 839.6634 31.5728
6.374 839.6664 31.5718
6.384 839.6561 31.5701
6.394 839.6690 31.5698
6.404 839.6583 31.5695
6.414 839.6608 31.5691
6.424 839.6720 31.5680
6.434 839.6561 31.5668
6.444 839.6770 31.5671
6.454 839.6445 31.5661
6.464 839.6344 31.5670
6.474 839.6450 31.5688
6.484 839.6749 31.5694
6.494 839.6614 31.5694
6.504 839.6629 31.5668
6.514 839.6520 31.5648
6.524 839.6440 31.5667
6.534 839.6675 31.5650
6.544 839.6483 31.5647
6.554 839.6631 31.5661
6.564 839.6721 31.5655
6.574 839.6537 31.5648
6.584 839.6259 31.5628
6.594 839.6621 31.5648
6.604 839.6612 31.5668
6.614 839.6562 31.5644
6.624 839.6332 31.5631
6.634 839.6755 31.5664
6.644 839.6901 31.5653
6.654 839.6372 31.5634
6.664 839.6336 31.5641
6.674 839.6498 31.5621
6.684 839.6775 31.5633
6.694 839.6404 31.5650
6.704 839.7013 31.5650
6.714 839.6471 31.5641
6.724 839.6524 31.5634
6.734 839.6491 31.5643
6.744 839.6335 31.5633
6.754 839.6653 31.5623
6.764 839.6436 31.5624
6.774 839.6710 31.5626
6.784 839.6741 31.5633
6.794 839.6338 31.5626
6.804 839.6425 31.5627
6.814 839.6431 31.5630
6.824 839.6552 31.5623
6.834 839.6674 31.5633
6.844 839.6579 31.5620
6.854 839.6748 31.5611
6.864 839.6514 31.5613
6.874 839.6668 31.5606
6.884 839.6519 31.5607
6.894 839.6556 31.5609
6.904 839.6668 31.5597
6.914 839.6352 31.5592
6.924 839.6775 31.5600
6.934 839.6477 31.5603
6.944 839.6484 31.5590
6.954 839.6473 31.5593
6.964 839.6528 31.5611
6.974 839.6661 31.5619
6.984 839.6588 31.5616
6.994 839.6546 31.5587
7.004 839.6564 31.5572
7.014 839.6711 31.5577
7.024 839.6920 31.5589
7.034 839.6713 31.5594
7.044 839.6399 31.5614
7.054 839.6633 31.5621
7.064 839.6773 31.5607
7.074 839.6591 31.5593
7.084 839.6491 31.5577
7.094 839.6611 31.5594
7.104 839.6729 31.5586
7.114 839.6446 31.5572
7.124 839.6472 31.5585
7.134 839.6875 31.5583
7.144 839.6668 31.5573
7.154 839.6480 31.5548
7.164 839.6764 31.5570
7.174 839.6587 31.5575
7.184 839.6552 31.5566
7.194 839.6433 31.5590
7.204 839.6644 31.5586
7.214 839.6920 31.5580
7.224 839.6847 31.5586
7.234 839.6835 31.5580
7.244 839.6945 31.5576
7.254 839.6488 31.5576
7.264 839.6448 31.5565
7.274 839.6750 31.5572
7.284 839.6639 31.5559
7.294 839.6692 31.5552
7.304 839.6684 31.5556
7.314 839.6898 31.5553
7.324 839.7203 31.5570
7.334 839.6578 31.5570
7.344 839.6444 31.5555
7.354 839.6681 31.5555
7.364 839.6965 31.5553
7.374 839.6784 31.5539
7.384 839.6690 31.5526
7.394 839.6436 31.5518
7.404 839.6421 31.5511
7.414 839.6661 31.5521
7.424 839.6768 31.5548
7.434 839.6353 31.5543
7.444 839.6416 31.5517
7.454 839.6351 31.5518
7.464 839.6558 31.5528
7.474 839.6551 31.5549
7.484 839.6944 31.5568
7.494 839.6866 31.5546
7.504 839.6771 31.5517
7.514 839.6682 31.5498
7.524 839.6302 31.5502
7.534 839.6546 31.5522
7.544 839.6677 31.5504
7.554 839.6335 31.5494
7.564 839.6394 31.5498
7.574 839.6755 31.5492
7.584 839.6810 31.5487
7.594 839.6452 31.5477
7.604 839.6369 31.5494
7.614 839.6322 31.5504
7.624 839.6289 31.5488
7.634 839.6456 31.5495
7.644 839.6566 31.5499
7.654 839.6616 31.5491
7.664 839.6651 31.5499
7.674 839.6574 31.5495
7.684 839.6447 31.5482
7.694 839.6755 31.5468
7.704 839.6473 31.5463
7.714 839.6622 31.5485
7.724 839.6541 31.5495
7.734 839.6965 31.5488
7.744 839.6317 31.5477
7.754 839.6599 31.5450
7.764 839.6528 31.5448
7.774 839.6786 31.5467
7.784 839.6508 31.5471
7.794 839.6645 31.5464
7.804 839.6710 31.5463
7.814 839.6728 31.5480
7.824 839.6751 31.5482
7.834 839.6801 31.5474
7.844 839.6712 31.5488
7.854 839.6658 31.5487
7.864 839.6766 31.5465
7.874 839.6710 31.5463
7.884 839.6847 31.5456
7.894 839.6472 31.5446
7.904 839.6632 31.5441
7.914 839.6402 31.5453
7.924 839.6525 31.5471
7.934 839.6677 31.5471
7.944 839.6441 31.5447
7.954 839.6479 31.5433
7.964 839.6508 31.5439
7.974 839.6924 31.5436
7.984 839.6835 31.5441
7.994 839.6529 31.5424
8.004 839.6392 31.5431
8.014 839.6658 31.5454
8.024 839.6502 31.5444
8.034 839.6822 31.5427
8.044 839.6469 31.5412
8.054 839.6767 31.5409
8.064 839.6647 31.5416
8.074 839.6680 31.5407
8.084 839.6657 31.5405
8.094 839.6773 31.5412
8.104 839.6406 31.5406
8.114 839.6553 31.5403
8.124 839.6785 31.5385
8.134 839.6758 31.5396
8.144 839.6807 31.5412
8.154 839.6713 31.5399
8.164 839.6630 31.5392
8.174 839.6716 31.5376
8.184 839.6797 31.5390
8.194 839.6646 31.5407
8.204 839.6569 31.5395
8.214 839.7005 31.5385
8.224 839.6860 31.5372
8.234 839.6493 31.5366
8.244 839.6849 31.5375
8.254 839.6613 31.5383
8.264 839.6573 31.5380
8.274 839.6431 31.5361
8.284 839.6353 31.5348
8.294 839.6603 31.5362
8.304 839.6738 31.5370
8.314 839.6594 31.5366
8.324 839.6791 31.5355
8.334 839.6691 31.5348
8.344 839.6232 31.5346
8.354 839.6406 31.5341
8.364 839.6698 31.5327
8.374 839.6601 31.5312
8.384 839.6617 31.5328
8.394 839.6575 31.5341
8.404 839.6503 31.5346
8.414 839.6500 31.5353
8.424 839.6809 31.5339
8.434 839.6653 31.5329
8.444 839.6603 31.5329
8.454 839.6622 31.5331
8.464 839.6596 31.5318
8.474 839.6787 31.5312
8.484 839.6325 31.5310
8.494 839.6846 31.5308
8.504 839.6500 31.5321
8.514 839.6675 31.5315
8.524 839.6701 31.5295
8.534 839.6695 31.5293
8.544 839.6572 31.5298
8.554 839.6785 31.5287
8.564 839.6564 31.5302
8.574 839.6561 31.5334
8.584 839.6642 31.5324
8.594 839.6465 31.5304
8.604 839.6437 31.5307
8.614 839.6315 31.5297
8.624 839.6497 31.5278
8.634 839.6393 31.5285
8.644 839.6664 31.5294
8.654 839.6377 31.5294
8.664 839.6667 31.5287
8.674 839.6644 31.5284
8.684 839.6350 31.5273
8.694 839.6631 31.5270
8.704 839.6918 31.5294
8.714 839.6517 31.5288
8.724 839.6744 31.5276
8.734 839.6570 31.5273
8.744 839.6775 31.5274
8.754 839.6493 31.5268
8.764 839.6732 31.5261
8.774 839.6461 31.5253
8.784 839.6465 31.5230
8.794 839.6512 31.5229
8.804 839.6477 31.5244
8.814 839.6549 31.5263
8.824 839.6759 31.5250
8.834 839.6972 31.5239
8.844 839.6775 31.5241
8.854 839.7043 31.5240
8.864 839.6487 31.5233
8.874 839.6527 31.5236
8.884 839.6659 31.5234
8.894 839.6202 31.5226
8.904 839.6639 31.5233
8.914 839.6647 31.5229
8.924 839.6978 31.5241
8.934 839.7069 31.5244
8.944 839.6626 31.5243
8.954 839.6447 31.5254
8.964 839.6561 31.5244
8.974 839.6199 31.5224
8.984 839.6664 31.5220
8.994 839.6725 31.5217
9.004 839.6417 31.5207
9.014 839.6629 31.5212
9.024 839.6717 31.5213
9.034 839.6605 31.5192
9.044 839.6211 31.5198
9.054 839.6305 31.5210
9.064 839.6806 31.5199
9.074 839.6667 31.5198
9.084 839.6356 31.5210
9.094 839.6595 31.5212
9.104 839.6865 31.5203
9.114 839.6504 31.5200
9.124 839.6524 31.5202
9.134 839.6559 31.5210
9.144 839.6414 31.5198
9.154 839.6759 31.5185
9.164 839.6351 31.5183
9.174 839.6672 31.5183
9.184 839.6316 31.5175
9.194 839.6950 31.5171
9.204 839.6570 31.5183
9.214 839.6714 31.5179
9.224 839.6466 31.5182
9.234 839.6514 31.5181
9.244 839.6588 31.5159
9.254 839.6743 31.5161
9.264 839.6656 31.5159
9.274 839.6554 31.5159
9.284 839.6431 31.5165
9.294 839.6670 31.5158
9.304 839.6642 31.5161
9.314 839.6804 31.5149
9.324 839.6493 31.5130
9.334 839.6531 31.5124
9.344 839.6405 31.5128
9.354 839.6471 31.5144
9.364 839.6936 31.5148
9.374 839.6667 31.5132
9.384 839.6250 31.5127
9.394 839.6763 31.5130
9.404 839.6577 31.5130
9.414 839.6622 31.5127
9.424 839.6523 31.5120
9.434 839.6497 31.5115
9.444 839.6724 31.5103
9.454 839.6568 31.5093
9.464 839.6427 31.5090
9.474 839.6597 31.5098
9.484 839.6798 31.5114
9.494 839.6519 31.5110
9.504 839.6541 31.5104
9.514 839.6543 31.5097
9.524 839.6653 31.5093
9.534 839.6755 31.5101
9.544 839.6732 31.5098
9.554 839.6676 31.5104
9.564 839.6565 31.5115
9.574 839.6481 31.5091
9.584 839.6773 31.5077
9.594 839.6939 31.5084
9.604 839.6714 31.5081
9.614 839.6401 31.5086
9.624 839.6787 31.5084
9.634 839.6470 31.5094
9.644 839.6580 31.5098
9.654 839.6575 31.5071
9.664 839.6307 31.5064
9.674 839.6562 31.5057
9.684 839.6356 31.5047
9.694 839.6738 31.5069
9.704 839.6714 31.5081
9.714 839.6603 31.5069
9.724 839.6698 31.5057
9.734 839.6530 31.5042
9.744 839.6630 31.5025
9.754 839.6707 31.5037
9.764 839.6285 31.5037
9.774 839.6585 31.5027
9.784 839.6470 31.5029
9.794 839.6656 31.5037
9.804 839.6695 31.5032
9.814 839.6661 31.5023
9.824 839.6747 31.5040
9.834 839.6648 31.5042
9.844 839.6559 31.5023
9.854 839.6568 31.5019
9.864 839.6568 31.5019
9.874 839.6815 31.5016
9.884 839.6765 31.5016
9.894 839.6454 31.5013
9.904 839.6795 31.5015
9.914 839.6304 31.5006
9.924 839.6741 31.5005
9.934 839.6606 31.5005
9.944 839.6839 31.5003
9.954 839.6727 31.5006
9.964 839.6739 31.5012
9.974 839.6561 31.5008
9.984 839.6507 31.4998
9.994 839.6459 31.4999
10.004 839.6724 31.5005
10.014 839.6924 31.5003
10.024 839.6875 31.4988
10.034 839.6750 31.4976
10.044 839.6914 31.4991
10.054 839.6429 31.4985
10.064 839.6668 31.4969
10.074 839.6678 31.4958
10.084 839.6632 31.4976
10.094 839.6686 31.4986
10.104 839.6708 31.4981
10.114 839.6729 31.4991
10.124 839.6324 31.4975
10.134 839.6697 31.4983
10.144 839.6499 31.4978
10.154 839.6657 31.4972
10.164 839.6996 31.4989
10.174 839.6903 31.4985
10.184 839.6628 31.4966
10.194 839.6897 31.4949
10.204 839.6627 31.4958
10.214 839.6773 31.4979
10.224 839.6744 31.4974
10.234 839.6391 31.4958
10.244 839.6512 31.4959
10.254 839.6576 31.4958
10.264 839.6570 31.4947
10.274 839.6502 31.4947
10.284 839.6892 31.4955
10.294 839.6761 31.4941
10.304 839.6493 31.4942
10.314 839.6462 31.4935
10.324 839.6756 31.4923
10.334 839.6647 31.4927
10.344 839.6395 31.4911
10.354 839.6727 31.4908
10.364 839.6765 31.4927
10.374 839.6579 31.4918
10.384 839.6804 31.4913
10.394 839.6866 31.4918
10.404 839.6593 31.4925
10.414 839.6711 31.4917
10.424 839.6442 31.4901
10.434 839.6582 31.4928
10.444 839.6615 31.4920
10.454 839.6434 31.4906
10.464 839.6757 31.4898
10.474 839.6782 31.4894
10.484 839.6822 31.4897
10.494 839.6471 31.4883
10.504 839.6522 31.4883
10.514 839.6782 31.4894
10.524 839.6326 31.4894
10.534 839.6599 31.4887
10.544 839.6424 31.4893
10.554 839.6719 31.4880
10.564 839.6596 31.4886
10.574 839.6624 31.4891
10.584 839.6413 31.4854
10.594 839.6657 31.4842
10.604 839.6468 31.4840
10.614 839.6568 31.4856
10.624 839.6598 31.4879
10.634 839.6639 31.4866
10.644 839.6606 31.4874
10.654 839.6524 31.4876
10.664 839.6342 31.4853
10.674 839.6342 31.4853
10.684 839.6649 31.4854
10.694 839.6708 31.4850
10.704 839.6274 31.4845
10.714 839.6203 31.4843
10.724 839.6355 31.4843
10.734 839.6651 31.4847
10.744 839.6636 31.4864
10.754 839.6627 31.4860
10.764 839.6366 31.4832
10.774 839.6476 31.4836
10.784 839.6286 31.4859
10.794 839.6536 31.4849
10.804 839.6490 31.4835
10.814 839.6447 31.4830
10.824 839.6434 31.4840
10.834 839.6432 31.4856
10.844 839.6661 31.4828
10.854 839.6882 31.4812
10.864 839.6557 31.4802
10.874 839.6347 31.4806
10.884 839.6629 31.4820
10.894 839.6247 31.4799
10.904 839.6396 31.4798
10.914 839.6449 31.4815
10.924 839.6759 31.4826
10.934 839.6588 31.4825
10.944 839.6982 31.4795
10.954 839.6661 31.4795
10.964 839.6742 31.4818
10.974 839.6696 31.4803
10.984 839.6507 31.4802
10.994 839.6610 31.4819
11.004 839.6355 31.4811
11.014 839.6341 31.4779
11.024 839.6796 31.4786
11.034 839.6332 31.4799
11.044 839.6543 31.4771
11.054 839.6563 31.4764
11.064 839.6565 31.4789
11.074 839.6632 31.4789
11.084 839.6829 31.4786
11.094 839.6598 31.4781
11.104 839.6405 31.4769
11.114 839.6762 31.4754
11.124 839.6497 31.4757
11.134 839.6757 31.4768
11.144 839.6533 31.4750
11.154 839.6499 31.4741
11.164 839.6455 31.4752
11.174 839.6419 31.4768
11.184 839.6611 31.4771
11.194 839.6397 31.4765
11.204 839.6396 31.4757
11.214 839.6771 31.4767
11.224 839.6796 31.4762
11.234 839.6718 31.4741
11.244 839.6417 31.4743
11.254 839.6896 31.4745
11.264 839.6724 31.4735
11.274 839.6588 31.4735
11.284 839.6406 31.4745
11.294 839.6728 31.4754
11.304 839.6593 31.4754
11.314 839.6704 31.4743
11.324 839.6721 31.4743
11.334 839.6500 31.4725
11.344 839.6341 31.4714
11.354 839.6711 31.4721
11.364 839.6519 31.4710
11.374 839.6578 31.4714
11.384 839.6570 31.4718
11.394 839.6454 31.4711
11.404 839.6508 31.4721
11.414 839.6488 31.4711
11.424 839.6477 31.4690
11.434 839.6643 31.4713
11.444 839.6501 31.4734
11.454 839.6398 31.4717
11.464 839.6543 31.4697
11.474 839.6268 31.4679
11.484 839.6705 31.4686
11.494 839.6412 31.4683
11.504 839.6721 31.4669
11.514 839.6231 31.4677
11.524 839.6516 31.4684
11.534 839.6400 31.4669
11.544 839.6297 31.4652
11.554 839.6593 31.4656
11.564 839.6471 31.4646
11.574 839.6433 31.4660
11.584 839.6267 31.4670
11.594 839.6444 31.4666
11.604 839.6668 31.4676
11.614 839.6497 31.4650
11.624 839.6436 31.4629
11.634 839.6206 31.4640
11.644 839.6192 31.4642
11.654 839.6620 31.4645
11.664 839.6587 31.4653
11.674 839.6610 31.4656
11.684 839.6366 31.4645
11.694 839.6429 31.4618
11.704 839.6540 31.4631
11.714 839.6765 31.4657
11.724 839.6857 31.4653
11.734 839.6821 31.4652
11.744 839.6715 31.4642
11.754 839.6738 31.4636
11.764 839.6662 31.4640
11.774 839.6704 31.4636
11.784 839.6523 31.4631
11.794 839.6809 31.4614
11.804 839.6633 31.4602
11.814 839.6499 31.4611
11.824 839.6627 31.4599
11.834 839.6404 31.4589
11.844 839.6777 31.4606
11.854 839.6253 31.4606
11.864 839.6596 31.4601
11.874 839.6815 31.4616
11.884 839.6473 31.4606
11.894 839.6594 31.4599
11.904 839.6655 31.4596
11.914 839.6626 31.4582
11.924 839.6485 31.4579
11.934 839.6744 31.4582
11.944 839.6838 31.4595
11.954 839.6409 31.4584
11.964 839.6598 31.4553
11.974 839.6527 31.4551
11.984 839.6812 31.4582
11.994 839.6696 31.4584
12.004 839.6546 31.4568
12.014 839.6535 31.4579
12.024 839.6785 31.4570
12.034 839.6754 31.4562
12.044 839.6277 31.4585
12.054 839.6753 31.4587
12.064 839.6385 31.4564
12.074 839.6755 31.4547
12.084 839.6610 31.4558
12.094 839.6663 31.4560
12.104 839.6810 31.4533
12.114 839.6467 31.4538
12.124 839.6577 31.4543
12.134 839.6647 31.4536
12.144 839.6727 31.4550
12.154 839.6698 31.4536
12.164 839.6818 31.4520
12.174 839.6442 31.4543
12.184 839.6476 31.4543
12.194 839.6372 31.4517
12.204 839.6523 31.4500
12.214 839.6586 31.4514
12.224 839.6871 31.4521
12.234 839.6346 31.4504
12.244 839.6417 31.4514
12.254 839.6705 31.4514
12.264 839.6492 31.4502
12.274 839.6717 31.4528
12.284 839.6309 31.4536
12.294 839.6527 31.4510
12.304 839.6415 31.4521
12.314 839.6739 31.4523
12.324 839.6392 31.4486
12.334 839.6676 31.4476
12.344 839.6534 31.4497
12.354 839.6938 31.4513
12.364 839.6572 31.4516
12.374 839.6594 31.4502
12.384 839.6585 31.4497
12.394 839.6552 31.4482
12.404 839.6355 31.4476
12.414 839.6533 31.4489
12.424 839.6533 31.4489
12.434 839.6685 31.4489
12.444 839.6868 31.4479
12.454 839.6594 31.4477
12.464 839.6660 31.4493
12.474 839.6518 31.4473
12.484 839.6399 31.4465
12.494 839.6568 31.4465
12.504 839.6461 31.4462
12.514 839.6417 31.4482
12.524 839.6544 31.4477
12.534 839.6101 31.4467
12.544 839.6706 31.4466
12.554 839.6417 31.4449
12.564 839.6267 31.4433
12.574 839.6769 31.4448
12.584 839.6425 31.4445
12.594 839.6791 31.4442
12.604 839.6325 31.4429
12.614 839.6408 31.4436
12.624 839.6704 31.4473
12.634 839.6742 31.4459
12.644 839.6569 31.4449
12.654 839.6670 31.4441
12.664 839.6853 31.4439
12.674 839.6386 31.4442
12.684 839.6575 31.4419
12.694 839.6813 31.4428
12.704 839.6591 31.4435
12.714 839.6885 31.4422
12.724 839.6500 31.4424
12.734 839.6708 31.4426
12.744 839.6721 31.4441
12.754 839.6661 31.4436
12.764 839.6757 31.4401
12.774 839.6613 31.4405
12.784 839.6764 31.4421
12.794 839.6795 31.4419
12.804 839.6619 31.4408
12.814 839.6345 31.4390
12.824 839.6722 31.4392
12.834 839.6306 31.4395
12.844 839.6246 31.4391
12.854 839.6486 31.4392
12.864 839.6702 31.4391
12.874 839.6649 31.4390
12.884 839.6674 31.4385
12.894 839.6657 31.4385
12.904 839.6664 31.4405
12.914 839.6392 31.4412
12.924 839.6559 31.4395
12.934 839.6701 31.4374
12.944 839.6549 31.4374
12.954 839.6549 31.4382
12.964 839.6660 31.4363
12.974 839.6744 31.4354
12.984 839.6746 31.4371
12.994 839.6210 31.4365
13.004 839.6514 31.4357
13.014 839.6659 31.4346
13.024 839.6299 31.4351
13.034 839.6731 31.4364
13.044 839.6622 31.4368
13.054 839.6541 31.4354
13.064 839.6404 31.4329
13.074 839.6720 31.4334
13.084 839.6594 31.4347
13.094 839.6691 31.4353
13.104 839.6597 31.4348
13.114 839.6965 31.4338
13.124 839.6607 31.4329
13.134 839.6720 31.4334
13.144 839.6635 31.4334
13.154 839.6716 31.4316
13.164 839.6685 31.4317
13.174 839.6622 31.4336
13.184 839.6602 31.4334
13.194 839.6358 31.4323
13.204 839.6567 31.4326
13.214 839.6575 31.4321
13.224 839.6489 31.4296
13.234 839.6843 31.4287
13.244 839.6516 31.4285
13.254 839.6594 31.4273
13.264 839.6733 31.4292
13.274 839.6732 31.4316
13.284 839.6781 31.4323
13.294 839.6658 31.4296
13.304 839.6400 31.4278
13.314 839.6364 31.4293
13.324 839.6749 31.4283
13.334 839.6512 31.4275
13.344 839.6792 31.4287
13.354 839.6511 31.4290
13.364 839.6638 31.4295
13.374 839.6608 31.4280
13.384 839.6560 31.4273
13.394 839.6420 31.4287
13.404 839.6504 31.4279
13.414 839.6596 31.4266
13.424 839.6736 31.4261
13.434 839.6371 31.4272
13.444 839.6723 31.4270
13.454 839.6589 31.4255
13.464 839.6464 31.4244
13.474 839.6516 31.4228
13.484 839.6721 31.4221
13.494 839.6418 31.4229
13.504 839.6541 31.4256
13.514 839.6561 31.4258
13.524 839.6411 31.4242
13.534 839.6490 31.4248
13.544 839.6658 31.4239
13.554 839.6656 31.4246
13.564 839.6483 31.4261
13.574 839.6527 31.4249
13.584 839.6641 31.4231
13.594 839.6724 31.4222
13.604 839.6521 31.4246
13.614 839.6613 31.4242
13.624 839.6649 31.4235
13.634 839.6330 31.4219
13.644 839.6898 31.4208
13.654 839.6707 31.4222
13.664 839.6676 31.4215
13.674 839.6602 31.4212
13.684 839.6469 31.4205
13.694 839.6591 31.4207
13.704 839.6667 31.4211
13.714 839.6625 31.4215
13.724 839.6510 31.4217
13.734 839.6610 31.4200
13.744 839.6358 31.4192
13.754 839.6466 31.4195
13.764 839.6832 31.4201
13.774 839.6683 31.4194
13.784 839.6585 31.4171
13.794 839.6635 31.4171
13.804 839.6364 31.4187
13.814 839.6499 31.4187
13.824 839.6573 31.4166
13.834 839.6602 31.4171
13.844 839.6501 31.4180
13.854 839.6566 31.4146
13.864 839.6494 31.4136
13.874 839.6506 31.4141
13.884 839.6655 31.4140
13.894 839.6741 31.4181
13.904 839.6803 31.4187
13.914 839.6470 31.4149
13.924 839.6461 31.4144
13.934 839.6616 31.4146
13.944 839.6467 31.4147
13.954 839.6745 31.4134
13.964 839.6489 31.4133
13.974 839.6465 31.4154
13.984 839.6705 31.4156
13.994 839.6792 31.4157
14.004 839.6455 31.4141
14.014 839.6611 31.4119
14.024 839.6918 31.4120
14.034 839.6394 31.4120
14.044 839.6442 31.4119
14.054 839.6566 31.4122
14.064 839.6422 31.4117
14.074 839.6520 31.4107
14.084 839.6722 31.4099
14.094 839.6354 31.4109
14.104 839.6504 31.4116
14.114 839.6552 31.4115
14.124 839.6525 31.4093
14.134 839.6403 31.4083
14.144 839.6311 31.4096
14.154 839.6735 31.4089
14.164 839.7128 31.4099
14.174 839.6577 31.4086
14.184 839.6655 31.4066
14.194 839.6574 31.4076
14.204 839.6688 31.4066
14.214 839.6447 31.4048
14.224 839.6165 31.4042
14.234 839.6685 31.4065
14.244 839.6518 31.4082
14.254 839.6608 31.4052
14.264 839.6766 31.4046
14.274 839.6633 31.4072
14.284 839.6405 31.4076
14.294 839.6674 31.4068
14.304 839.6688 31.4058
14.314 839.6324 31.4054
14.324 839.6633 31.4048
14.334 839.6814 31.4054
14.344 839.6687 31.4049
14.354 839.6627 31.4045
14.364 839.6991 31.4049
14.374 839.6305 31.4028
14.384 839.6470 31.4051
14.394 839.6538 31.4059
14.404 839.6699 31.4022
14.414 839.6547 31.4022
14.424 839.6671 31.4034
14.434 839.6668 31.4024
14.444 839.6502 31.4025
14.454 839.6600 31.4024
14.464 839.6821 31.4000
14.474 839.6609 31.3995
14.484 839.6564 31.3998
14.494 839.6289 31.3980
14.504 839.6581 31.3998
14.514 839.6782 31.4038
14.524 839.6754 31.4041
14.534 839.6494 31.4005
14.544 839.6198 31.3969
14.554 839.6596 31.3973
14.564 839.6519 31.3993
14.574 839.6658 31.4003
14.584 839.6530 31.3998
14.594 839.6480 31.3998
14.604 839.6813 31.4012
14.614 839.6544 31.4021
14.624 839.6541 31.3987
14.634 839.6429 31.3966
14.644 839.6639 31.3986
14.654 839.6465 31.3991
14.664 839.6793 31.3978
14.674 839.6651 31.3991
14.684 839.6916 31.3997
14.694 839.6604 31.3969
14.704 839.6497 31.3966
14.714 839.6771 31.3976
14.724 839.6643 31.3963
14.734 839.6637 31.3960
14.744 839.6707 31.3961
14.754 839.6524 31.3954
14.764 839.6444 31.3940
14.774 839.6584 31.3934
14.784 839.6674 31.3937
14.794 839.6708 31.3937
14.804 839.6903 31.3942
14.814 839.6934 31.3949
14.824 839.6605 31.3953
14.834 839.6425 31.3923
14.844 839.6660 31.3906
14.854 839.6668 31.3926
14.864 839.6501 31.3919
14.874 839.6583 31.3917
14.884 839.6386 31.3920
14.894 839.6247 31.3910
14.904 839.6648 31.3925
14.914 839.6744 31.3930
14.924 839.6636 31.3919
14.934 839.6455 31.3905
14.944 839.6588 31.3879
14.954 839.6519 31.3903
14.964 839.6893 31.3920
14.974 839.6860 31.3905
14.984 839.6606 31.3896
14.994 839.6678 31.3882
15.004 839.6595 31.3899
15.014 839.6825 31.3888
15.024 839.6559 31.3874
15.034 839.6510 31.3891
15.044 839.6470 31.3888
15.054 839.6574 31.3889
15.064 839.6735 31.3893
15.074 839.6801 31.3876
15.084 839.6325 31.3866
15.094 839.6477 31.3875
15.104 839.6480 31.3868
15.114 839.6516 31.3861
15.124 839.6982 31.3882
15.134 839.6585 31.3886
15.144 839.6141 31.3859
15.154 839.6478 31.3851
15.164 839.6400 31.3862
15.174 839.6524 31.3857
15.184 839.6558 31.3857
15.194 839.6557 31.3848
15.204 839.6376 31.3842
15.214 839.6696 31.3858
15.224 839.6520 31.3879
15.234 839.6801 31.3876
15.244 839.6276 31.3859
15.254 839.6444 31.3851
15.264 839.6716 31.3835
15.274 839.6459 31.3825
15.284 839.6866 31.3810
15.294 839.6685 31.3804
15.304 839.6548 31.3811
15.314 839.6650 31.3820
15.324 839.6422 31.3815
15.334 839.6547 31.3803
15.344 839.6677 31.3808
15.354 839.6634 31.3828
15.364 839.6572 31.3822
15.374 839.6521 31.3822
15.384 839.6845 31.3824
15.394 839.6966 31.3793
15.404 839.6321 31.3791
15.414 839.6559 31.3776
15.424 839.6740 31.3781
15.434 839.6576 31.3808
15.444 839.6554 31.3781
15.454 839.6430 31.3779
15.464 839.6746 31.3793
15.474 839.6633 31.3787
15.484 839.6515 31.3787
15.494 839.6391 31.3784
15.504 839.6430 31.3787
15.514 839.6675 31.3783
15.524 839.6746 31.3793
15.534 839.6417 31.3797
15.544 839.6612 31.3769
15.554 839.6758 31.3766
15.564 839.6356 31.3776
15.574 839.6551 31.3780
15.584 839.6375 31.3769
15.594 839.6272 31.3752
15.604 839.6570 31.3740
15.614 839.6612 31.3736
15.624 839.6638 31.3749
15.634 839.6566 31.3754
15.644 839.6247 31.3723
15.654 839.6517 31.3715
15.664 839.6438 31.3742
15.674 839.6550 31.3739
15.684 839.6653 31.3723
15.694 839.6501 31.3723
15.704 839.6636 31.3723
15.714 839.6365 31.3715
15.724 839.6544 31.3728
15.734 839.6812 31.3735
15.744 839.6431 31.3730
15.754 839.6795 31.3735
15.764 839.6384 31.3740
15.774 839.6660 31.3735
15.784 839.6292 31.3712
15.794 839.6638 31.3716
15.804 839.6478 31.3720
15.814 839.6862 31.3693
15.824 839.6471 31.3701
15.834 839.6571 31.3716
15.844 839.6407 31.3710
15.854 839.6341 31.3728
15.864 839.6576 31.3743
15.874 839.6515 31.3722
15.884 839.6589 31.3701
15.894 839.6436 31.3692
15.904 839.6666 31.3681
15.914 839.6306 31.3686
15.924 839.6347 31.3698
15.934 839.6539 31.3676
15.944 839.6120 31.3654
15.954 839.6892 31.3684
15.964 839.6638 31.3708
15.974 839.6649 31.3713
15.984 839.6576 31.3710
15.994 839.6505 31.3701
16.004 839.6655 31.3684
16.014 839.6811 31.3661
16.024 839.6676 31.3661
16.034 839.6665 31.3640
16.044 839.6341 31.3630
16.054 839.6505 31.3635
16.064 839.6804 31.3650
16.074 839.6198 31.3667
16.084 839.6632 31.3672
16.094 839.6564 31.3672
16.104 839.6353 31.3644
16.114 839.6374 31.3621
16.124 839.6311 31.3640
16.134 839.6566 31.3657
16.144 839.6718 31.3657
16.154 839.6596 31.3655
16.164 839.6505 31.3644
16.174 839.6501 31.3625
16.184 839.6578 31.3606
16.194 839.6666 31.3616
16.204 839.6650 31.3624
16.214 839.6491 31.3604
16.224 839.6634 31.3600
16.234 839.6469 31.3610
16.244 839.6403 31.3603
16.254 839.6389 31.3604
16.264 839.6719 31.3608
16.274 839.6460 31.3606
16.284 839.6827 31.3620
16.294 839.6841 31.3618
16.304 839.6344 31.3607
16.314 839.6516 31.3608
16.324 839.6891 31.3610
16.334 839.6527 31.3597
16.344 839.6699 31.3574
16.354 839.6598 31.3574
16.364 839.6433 31.3593
16.374 839.6555 31.3603
16.384 839.6512 31.3590
16.394 839.6496 31.3599
16.404 839.6518 31.3593
16.414 839.6489 31.3587
16.424 839.6405 31.3596
16.434 839.6452 31.3577
16.444 839.6257 31.3573
16.454 839.6693 31.3572
16.464 839.6592 31.3572
16.474 839.6455 31.3579
16.484 839.6893 31.3570
16.494 839.6659 31.3563
16.504 839.6468 31.3569
16.514 839.6641 31.3555
16.524 839.6501 31.3528
16.534 839.6606 31.3538
16.544 839.6640 31.3546
16.554 839.6502 31.3536
16.564 839.6493 31.3532
16.574 839.6546 31.3533
16.584 839.6472 31.3555
16.594 839.6660 31.3547
16.604 839.6417 31.3536
16.614 839.6574 31.3530
16.624 839.6413 31.3518
16.634 839.6420 31.3538
16.644 839.6471 31.3538
16.654 839.6460 31.3516
16.664 839.6731 31.3516
16.674 839.6480 31.3518
16.684 839.6637 31.3536
16.694 839.6546 31.3533
16.704 839.6505 31.3513
16.714 839.6776 31.3513
16.724 839.6662 31.3508
16.734 839.6650 31.3494
16.744 839.6640 31.3481
16.754 839.6632 31.3477
16.764 839.6470 31.3496
16.774 839.6276 31.3501
16.784 839.6658 31.3489
16.794 839.6702 31.3511
16.804 839.6815 31.3508
16.814 839.6602 31.3495
16.824 839.6826 31.3505
16.834 839.6429 31.3509
16.844 839.6636 31.3495
16.854 839.6349 31.3495
16.864 839.6554 31.3496
16.874 839.6795 31.3474
16.884 839.6385 31.3455
16.894 839.6111 31.3454
16.904 839.6563 31.3468
16.914 839.6665 31.3468
16.924 839.6594 31.3467
16.934 839.6626 31.3450
16.944 839.6635 31.3445
16.954 839.6510 31.3475
16.964 839.6617 31.3470
16.974 839.6456 31.3465
16.984 839.6499 31.3470
16.994 839.6723 31.3455
17.004 839.6578 31.3443
17.014 839.6762 31.3458
17.024 839.6700 31.3452
17.034 839.6262 31.3437
17.044 839.6571 31.3431
17.054 839.6486 31.3423
17.064 839.6356 31.3450
17.074 839.6799 31.3460
17.084 839.6750 31.3444
17.094 839.6538 31.3440
17.104 839.6466 31.3421
17.114 839.6430 31.3420
17.124 839.6590 31.3424
17.134 839.6391 31.3426
17.144 839.6745 31.3426
17.154 839.6610 31.3417
17.164 839.6666 31.3420
17.174 839.6929 31.3400
17.184 839.6555 31.3407
17.194 839.6555 31.3407
17.204 839.6717 31.3396
17.214 839.6557 31.3392
17.224 839.6378 31.3379
17.234 839.6510 31.3401
17.244 839.6759 31.3416
17.254 839.6685 31.3413
17.264 839.6311 31.3411
17.274 839.6267 31.3399
17.284 839.6856 31.3397
17.294 839.6802 31.3396
17.304 839.6634 31.3380
17.314 839.6688 31.3382
17.324 839.6687 31.3373
17.334 839.6645 31.3377
17.344 839.6363 31.3396
17.354 839.6790 31.3390
17.364 839.6431 31.3404
17.374 839.6629 31.3410
17.384 839.6650 31.3396
17.394 839.6573 31.3383
17.404 839.6835 31.3387
17.414 839.6514 31.3387
17.424 839.6532 31.3372
17.434 839.6598 31.3355
17.444 839.6464 31.3363
17.454 839.6608 31.3367
17.464 839.6516 31.3348
17.474 839.6798 31.3345
17.484 839.6108 31.3346
17.494 839.6495 31.3362
17.504 839.6656 31.3375
17.514 839.6757 31.3366
17.524 839.6593 31.3360
17.534 839.6719 31.3348
17.544 839.6869 31.3322
17.554 839.6615 31.3314
17.564 839.6752 31.3339
17.574 839.7173 31.3355
17.584 839.6431 31.3339
17.594 839.6316 31.3349
17.604 839.6839 31.3341
17.614 839.6654 31.3316
17.624 839.6545 31.3321
17.634 839.6486 31.3325
17.644 839.6477 31.3321
17.654 839.6393 31.3321
17.664 839.6718 31.3339
17.674 839.6681 31.3329
17.684 839.6712 31.3304
17.694 839.6579 31.3297
17.704 839.6840 31.3316
17.714 839.6752 31.3339
17.724 839.6580 31.3305
17.734 839.6767 31.3289
17.744 839.6493 31.3312
17.754 839.6595 31.3321
17.764 839.6750 31.3314
17.774 839.6444 31.3297
17.784 839.6504 31.3301
17.794 839.6592 31.3311
17.804 839.6551 31.3291
17.814 839.6574 31.3270
17.824 839.6615 31.3289
17.834 839.6603 31.3308
17.844 839.6698 31.3305
17.854 839.6446 31.3289
17.864 839.6402 31.3268
17.874 839.6707 31.3277
17.884 839.6866 31.3288
17.894 839.6538 31.3277
17.904 839.6523 31.3261
17.914 839.6540 31.3270
17.924 839.6890 31.3275
17.934 839.6548 31.3298
17.944 839.6518 31.3299
17.954 839.6698 31.3272
17.964 839.6736 31.3282
17.974 839.6645 31.3280
17.984 839.6577 31.3271
17.994 839.6363 31.3274
18.004 839.6947 31.3278
18.014 839.6755 31.3275
18.024 839.6297 31.3258
18.034 839.6473 31.3246
18.044 839.6260 31.3248
18.054 839.6664 31.3264
18.064 839.6360 31.3272
18.074 839.6852 31.3257
18.084 839.6451 31.3251
18.094 839.6399 31.3226
18.104 839.6147 31.3210
18.114 839.6410 31.3223
18.124 839.6640 31.3220
18.134 839.6664 31.3231
18.144 839.6528 31.3223
18.154 839.6361 31.3216
18.164 839.6734 31.3224
18.174 839.6219 31.3204
18.184 839.6427 31.3199
18.194 839.6570 31.3219
18.204 839.6641 31.3229
18.214 839.6393 31.3223
18.224 839.6625 31.3204
18.234 839.6384 31.3219
18.244 839.6548 31.3233
18.254 839.6617 31.3209
18.264 839.6559 31.3197
18.274 839.6685 31.3217
18.284 839.6668 31.3217
18.294 839.6411 31.3207
18.304 839.6698 31.3207
18.314 839.6797 31.3206
18.324 839.6469 31.3227
18.334 839.6764 31.3223
18.344 839.6456 31.3204
18.354 839.6590 31.3220
18.364 839.6753 31.3226
18.374 839.6472 31.3196
18.384 839.6313 31.3185
18.394 839.6772 31.3186
18.404 839.6603 31.3177
18.414 839.6741 31.3179
18.424 839.6690 31.3179
18.434 839.6469 31.3162
18.444 839.6280 31.3160
18.454 839.6428 31.3175
18.464 839.6700 31.3192
18.474 839.6820 31.3185
18.484 839.6541 31.3180
18.494 839.6731 31.3190
18.504 839.6691 31.3187
18.514 839.6558 31.3180
18.524 839.6390 31.3156
18.534 839.6490 31.3139
18.544 839.6405 31.3139
18.554 839.6758 31.3146
18.564 839.6457 31.3148
18.574 839.6850 31.3142
18.584 839.6525 31.3124
18.594 839.6437 31.3122
18.604 839.6552 31.3145
18.614 839.6411 31.3142
18.624 839.6503 31.3129
18.634 839.6633 31.3135
18.644 839.6503 31.3129
18.654 839.6320 31.3131
18.664 839.6689 31.3129
18.674 839.6661 31.3132
18.684 839.6506 31.3131
18.694 839.6484 31.3112
18.704 839.6412 31.3126
18.714 839.6501 31.3136
18.724 839.6689 31.3105
18.734 839.6298 31.3104
18.744 839.6909 31.3138
18.754 839.6603 31.3145
18.764 839.6605 31.3138
18.774 839.6158 31.3118
18.784 839.6247 31.3104
18.794 839.6573 31.3098
18.804 839.6659 31.3115
18.814 839.6597 31.3109
18.824 839.6512 31.3109
18.834 839.6899 31.3125
18.844 839.6548 31.3102
18.854 839.6483 31.3095
18.864 839.6525 31.3091
18.874 839.6591 31.3107
18.884 839.6396 31.3102
18.894 839.6505 31.3090
18.904 839.6602 31.3104
18.914 839.6611 31.3117
18.924 839.6294 31.3094
18.934 839.6606 31.3081
18.944 839.6856 31.3080
18.954 839.6562 31.3068
18.964 839.6605 31.3073
18.974 839.6331 31.3063
18.984 839.6659 31.3083
18.994 839.6550 31.3095
19.004 839.6430 31.3070
19.014 839.6581 31.3061
19.024 839.6201 31.3057
19.034 839.6360 31.3044
19.044 839.6451 31.3047
19.054 839.6181 31.3056
19.064 839.6647 31.3044
19.074 839.6321 31.3017
19.084 839.6759 31.3033
19.094 839.6538 31.3048
19.104 839.6481 31.3046
19.114 839.6434 31.3047
19.124 839.6383 31.3047
19.134 839.6359 31.3036
19.144 839.6232 31.3023
19.154 839.6449 31.3030
19.164 839.6468 31.3023
19.174 839.6333 31.3023
19.184 839.6453 31.3048
19.194 839.6644 31.3043
19.204 839.6871 31.3030
19.214 839.6528 31.3036
19.224 839.6451 31.3023
19.234 839.6630 31.3012
19.244 839.6495 31.3012
19.254 839.6489 31.3009
19.264 839.6569 31.3014
19.274 839.6228 31.3013
19.284 839.6658 31.3009
19.294 839.6799 31.3003
19.304 839.6713 31.2995
19.314 839.6626 31.2993
19.324 839.6525 31.2993
19.334 839.6448 31.2989
19.344 839.6798 31.2995
19.354 839.6627 31.3002
19.364 839.6733 31.2996
19.374 839.6632 31.2996
19.384 839.6328 31.2996
19.394 839.6399 31.3006
19.404 839.6593 31.3002
19.414 839.6429 31.2996
19.424 839.6776 31.3000
19.434 839.6408 31.2978
19.444 839.6133 31.2959
19.454 839.6586 31.2982
19.464 839.6724 31.2983
19.474 839.6247 31.2973
19.484 839.6685 31.2989
19.494 839.6589 31.2992
19.504 839.6585 31.2973
19.514 839.6585 31.2973
19.524 839.6614 31.2988
19.534 839.6684 31.2980
19.544 839.6631 31.2955
19.554 839.6685 31.2956
19.564 839.6533 31.2956
19.574 839.6388 31.2944
19.584 839.6596 31.2938
19.594 839.6550 31.2965
19.604 839.6680 31.2971
19.614 839.6494 31.2929
19.624 839.6511 31.2938
19.634 839.6351 31.2942
19.644 839.6481 31.2939
19.654 839.6752 31.2956
19.664 839.6566 31.2948
19.674 839.6463 31.2931
19.684 839.6625 31.2919
19.694 839.6510 31.2921
19.704 839.6266 31.2934
19.714 839.6561 31.2929
19.724 839.6690 31.2918
19.734 839.6732 31.2922
19.744 839.6765 31.2938
19.754 839.6309 31.2946
19.764 839.6562 31.2938
19.774 839.6700 31.2939
19.784 839.6554 31.2942
19.794 839.6473 31.2919
19.804 839.6366 31.2917
19.814 839.6465 31.2924
19.824 839.6409 31.2897
19.834 839.6571 31.2910
19.844 839.6425 31.2921
19.854 839.6531 31.2907
19.864 839.6295 31.2915
19.874 839.6808 31.2918
19.884 839.6458 31.2904
19.894 839.6108 31.2898
19.904 839.6481 31.2907
19.914 839.6502 31.2893
19.924 839.6640 31.2894
19.934 839.6448 31.2891
19.944 839.6371 31.2878
19.954 839.6255 31.2904
19.964 839.6684 31.2915
19.974 839.6377 31.2914
19.984 839.6559 31.2904
19.994 839.6639 31.2885
20.004 839.6655 31.2901
20.014 839.6694 31.2904
20.024 839.6766 31.2890
20.034 839.6597 31.2881
20.044 839.6459 31.2888
20.054 839.6809 31.2894
20.064 839.6624 31.2870
20.074 839.6914 31.2871
20.084 839.6675 31.2878
20.094 839.6342 31.2873
20.104 839.6556 31.2870
20.114 839.6796 31.2871
20.124 839.6457 31.2863
20.134 839.6287 31.2854
20.144 839.6591 31.2846
20.154 839.6115 31.2853
20.164 839.6551 31.2876
20.174 839.6508 31.2863
20.184 839.6538 31.2861
20.194 839.6563 31.2857
20.204 839.6612 31.2864
20.214 839.6450 31.2851
20.224 839.7049 31.2839
20.234 839.6647 31.2849
20.244 839.6647 31.2849
20.254 839.6511 31.2840
20.264 839.6511 31.2832
20.274 839.6598 31.2833
20.284 839.6502 31.2827
20.294 839.6321 31.2822
20.304 839.6479 31.2825
20.314 839.6397 31.2826
20.324 839.6551 31.2810
20.334 839.6614 31.2825
20.344 839.6643 31.2830
20.354 839.6766 31.2825
20.364 839.6345 31.2842
20.374 839.6428 31.2825
20.384 839.6202 31.2813
20.394 839.6445 31.2825
20.404 839.6759 31.2805
20.414 839.6460 31.2799
20.424 839.6598 31.2800
20.434 839.6465 31.2793
20.444 839.6513 31.2800
20.454 839.6419 31.2812
20.464 839.6473 31.2822
20.474 839.6275 31.2816
20.484 839.6477 31.2799
20.494 839.6505 31.2796
20.504 839.6421 31.2805
20.514 839.6533 31.2802
20.524 839.6622 31.2788
20.534 839.6557 31.2781
20.544 839.6449 31.2769
20.554 839.6514 31.2776
20.564 839.6359 31.2807
20.574 839.6464 31.2809
20.584 839.6464 31.2785
20.594 839.6325 31.2775
20.604 839.6751 31.2776
20.614 839.6906 31.2786
20.624 839.6414 31.2793
20.634 839.6545 31.2775
20.644 839.6344 31.2768
20.654 839.6399 31.2778
20.664 839.6620 31.2762
20.674 839.6338 31.2756
20.684 839.6450 31.2754
20.694 839.6335 31.2755
20.704 839.6408 31.2782
20.714 839.7005 31.2785
20.724 839.6588 31.2755
20.734 839.6579 31.2742
20.744 839.6686 31.2745
20.754 839.6508 31.2741
20.764 839.6440 31.2732
20.774 839.6615 31.2744
20.784 839.6615 31.2735
20.794 839.6200 31.2722
20.804 839.6403 31.2731
20.814 839.6541 31.2732
20.824 839.6395 31.2735
20.834 839.6466 31.2737
20.844 839.6694 31.2741
20.854 839.6272 31.2708
20.864 839.6085 31.2700
20.874 839.6448 31.2728
20.884 839.6689 31.2747
20.894 839.6449 31.2745
20.904 839.6608 31.2724
20.914 839.6799 31.2718
20.924 839.6662 31.2734
20.934 839.6384 31.2738
20.944 839.6414 31.2728
20.954 839.6475 31.2717
20.964 839.6615 31.2711
20.974 839.6468 31.2697
20.984 839.6409 31.2701
20.994 839.6653 31.2721
21.004 839.6641 31.2715
21.014 839.6626 31.2700
21.024 839.6536 31.2705
21.034 839.6472 31.2715
21.044 839.6387 31.2707
21.054 839.6485 31.2705
21.064 839.6499 31.2696
21.074 839.6374 31.2684
21.084 839.6394 31.2686
21.094 839.6226 31.2703
21.104 839.6366 31.2697
21.114 839.6622 31.2690
21.124 839.6065 31.2690
21.134 839.6409 31.2669
21.144 839.6471 31.2674
21.154 839.6607 31.2683
21.164 839.6439 31.2691
21.174 839.6402 31.2681
21.184 839.6642 31.2659
21.194 839.6507 31.2667
21.204 839.6538 31.2698
21.214 839.6469 31.2705
21.224 839.6258 31.2686
21.234 839.6790 31.2681
21.244 839.6693 31.2691
21.254 839.6947 31.2700
21.264 839.6370 31.2674
21.274 839.6601 31.2647
21.284 839.6800 31.2661
21.294 839.6352 31.2657
21.304 839.6608 31.2659
21.314 839.6459 31.2660
21.324 839.6584 31.2639
21.334 839.6488 31.2642
21.344 839.6308 31.2644
21.354 839.6358 31.2636
21.364 839.6700 31.2646
21.374 839.6571 31.2657
21.384 839.6856 31.2656
21.394 839.6686 31.2647
21.404 839.6467 31.2656
21.414 839.6529 31.2653
21.424 839.6507 31.2626
21.434 839.6478 31.2620
21.444 839.6595 31.2636
21.454 839.6673 31.2633
21.464 839.6695 31.2627
21.474 839.6750 31.2646
21.484 839.6554 31.2649
21.494 839.6442 31.2627
21.504 839.6184 31.2609
21.514 839.6483 31.2615
21.524 839.6681 31.2620
21.534 839.6382 31.2623
21.544 839.6436 31.2625
21.554 839.6504 31.2625
21.564 839.6607 31.2618
21.574 839.6333 31.2599
21.584 839.6840 31.2608
21.594 839.6645 31.2603
21.604 839.6879 31.2602
21.614 839.6759 31.2609
21.624 839.6503 31.2584
21.634 839.6325 31.2579
21.644 839.6392 31.2603
21.654 839.6523 31.2593
21.664 839.6412 31.2572
21.674 839.6803 31.2574
21.684 839.6650 31.2589
21.694 839.6758 31.2601
21.704 839.6681 31.2588
21.714 839.6507 31.2569
21.724 839.6501 31.2558
21.734 839.6769 31.2565
21.744 839.7001 31.2579
21.754 839.6470 31.2592
21.764 839.6731 31.2588
21.774 839.6742 31.2585
21.784 839.6902 31.2581
21.794 839.6706 31.2584
21.804 839.6598 31.2581
21.814 839.6504 31.2568
21.824 839.6619 31.2558
21.834 839.6819 31.2557
21.844 839.6843 31.2544
21.854 839.6638 31.2551
21.864 839.6581 31.2572
21.874 839.6483 31.2549
21.884 839.6443 31.2538
21.894 839.6831 31.2538
21.904 839.6908 31.2551
21.914 839.6598 31.2572
21.924 839.6946 31.2569
21.934 839.6826 31.2544
21.944 839.6653 31.2534
21.954 839.6513 31.2540
21.964 839.6930 31.2537
21.974 839.6374 31.2521
21.984 839.6634 31.2508
21.994 839.6647 31.2523
22.004 839.6659 31.2528
22.014 839.6652 31.2517
22.024 839.6258 31.2523
22.034 839.6642 31.2528
22.044 839.6328 31.2515
22.054 839.6509 31.2521
22.064 839.6649 31.2515
22.074 839.6838 31.2493
22.084 839.6793 31.2487
22.094 839.6735 31.2500
22.104 839.6475 31.2489
22.114 839.6443 31.2481
22.124 839.6621 31.2486
22.134 839.6456 31.2472
22.144 839.6816 31.2498
22.154 839.6783 31.2531
22.164 839.6584 31.2517
22.174 839.6695 31.2497
22.184 839.6617 31.2500
22.194 839.6678 31.2497
22.204 839.6818 31.2483
22.214 839.6996 31.2487
22.224 839.7030 31.2496
22.234 839.6696 31.2473
22.244 839.6614 31.2466
22.254 839.6744 31.2480
22.264 839.6844 31.2496
22.274 839.6799 31.2490
22.284 839.6873 31.2469
22.294 839.6621 31.2453
22.304 839.6943 31.2438
22.314 839.6772 31.2445
22.324 839.6770 31.2452
22.334 839.6462 31.2442
22.344 839.6733 31.2442
22.354 839.7007 31.2460
22.364 839.6846 31.2480
22.374 839.6708 31.2479
22.384 839.6988 31.2467
22.394 839.6802 31.2459
22.404 839.6835 31.2459
22.414 839.6550 31.2443
22.424 839.6462 31.2409
22.434 839.6738 31.2412
22.444 839.6678 31.2432
22.454 839.6356 31.2423
22.464 839.6827 31.2422
22.474 839.6844 31.2430
22.484 839.6744 31.2415
22.494 839.6577 31.2399
22.504 839.6827 31.2398
22.514 839.6497 31.2394
22.524 839.6622 31.2396
22.534 839.6619 31.2403
22.544 839.6904 31.2411
22.554 839.6542 31.2415
22.564 839.6520 31.2396
22.574 839.6804 31.2395
22.584 839.6853 31.2402
22.594 839.6791 31.2396
22.604 839.6536 31.2412
22.614 839.6357 31.2399
22.624 839.6597 31.2377
22.634 839.6763 31.2367
22.644 839.6672 31.2388
22.654 839.6453 31.2396
22.664 839.6735 31.2378
22.674 839.6526 31.2367
22.684 839.6541 31.2350
22.694 839.6611 31.2367
22.704 839.6933 31.2384
22.714 839.6516 31.2378
22.724 839.6868 31.2385
22.734 839.6966 31.2375
22.744 839.6402 31.2364
22.754 839.6848 31.2375
22.764 839.6800 31.2377
22.774 839.6702 31.2378
22.784 839.6643 31.2382
22.794 839.6528 31.2384
22.804 839.6915 31.2375
22.814 839.6789 31.2347
22.824 839.6557 31.2333
22.834 839.6721 31.2347
22.844 839.6851 31.2344
22.854 839.6922 31.2354
22.864 839.6502 31.2347
22.874 839.6504 31.2340
22.884 839.6736 31.2354
22.894 839.6762 31.2334
22.904 839.6689 31.2331
22.914 839.6599 31.2337
22.924 839.6521 31.2340
22.934 839.6662 31.2343
22.944 839.6912 31.2341
22.954 839.6682 31.2352
22.964 839.6985 31.2335
22.974 839.6813 31.2334
22.984 839.6857 31.2323
22.994 839.6577 31.2310
23.004 839.6854 31.2313
23.014 839.6583 31.2304
23.024 839.6765 31.2294
23.034 839.6798 31.2286
23.044 839.6524 31.2309
23.054 839.6854 31.2313
23.064 839.6723 31.2299
23.074 839.6632 31.2296
23.084 839.6904 31.2280
23.094 839.6783 31.2279
23.104 839.6588 31.2266
23.114 839.6746 31.2277
23.124 839.6771 31.2273
23.134 839.6711 31.2260
23.144 839.6283 31.2290
23.154 839.6826 31.2291
23.164 839.6491 31.2284
23.174 839.6634 31.2280
23.184 839.6721 31.2282
23.194 839.6353 31.2291
23.204 839.6783 31.2311
23.214 839.6782 31.2294
23.224 839.6616 31.2272
23.234 839.6608 31.2276
23.244 839.6596 31.2270
23.254 839.6868 31.2255
23.264 839.6657 31.2259
23.274 839.6906 31.2273
23.284 839.6576 31.2260
23.294 839.6677 31.2260
23.304 839.6768 31.2272
23.314 839.6939 31.2265
23.324 839.6781 31.2253
23.334 839.6741 31.2250
23.344 839.6704 31.2249
23.354 839.6881 31.2245
23.364 839.6568 31.2240
23.374 839.6620 31.2249
23.384 839.6761 31.2252
23.394 839.6552 31.2249
23.404 839.6684 31.2248
23.414 839.6560 31.2236
23.424 839.6823 31.2249
23.434 839.6698 31.2238
23.444 839.6610 31.2204
23.454 839.6458 31.2204
23.464 839.6541 31.2219
23.474 839.6610 31.2228
23.484 839.6670 31.2216
23.494 839.6510 31.2221
23.504 839.6689 31.2233
23.514 839.6280 31.2223
23.524 839.6607 31.2202
23.534 839.6413 31.2198
23.544 839.7080 31.2202
23.554 839.6655 31.2201
23.564 839.6444 31.2205
23.574 839.6627 31.2171
23.584 839.6496 31.2157
23.594 839.6597 31.2181
23.604 839.6681 31.2181
23.614 839.6466 31.2191
23.624 839.6770 31.2191
23.634 839.6503 31.2168
23.644 839.6639 31.2177
23.654 839.6474 31.2195
23.664 839.6479 31.2181
23.674 839.6649 31.2165
23.684 839.6311 31.2157
23.694 839.6465 31.2158
23.704 839.6938 31.2182
23.714 839.6684 31.2174
23.724 839.6659 31.2154
23.734 839.6561 31.2155
23.744 839.6760 31.2145
23.754 839.6786 31.2150
23.764 839.6490 31.2154
23.774 839.6480 31.2165
23.784 839.6537 31.2168
23.794 839.6738 31.2151
23.804 839.6587 31.2160
23.814 839.6659 31.2178
23.824 839.6690 31.2177
23.834 839.6795 31.2162
23.844 839.6606 31.2161
23.854 839.6731 31.2140
23.864 839.6839 31.2119
23.874 839.6518 31.2143
23.884 839.6743 31.2145
23.894 839.6390 31.2130
23.904 839.6584 31.2126
23.914 839.6755 31.2119
23.924 839.6690 31.2120
23.934 839.6443 31.2131
23.944 839.7040 31.2126
23.954 839.6740 31.2111
23.964 839.6448 31.2117
23.974 839.6459 31.2114
23.984 839.6748 31.2107
23.994 839.6789 31.2119
24.004 839.6645 31.2123
24.014 839.6977 31.2120
24.024 839.6821 31.2134
24.034 839.6971 31.2117
24.044 839.6816 31.2107
24.054 839.6659 31.2113
24.064 839.6599 31.2109
24.074 839.6551 31.2102
24.084 839.6614 31.2092
24.094 839.6478 31.2107
24.104 839.6252 31.2104
24.114 839.6603 31.2086
24.124 839.6628 31.2090
24.134 839.6153 31.2089
24.144 839.6640 31.2096
24.154 839.6626 31.2097
24.164 839.6527 31.2090
24.174 839.6797 31.2082
24.184 839.6685 31.2060
24.194 839.6330 31.2060
24.204 839.6517 31.2069
24.214 839.6802 31.2076
24.224 839.6669 31.2077
24.234 839.6748 31.2075
24.244 839.6811 31.2080
24.254 839.6557 31.2080
24.264 839.6537 31.2079
24.274 839.6671 31.2094
24.284 839.6639 31.2087
24.294 839.6604 31.2070
24.304 839.6710 31.2056
24.314 839.6768 31.2043
24.324 839.6647 31.2051
24.334 839.6531 31.2035
24.344 839.6464 31.2019
24.354 839.6628 31.2025
24.364 839.6542 31.2041
24.374 839.6813 31.2049
24.384 839.6542 31.2041
24.394 839.6646 31.2033
24.404 839.6657 31.2031
24.414 839.6528 31.2033
24.424 839.6475 31.2041
24.434 839.6816 31.2042
24.444 839.6722 31.2038
24.454 839.6722 31.2029
24.464 839.6413 31.2011
24.474 839.6378 31.1994
24.484 839.6478 31.2009
24.494 839.6557 31.2015
24.504 839.6706 31.2014
24.514 839.6251 31.2022
24.524 839.6366 31.2021
24.534 839.6596 31.2009
24.544 839.6719 31.1995
24.554 839.6601 31.2004
24.564 839.6541 31.1991
24.574 839.6482 31.1995
24.584 839.6577 31.2016
24.594 839.7178 31.2005
24.604 839.6439 31.1982
24.614 839.6444 31.1977
24.624 839.6792 31.1998
24.634 839.6827 31.2007
24.644 839.6481 31.1978
24.654 839.6711 31.1975
24.664 839.6437 31.1990
24.674 839.6634 31.1995
24.684 839.6642 31.1991
24.694 839.6511 31.1968
24.704 839.6760 31.1958
24.714 839.6562 31.1944
24.724 839.6727 31.1967
24.734 839.6681 31.1985
24.744 839.6453 31.1990
24.754 839.6833 31.1985
24.764 839.6331 31.1947
24.774 839.6576 31.1943
24.784 839.6763 31.1951
24.794 839.6542 31.1943
24.804 839.6472 31.1941
24.814 839.6525 31.1934
24.824 839.6384 31.1931
24.834 839.6887 31.1954
24.844 839.6679 31.1960
24.854 839.6644 31.1951
24.864 839.6649 31.1946
24.874 839.6728 31.1943
24.884 839.6493 31.1960
24.894 839.6562 31.1944
24.904 839.6496 31.1929
24.914 839.6636 31.1923
24.924 839.6602 31.1923
24.934 839.6522 31.1933
24.944 839.6792 31.1933
24.954 839.6682 31.1937
24.964 839.6667 31.1922
24.974 839.6690 31.1924
24.984 839.6341 31.1927
24.994 839.6289 31.1910
25.004 839.6565 31.1913
25.014 839.6464 31.1913
25.024 839.6438 31.1909
25.034 839.6503 31.1916
25.044 839.6737 31.1923
25.054 839.6760 31.1917
25.064 839.6558 31.1902
25.074 839.6317 31.1875
25.084 839.6590 31.1876
25.094 839.6331 31.1906
25.104 839.6587 31.1907
25.114 839.6667 31.1889
25.124 839.6591 31.1893
25.134 839.6730 31.1903
25.144 839.6408 31.1919
25.154 839.6803 31.1897
25.164 839.6354 31.1885
25.174 839.6626 31.1902
25.184 839.6802 31.1889
25.194 839.6377 31.1887
25.204 839.6710 31.1893
25.214 839.6974 31.1890
25.224 839.6523 31.1885
25.234 839.6652 31.1906
25.244 839.6574 31.1893
25.254 839.6516 31.1865
25.264 839.6809 31.1868
25.274 839.6746 31.1862
25.284 839.6460 31.1870
25.294 839.6723 31.1859
25.304 839.6512 31.1822
25.314 839.6319 31.1835
25.324 839.6559 31.1845
25.334 839.6153 31.1836
25.344 839.6587 31.1842
25.354 839.6609 31.1836
25.364 839.6362 31.1848
25.374 839.6519 31.1842
25.384 839.6488 31.1835
25.394 839.6164 31.1834
25.404 839.6496 31.1839
25.414 839.6486 31.1851
25.424 839.6472 31.1819
25.434 839.6443 31.1805
25.444 839.6534 31.1817
25.454 839.6531 31.1815
25.464 839.6332 31.1825
25.474 839.6567 31.1841
25.484 839.6662 31.1829
25.494 839.6552 31.1825
25.504 839.6518 31.1825
25.514 839.6507 31.1804
25.524 839.6753 31.1808
25.534 839.6593 31.1821
25.544 839.6196 31.1817
25.554 839.6390 31.1812
25.564 839.6181 31.1810
25.574 839.6418 31.1810
25.584 839.6659 31.1804
25.594 839.6401 31.1810
25.604 839.6821 31.1817
25.614 839.6461 31.1822
25.624 839.6527 31.1805
25.634 839.6784 31.1783
25.644 839.6548 31.1783
25.654 839.6482 31.1800
25.664 839.6514 31.1815
25.674 839.6767 31.1815
25.684 839.6598 31.1815
25.694 839.6797 31.1805
25.704 839.6729 31.1797
25.714 839.6450 31.1793
25.724 839.6328 31.1783
25.734 839.6540 31.1795
25.744 839.7038 31.1791
25.754 839.6601 31.1775
25.764 839.6775 31.1778
25.774 839.6571 31.1761
25.784 839.6394 31.1766
25.794 839.6520 31.1785
25.804 839.6776 31.1787
25.814 839.6816 31.1766
25.824 839.6407 31.1756
25.834 839.6255 31.1747
25.844 839.6487 31.1737
25.854 839.6522 31.1746
25.864 839.6641 31.1754
25.874 839.6624 31.1754
25.884 839.6384 31.1744
25.894 839.6736 31.1751
25.904 839.6520 31.1753
25.914 839.6466 31.1751
25.924 839.6561 31.1740
25.934 839.6603 31.1744
25.944 839.6556 31.1754
25.954 839.6391 31.1756
25.964 839.6711 31.1756
25.974 839.6556 31.1754
25.984 839.6885 31.1750
25.994 839.6484 31.1736
26.004 839.6242 31.1733
26.014 839.6513 31.1741
26.024 839.6758 31.1746
26.034 839.6670 31.1736
26.044 839.6921 31.1734
26.054 839.6904 31.1734
26.064 839.6383 31.1736
26.074 839.6509 31.1723
26.084 839.6594 31.1699
26.094 839.6699 31.1709
26.104 839.6537 31.1720
26.114 839.6379 31.1726
26.124 839.6508 31.1747
26.134 839.6532 31.1734
26.144 839.6676 31.1706
26.154 839.6632 31.1717
26.164 839.6824 31.1720
26.174 839.6601 31.1719
26.184 839.6742 31.1722
26.194 839.6397 31.1702
26.204 839.6414 31.1702
26.214 839.6613 31.1724
26.224 839.6606 31.1705
26.234 839.6630 31.1692
26.244 839.6715 31.1700
26.254 839.6644 31.1699
26.264 839.6501 31.1695
26.274 839.6709 31.1698
26.284 839.6365 31.1719
26.294 839.6502 31.1712
26.304 839.6481 31.1702
26.314 839.6569 31.1703
26.324 839.6783 31.1700
26.334 839.6421 31.1689
26.344 839.6454 31.1681
26.354 839.6894 31.1689
26.364 839.6542 31.1690
26.374 839.6733 31.1685
26.384 839.6268 31.1681
26.394 839.6409 31.1683
26.404 839.6527 31.1675
26.414 839.6591 31.1665
26.424 839.6498 31.1669
26.434 839.6517 31.1662
26.444 839.6154 31.1658
26.454 839.6630 31.1668
26.464 839.6510 31.1675
26.474 839.6548 31.1661
26.484 839.6531 31.1652
26.494 839.6633 31.1661
26.504 839.6579 31.1659
26.514 839.6415 31.1654
26.524 839.6543 31.1666
26.534 839.6341 31.1675
26.544 839.6511 31.1651
26.554 839.6506 31.1632
26.564 839.6735 31.1645
26.574 839.6523 31.1665
26.584 839.6954 31.1661
26.594 839.6426 31.1642
26.604 839.6423 31.1649
26.614 839.6840 31.1655
26.624 839.6479 31.1644
26.634 839.6542 31.1625
26.644 839.6585 31.1629
26.654 839.6915 31.1634
26.664 839.6750 31.1620
26.674 839.6784 31.1620
26.684 839.6557 31.1632
26.694 839.6626 31.1617
26.704 839.6302 31.1615
26.714 839.6749 31.1635
26.724 839.6408 31.1634
26.734 839.6655 31.1622
26.744 839.6655 31.1590
26.754 839.6177 31.1571
26.764 839.6384 31.1581
26.774 839.6453 31.1598
26.784 839.6613 31.1603
26.794 839.6515 31.1604
26.804 839.6634 31.1612
26.814 839.6495 31.1603
26.824 839.6428 31.1603
26.834 839.6396 31.1595
26.844 839.6491 31.1584
26.854 839.6719 31.1588
26.864 839.6519 31.1581
26.874 839.6475 31.1593
26.884 839.6410 31.1594
26.894 839.6769 31.1580
26.904 839.6400 31.1573
26.914 839.6612 31.1586
26.924 839.6774 31.1574
26.934 839.6391 31.1569
26.944 839.6358 31.1577
26.954 839.6329 31.1571
26.964 839.6535 31.1573
26.974 839.6238 31.1593
26.984 839.6428 31.1603
26.994 839.6617 31.1580
27.004 839.6527 31.1577
27.014 839.6709 31.1567
27.024 839.6187 31.1560
27.034 839.6585 31.1564
27.044 839.6392 31.1577
27.054 839.6585 31.1573
27.064 839.6381 31.1556
27.074 839.6102 31.1552
27.084 839.6336 31.1550
27.094 839.6613 31.1537
27.104 839.6719 31.1523
27.114 839.6376 31.1529
27.124 839.6387 31.1526
27.134 839.6451 31.1549
27.144 839.6613 31.1561
27.154 839.6769 31.1547
27.164 839.6734 31.1530
27.174 839.6394 31.1537
27.184 839.6366 31.1540
27.194 839.6843 31.1526
27.204 839.6519 31.1525
27.214 839.6392 31.1520
27.224 839.6375 31.1520
27.234 839.6654 31.1516
27.244 839.6851 31.1522
27.254 839.6644 31.1536
27.264 839.6452 31.1525
27.274 839.6363 31.1506
27.284 839.6817 31.1513
27.294 839.6747 31.1520
27.304 839.6486 31.1533
27.314 839.7027 31.1533
27.324 839.6369 31.1509
27.334 839.6588 31.1509
27.344 839.6434 31.1516
27.354 839.6671 31.1525
27.364 839.6435 31.1525
27.374 839.6643 31.1519
27.384 839.6451 31.1516
27.394 839.6652 31.1499
27.404 839.6634 31.1482
27.414 839.6492 31.1471
27.424 839.6442 31.1479
27.434 839.6496 31.1481
27.444 839.6349 31.1475
27.454 839.6465 31.1482
27.464 839.6804 31.1499
27.474 839.6250 31.1509
27.484 839.6728 31.1495
27.494 839.6396 31.1498
27.504 839.6538 31.1509
27.514 839.6709 31.1502
27.524 839.6953 31.1498
27.534 839.6352 31.1476
27.544 839.6570 31.1459
27.554 839.6626 31.1462
27.564 839.6416 31.1466
27.574 839.6771 31.1475
27.584 839.6441 31.1462
27.594 839.6513 31.1457
27.604 839.6444 31.1472
27.614 839.6459 31.1479
27.624 839.6228 31.1474
27.634 839.6641 31.1437
27.644 839.6524 31.1421
27.654 839.6562 31.1440
27.664 839.6462 31.1448
27.674 839.6178 31.1449
27.684 839.6842 31.1452
27.694 839.6747 31.1455
27.704 839.6808 31.1444
27.714 839.6258 31.1440
27.724 839.6373 31.1430
27.734 839.6446 31.1432
27.744 839.6537 31.1444
27.754 839.6695 31.1438
27.764 839.6674 31.1428
27.774 839.6672 31.1435
27.784 839.6432 31.1434
27.794 839.6616 31.1408
27.804 839.6935 31.1415
27.814 839.6482 31.1425
27.824 839.6633 31.1408
27.834 839.6523 31.1413
27.844 839.6479 31.1424
27.854 839.6844 31.1413
27.864 839.6679 31.1423
27.874 839.6446 31.1424
27.884 839.6422 31.1413
27.894 839.6503 31.1403
27.904 839.6520 31.1403
27.914 839.6523 31.1413
27.924 839.6611 31.1390
27.934 839.6389 31.1388
27.944 839.6551 31.1410
27.954 839.6602 31.1410
27.964 839.6384 31.1394
27.974 839.6496 31.1391
27.984 839.6345 31.1400
27.994 839.6770 31.1401
28.004 839.6317 31.1403
28.014 839.6671 31.1394
28.024 839.6548 31.1408
28.034 839.6511 31.1398
28.044 839.6537 31.1379
28.054 839.6369 31.1387
28.064 839.6554 31.1379
28.074 839.6622 31.1387
28.084 839.6606 31.1387
28.094 839.6832 31.1374
28.104 839.6360 31.1374
28.114 839.6802 31.1376
28.124 839.6329 31.1376
28.134 839.6826 31.1363
28.144 839.6598 31.1367
28.154 839.6391 31.1381
28.164 839.6903 31.1376
28.174 839.6361 31.1359
28.184 839.6236 31.1347
28.194 839.6422 31.1347
28.204 839.6481 31.1352
28.214 839.6423 31.1356
28.224 839.6263 31.1360
28.234 839.6362 31.1367
28.244 839.6553 31.1370
28.254 839.6233 31.1346
28.264 839.6441 31.1340
28.274 839.6702 31.1360
28.284 839.6436 31.1346
28.294 839.6269 31.1339
28.304 839.6329 31.1352
28.314 839.6505 31.1363
28.324 839.6414 31.1352
28.334 839.6342 31.1333
28.344 839.6388 31.1347
28.354 839.6658 31.1339
28.364 839.6428 31.1318
28.374 839.6530 31.1326
28.384 839.6672 31.1313
28.394 839.6560 31.1316
28.404 839.6330 31.1328
28.414 839.6611 31.1325
28.424 839.6754 31.1345
28.434 839.6683 31.1343
28.444 839.6707 31.1322
28.454 839.6600 31.1328
28.464 839.6369 31.1322
28.474 839.6398 31.1303
28.484 839.6581 31.1302
28.494 839.6180 31.1312
28.504 839.6477 31.1333
28.514 839.6317 31.1337
28.524 839.6547 31.1335
28.534 839.6264 31.1312
28.544 839.6116 31.1298
28.554 839.6433 31.1312
28.564 839.6658 31.1315
28.574 839.6439 31.1291
28.584 839.6276 31.1285
28.594 839.6495 31.1309
28.604 839.6639 31.1322
28.614 839.6622 31.1322
28.624 839.6467 31.1320
28.634 839.6656 31.1322
28.644 839.6395 31.1302
28.654 839.6563 31.1285
28.664 839.6698 31.1285
28.674 839.6617 31.1295
28.684 839.6579 31.1309
28.694 839.6039 31.1285
28.704 839.6406 31.1267
28.714 839.6661 31.1284
28.724 839.6518 31.1288
28.734 839.6502 31.1272
28.744 839.6402 31.1281
28.754 839.6759 31.1306
28.764 839.6528 31.1301
28.774 839.6352 31.1289
28.784 839.6442 31.1284
28.794 839.6751 31.1278
28.804 839.6543 31.1284
28.814 839.6571 31.1281
28.824 839.6268 31.1265
28.834 839.6522 31.1265
28.844 839.6459 31.1259
28.854 839.6361 31.1261
28.864 839.6453 31.1289
28.874 839.6509 31.1284
28.884 839.6138 31.1251
28.894 839.6226 31.1237
28.904 839.6653 31.1255
28.914 839.6772 31.1264
28.924 839.6641 31.1250
28.934 839.6602 31.1255
28.944 839.6351 31.1248
28.954 839.6297 31.1238
28.964 839.6466 31.1247
28.974 839.6655 31.1248
28.984 839.6598 31.1237
28.994 839.6422 31.1225
29.004 839.6494 31.1244
29.014 839.6499 31.1262
29.024 839.6759 31.1250
29.034 839.6339 31.1234
29.044 839.6369 31.1224
29.054 839.6569 31.1231
29.064 839.6237 31.1234
29.074 839.6445 31.1228
29.084 839.6654 31.1231
29.094 839.6451 31.1231
29.104 839.6808 31.1224
29.114 839.6693 31.1225
29.124 839.6507 31.1225
29.134 839.6694 31.1210
29.144 839.6295 31.1189
29.154 839.6471 31.1208
29.164 839.6338 31.1225
29.174 839.6579 31.1211
29.184 839.6522 31.1208
29.194 839.6079 31.1190
29.204 839.6360 31.1187
29.214 839.6326 31.1187
29.224 839.6305 31.1177
29.234 839.6441 31.1177
29.244 839.6586 31.1199
29.254 839.6284 31.1216
29.264 839.6632 31.1204
29.274 839.6512 31.1187
29.284 839.6410 31.1179
29.294 839.6465 31.1197
29.304 839.6645 31.1194
29.314 839.6368 31.1183
29.324 839.6515 31.1189
29.334 839.6444 31.1187
29.344 839.6438 31.1176
29.354 839.6356 31.1177
29.364 839.6419 31.1191
29.374 839.6276 31.1196
29.384 839.6491 31.1177
29.394 839.6476 31.1162
29.404 839.6808 31.1167
29.414 839.6508 31.1145
29.424 839.6449 31.1149
29.434 839.6618 31.1173
29.444 839.6641 31.1152
29.454 839.6509 31.1153
29.464 839.6453 31.1159
29.474 839.6697 31.1155
29.484 839.6344 31.1163
29.494 839.6774 31.1159
29.504 839.6446 31.1139
29.514 839.6543 31.1129
29.524 839.6311 31.1147
29.534 839.6559 31.1145
29.544 839.6536 31.1142
29.554 839.6484 31.1157
29.564 839.6537 31.1150
29.574 839.6254 31.1136
29.584 839.6625 31.1136
29.594 839.6554 31.1159
29.604 839.6543 31.1162
29.614 839.6670 31.1133
29.624 839.6614 31.1106
29.634 839.6454 31.1111
29.644 839.6694 31.1121
29.654 839.6730 31.1105
29.664 839.6620 31.1109
29.674 839.6280 31.1108
29.684 839.6685 31.1108
29.694 839.6401 31.1109
29.704 839.6766 31.1098
29.714 839.6625 31.1104
29.724 839.6530 31.1106
29.734 839.6445 31.1098
29.744 839.6605 31.1094
29.754 839.6490 31.1095
29.764 839.6611 31.1096
29.774 839.6288 31.1112
29.784 839.6428 31.1098
29.794 839.6742 31.1087
29.804 839.6570 31.1109
29.814 839.6707 31.1102
29.824 839.6445 31.1098
29.834 839.6495 31.1089
29.844 839.6518 31.1068
29.854 839.6520 31.1085
29.864 839.6718 31.1099
29.874 839.6652 31.1084
29.884 839.6025 31.1067
29.894 839.6487 31.1070
29.904 839.6738 31.1077
29.914 839.6462 31.1074
29.924 839.6493 31.1072
29.934 839.6369 31.1070
29.944 839.6550 31.1075
29.954 839.6613 31.1057
29.964 839.6305 31.1047
29.974 839.6779 31.1064
29.984 839.6287 31.1062
29.994 839.6425 31.1064
