% 21-Jul-2025 11:24:12
% Time, s	 Pressure, mBar	 Temperature, degC
0.005 839.9640 34.3099
0.015 839.9375 34.3111
0.025 839.9529 34.3161
0.035 839.9714 34.3191
0.045 839.9657 34.3217
0.055 839.9812 34.3213
0.065 839.9404 34.3180
0.075 839.9431 34.3194
0.085 839.9485 34.3221
0.095 839.9511 34.3261
0.105 839.9608 34.3310
0.115 839.9432 34.3303
0.125 839.9623 34.3335
0.135 839.9505 34.3349
0.145 839.9540 34.3330
0.155 839.9730 34.3380
0.165 839.9921 34.3412
0.174 839.9537 34.3419
0.184 839.9755 34.3438
0.194 839.9746 34.3424
0.204 839.9633 34.3395
0.214 839.9800 34.3451
0.224 839.9416 34.3485
0.234 839.9491 34.3486
0.244 839.9403 34.3488
0.254 839.9140 34.3455
0.264 839.9588 34.3508
0.274 839.9441 34.3543
0.284 839.9628 34.3519
0.294 839.9708 34.3523
0.304 839.9050 34.3519
0.314 839.9399 34.3504
0.324 839.9651 34.3558
0.334 839.9829 34.3584
0.344 839.9438 34.3532
0.354 839.9506 34.3549
0.364 839.9610 34.3582
0.374 839.9347 34.3586
0.384 839.9349 34.3588
0.394 839.9362 34.3621
0.404 839.9643 34.3644
0.414 839.9497 34.3598
0.424 839.9653 34.3613
0.434 839.9683 34.3655
0.444 839.9766 34.3660
0.454 839.9736 34.3682
0.464 839.9701 34.3665
0.474 839.9540 34.3674
0.484 839.9974 34.3683
0.494 839.9747 34.3660
0.504 839.9656 34.3651
0.514 839.9900 34.3665
0.524 839.9622 34.3670
0.534 839.9478 34.3652
0.544 839.9493 34.3642
0.554 839.9399 34.3621
0.564 839.9464 34.3663
0.574 839.9289 34.3729
0.584 839.9440 34.3687
0.594 839.9371 34.3698
0.604 839.9756 34.3728
0.614 839.9685 34.3683
0.624 839.9533 34.3716
0.634 839.9427 34.3717
0.644 839.9616 34.3694
0.654 840.0017 34.3732
0.664 839.9521 34.3728
0.674 839.9771 34.3727
0.684 839.9827 34.3755
0.694 839.9873 34.3714
0.704 839.9600 34.3713
0.714 839.9691 34.3723
0.724 839.9673 34.3723
0.734 840.0156 34.3739
0.744 839.9646 34.3745
0.754 839.9515 34.3752
0.764 839.9729 34.3751
0.774 839.9575 34.3755
0.784 839.9865 34.3774
0.794 839.9327 34.3794
0.804 839.9867 34.3802
0.814 840.0217 34.3814
0.824 839.9658 34.3797
0.834 839.9431 34.3764
0.844 839.9905 34.3758
0.854 839.9724 34.3758
0.864 839.9617 34.3740
0.874 839.9467 34.3764
0.884 840.0133 34.3763
0.894 839.9629 34.3764
0.904 839.9926 34.3759
0.914 839.9847 34.3774
0.924 839.9762 34.3813
0.934 839.9578 34.3802
0.944 839.9849 34.3793
0.954 839.9678 34.3789
0.964 839.9866 34.3820
0.974 839.9737 34.3845
0.984 839.9811 34.3837
0.994 839.9747 34.3814
1.004 839.9424 34.3806
1.014 839.9696 34.3816
1.024 839.9864 34.3828
1.034 839.9857 34.3833
1.044 839.9882 34.3828
1.054 839.9930 34.3806
1.064 839.9582 34.3813
1.074 839.9892 34.3878
1.084 839.9968 34.3861
1.094 840.0091 34.3824
1.104 840.0044 34.3845
1.114 839.9843 34.3853
1.124 839.9794 34.3847
1.134 839.9637 34.3822
1.144 839.9781 34.3822
1.154 839.9743 34.3830
1.164 839.9494 34.3841
1.174 839.9922 34.3866
1.184 839.9783 34.3841
1.194 840.0014 34.3830
1.204 839.9593 34.3891
1.214 839.9932 34.3925
1.224 840.0054 34.3905
1.234 839.9386 34.3887
1.244 839.9918 34.3882
1.254 839.9950 34.3871
1.264 839.9843 34.3853
1.274 839.9906 34.3867
1.284 839.9775 34.3874
1.294 839.9522 34.3874
1.304 839.9681 34.3890
1.314 839.9754 34.3872
1.324 839.9509 34.3867
1.334 839.9659 34.3870
1.344 840.0036 34.3878
1.354 839.9732 34.3888
1.364 840.0223 34.3890
1.374 839.9888 34.3894
1.384 839.9968 34.3898
1.394 839.9732 34.3915
1.404 840.0214 34.3940
1.414 840.0430 34.3930
1.424 840.0044 34.3945
1.434 840.0124 34.3940
1.444 839.9686 34.3919
1.454 840.0000 34.3941
1.464 839.9841 34.3925
1.474 839.9933 34.3907
1.484 839.9637 34.3895
1.494 839.9549 34.3887
1.504 839.9963 34.3905
1.514 840.0139 34.3911
1.524 839.9494 34.3914
1.534 839.9819 34.3941
1.544 839.9483 34.3926
1.554 840.0103 34.3911
1.564 839.9863 34.3909
1.574 839.9763 34.3913
1.584 839.9988 34.3926
1.594 839.9800 34.3922
1.604 839.9872 34.3922
1.614 839.9982 34.3914
1.624 839.9718 34.3936
1.634 839.9558 34.3928
1.644 839.9786 34.3915
1.654 839.9931 34.3915
1.664 839.9505 34.3883
1.674 839.9921 34.3919
1.684 839.9631 34.3946
1.694 839.9807 34.3917
1.704 839.9493 34.3922
1.714 839.9852 34.3957
1.724 840.0166 34.3952
1.734 840.0186 34.3917
1.744 839.9514 34.3933
1.754 839.9746 34.3932
1.764 839.9423 34.3924
1.774 839.9684 34.3955
1.784 839.9411 34.3936
1.794 839.9382 34.3930
1.804 839.9865 34.3928
1.814 839.9694 34.3924
1.824 839.9520 34.3945
1.834 839.9735 34.3926
1.844 839.9707 34.3930
1.854 839.9830 34.3946
1.864 839.9770 34.3944
1.874 839.9799 34.3940
1.884 839.9704 34.3956
1.894 839.9909 34.3968
1.904 839.9777 34.3956
1.914 839.9242 34.3950
1.924 839.9726 34.3967
1.934 839.9709 34.3976
1.944 839.9728 34.3959
1.954 839.9466 34.3945
1.964 839.9961 34.3976
1.974 839.9990 34.3972
1.984 839.9599 34.3967
1.994 839.9487 34.3983
2.004 839.9602 34.3968
2.014 839.9603 34.3950
2.024 840.0204 34.3971
2.034 839.9887 34.3984
2.044 839.9655 34.3986
2.054 839.9683 34.3982
2.064 839.9904 34.3965
2.074 839.9750 34.3952
2.084 840.0005 34.3971
2.094 840.0144 34.3995
2.104 840.0051 34.3967
2.114 839.9838 34.3987
2.124 839.9930 34.3996
2.134 839.9616 34.3975
2.144 839.9870 34.3967
2.154 840.0056 34.3969
2.164 839.9495 34.3987
2.174 839.9704 34.4010
2.184 839.9879 34.4007
2.194 839.9905 34.3984
2.204 840.0093 34.4006
2.214 839.9502 34.4008
2.224 839.9843 34.4017
2.234 839.9817 34.4013
2.244 839.9702 34.3991
2.254 839.9778 34.4002
2.264 839.9574 34.3999
2.274 840.0097 34.4026
2.284 839.9639 34.4014
2.294 839.9895 34.3988
2.304 839.9607 34.3998
2.314 839.9764 34.3995
2.324 839.9593 34.4018
2.334 839.9551 34.4033
2.344 839.9499 34.3998
2.354 839.9850 34.3965
2.364 839.9663 34.3953
2.374 839.9656 34.3968
2.384 839.9849 34.3992
2.394 839.9945 34.4031
2.404 840.0251 34.4049
2.414 839.9525 34.4038
2.424 839.9497 34.4042
2.434 839.9903 34.4046
2.444 839.9732 34.4069
2.454 840.0290 34.4050
2.464 839.9831 34.4019
2.474 839.9655 34.4022
2.484 839.9749 34.4033
2.494 839.9919 34.4054
2.504 840.0055 34.4050
2.514 839.9842 34.4025
2.524 839.9607 34.4034
2.534 839.9813 34.4029
2.544 839.9801 34.4031
2.554 839.9508 34.4048
2.564 839.9393 34.4026
2.574 840.0067 34.4038
2.584 839.9895 34.4052
2.594 840.0076 34.4052
2.604 839.9945 34.4058
2.614 839.9926 34.4022
2.624 840.0114 34.4044
2.634 840.0002 34.4096
2.644 839.9996 34.4048
2.654 839.9747 34.4031
2.664 839.9941 34.4038
2.674 839.9476 34.4031
2.684 839.9655 34.4049
2.694 839.9398 34.4056
2.704 839.9809 34.4072
2.714 839.9756 34.4054
2.724 839.9552 34.4052
2.734 839.9666 34.4054
2.744 839.9801 34.4031
2.754 839.9761 34.4048
2.764 839.9679 34.4052
2.774 840.0086 34.4048
2.784 839.9828 34.4045
2.794 839.9880 34.4053
2.804 839.9589 34.4034
2.814 839.9440 34.4004
2.824 839.9697 34.4025
2.834 840.0046 34.4027
2.844 839.9357 34.4035
2.854 839.9677 34.4060
2.864 840.0095 34.4061
2.874 839.9437 34.4030
2.884 839.9806 34.3998
2.894 839.9848 34.4010
2.904 839.9721 34.4037
2.914 839.9456 34.4049
2.924 839.9664 34.4062
2.934 839.9878 34.4034
2.944 840.0031 34.4011
2.954 839.9626 34.4044
2.964 839.9793 34.4037
2.974 839.9558 34.4027
2.984 839.9503 34.4054
2.994 839.9615 34.4038
3.004 839.9701 34.4045
3.014 839.9660 34.4052
3.024 839.9474 34.4013
3.034 839.9836 34.4058
3.044 839.9606 34.4079
3.054 839.9354 34.4098
3.064 839.9709 34.4112
3.074 839.9569 34.4069
3.084 839.9477 34.4050
3.094 839.9863 34.4072
3.104 839.9898 34.4089
3.114 839.9677 34.4069
3.124 839.9678 34.4079
3.134 839.9560 34.4092
3.144 839.9846 34.4081
3.154 839.9997 34.4093
3.164 840.0357 34.4111
3.174 840.0037 34.4087
3.184 839.9871 34.4076
3.194 839.9921 34.4083
3.204 839.9715 34.4061
3.214 839.9608 34.4071
3.224 839.9592 34.4099
3.234 839.9799 34.4076
3.244 839.9635 34.4057
3.254 839.9667 34.4073
3.264 840.0187 34.4089
3.274 839.9890 34.4076
3.284 840.0200 34.4114
3.294 839.9779 34.4147
3.304 839.9474 34.4112
3.314 839.9403 34.4095
3.324 839.9906 34.4084
3.334 839.9877 34.4079
3.344 839.9767 34.4096
3.354 839.9968 34.4115
3.364 839.9729 34.4104
3.374 840.0093 34.4106
3.384 839.9680 34.4098
3.394 840.0127 34.4114
3.404 839.9853 34.4130
3.414 839.9938 34.4100
3.424 839.9790 34.4089
3.434 839.9699 34.4080
3.444 839.9817 34.4076
3.454 839.9461 34.4079
3.464 839.9605 34.4069
3.474 839.9944 34.4076
3.484 839.9877 34.4079
3.494 839.9613 34.4100
3.504 840.0179 34.4112
3.514 839.9526 34.4084
3.524 839.9460 34.4096
3.534 839.9728 34.4122
3.544 840.0208 34.4154
3.554 839.9683 34.4135
3.564 840.0127 34.4077
3.574 839.9713 34.4069
3.584 839.9574 34.4099
3.594 839.9726 34.4093
3.604 840.0015 34.4093
3.614 839.9956 34.4137
3.624 839.9840 34.4096
3.634 839.9295 34.4068
3.644 839.9897 34.4107
3.654 839.9864 34.4108
3.664 839.9832 34.4102
3.674 839.9798 34.4130
3.684 839.9785 34.4123
3.694 839.9936 34.4108
3.704 839.9509 34.4130
3.714 839.9786 34.4106
3.724 839.9630 34.4091
3.734 839.9879 34.4134
3.744 839.9853 34.4130
3.754 839.9941 34.4111
3.764 840.0069 34.4157
3.774 840.0122 34.4174
3.784 839.9646 34.4126
3.794 839.9707 34.4120
3.804 839.9845 34.4135
3.814 839.9881 34.4135
3.824 839.9680 34.4161
3.834 839.9669 34.4156
3.844 839.9461 34.4133
3.854 839.9849 34.4146
3.864 840.0010 34.4164
3.874 839.9602 34.4131
3.884 839.9492 34.4112
3.894 839.9696 34.4142
3.904 840.0129 34.4133
3.914 839.9703 34.4127
3.924 839.9651 34.4129
3.934 839.9492 34.4103
3.944 839.9702 34.4091
3.954 839.9586 34.4087
3.964 839.9193 34.4143
3.974 839.9889 34.4139
3.984 839.9811 34.4127
3.994 839.9765 34.4131
4.004 839.9842 34.4125
4.014 840.0144 34.4122
4.024 839.9773 34.4135
4.034 839.9438 34.4176
4.044 839.9908 34.4149
4.054 839.9794 34.4110
4.064 839.9913 34.4142
4.074 839.9904 34.4192
4.084 839.9783 34.4158
4.094 839.9655 34.4112
4.104 839.9841 34.4142
4.114 839.9846 34.4172
4.124 839.9918 34.4135
4.134 839.9721 34.4127
4.144 839.9588 34.4115
4.154 839.9733 34.4115
4.164 839.9645 34.4153
4.174 839.9815 34.4147
4.184 839.9805 34.4151
4.194 839.9768 34.4169
4.204 839.9984 34.4160
4.214 839.9700 34.4162
4.224 839.9811 34.4164
4.234 839.9601 34.4149
4.244 839.9586 34.4123
4.254 839.9601 34.4149
4.264 839.9714 34.4205
4.274 839.9978 34.4184
4.284 839.9683 34.4145
4.294 839.9453 34.4138
4.304 839.9494 34.4158
4.314 839.9514 34.4160
4.324 839.9624 34.4178
4.334 839.9725 34.4211
4.344 839.9662 34.4161
4.354 839.9492 34.4139
4.364 840.0006 34.4180
4.374 839.9830 34.4173
4.384 839.9666 34.4154
4.394 839.9796 34.4165
4.404 839.9652 34.4201
4.414 839.9480 34.4178
4.424 839.9498 34.4115
4.434 839.9803 34.4160
4.444 839.9498 34.4178
4.454 839.9857 34.4150
4.464 839.9774 34.4181
4.474 839.9389 34.4169
4.484 839.9692 34.4149
4.494 840.0000 34.4195
4.504 840.0131 34.4188
4.514 839.9777 34.4156
4.524 839.9650 34.4173
4.534 840.0042 34.4207
4.544 839.9539 34.4208
4.554 839.9741 34.4183
4.564 839.9841 34.4178
4.574 839.9706 34.4201
4.584 839.9885 34.4183
4.594 839.9945 34.4158
4.604 839.9785 34.4187
4.614 839.9966 34.4187
4.624 839.9449 34.4154
4.634 839.9830 34.4173
4.644 839.9801 34.4195
4.654 839.9737 34.4199
4.664 839.9820 34.4204
4.674 839.9826 34.4189
4.684 840.0155 34.4200
4.694 839.9896 34.4188
4.704 839.9831 34.4183
4.714 839.9872 34.4212
4.724 839.9879 34.4197
4.734 839.9670 34.4201
4.744 839.9427 34.4224
4.754 839.9297 34.4187
4.764 840.0059 34.4188
4.774 839.9644 34.4234
4.784 839.9821 34.4223
4.794 839.9694 34.4214
4.804 839.9996 34.4211
4.814 839.9573 34.4216
4.824 840.0020 34.4223
4.834 840.0026 34.4235
4.844 840.0059 34.4224
4.854 839.9947 34.4214
4.864 839.9784 34.4204
4.874 839.9752 34.4197
4.884 839.9848 34.4236
4.894 839.9613 34.4227
4.904 839.9529 34.4185
4.914 839.9909 34.4185
4.924 839.9572 34.4207
4.934 839.9582 34.4203
4.944 839.9666 34.4181
4.954 839.9734 34.4197
4.964 839.9279 34.4214
4.974 839.9596 34.4183
4.984 839.9569 34.4196
4.994 839.9728 34.4212
5.004 839.9632 34.4209
5.014 839.9608 34.4207
5.024 839.9740 34.4209
5.034 839.9851 34.4201
5.044 839.9787 34.4215
5.054 839.9553 34.4251
5.064 840.0279 34.4235
5.074 840.0019 34.4214
5.084 839.9706 34.4228
5.094 839.9891 34.4258
5.104 839.9868 34.4228
5.114 839.9800 34.4212
5.124 839.9732 34.4232
5.134 840.0063 34.4181
5.144 839.9567 34.4204
5.154 839.9866 34.4263
5.164 839.9853 34.4266
5.174 839.9599 34.4247
5.184 839.9461 34.4205
5.194 839.9659 34.4196
5.204 839.9550 34.4214
5.214 839.9531 34.4241
5.224 839.9868 34.4255
5.234 839.9654 34.4257
5.244 840.0048 34.4282
5.254 840.0248 34.4292
5.264 839.9357 34.4253
5.274 839.9850 34.4255
5.284 840.0186 34.4261
5.294 839.9891 34.4249
5.304 840.0065 34.4263
5.314 839.9658 34.4241
5.324 839.9527 34.4193
5.334 839.9505 34.4236
5.344 839.9493 34.4249
5.354 839.9459 34.4241
5.364 839.9715 34.4251
5.374 839.9617 34.4211
5.384 839.9545 34.4193
5.394 839.9941 34.4238
5.404 839.9796 34.4265
5.414 839.9956 34.4263
5.424 839.9610 34.4253
5.434 839.9526 34.4238
5.444 839.9797 34.4238
5.454 840.0000 34.4231
5.464 839.9816 34.4284
5.474 839.9819 34.4294
5.484 839.9740 34.4273
5.494 839.9644 34.4261
5.504 839.9572 34.4234
5.514 839.9333 34.4250
5.524 839.9708 34.4293
5.534 840.0103 34.4319
5.544 840.0170 34.4289
5.554 840.0011 34.4300
5.564 839.9894 34.4296
5.574 839.9934 34.4270
5.584 839.9595 34.4300
5.594 839.9777 34.4319
5.604 840.0209 34.4290
5.614 839.9831 34.4282
5.624 839.9747 34.4258
5.634 839.9309 34.4211
5.644 839.9994 34.4219
5.654 839.9730 34.4241
5.664 839.9727 34.4266
5.674 839.9617 34.4284
5.684 839.9722 34.4300
5.694 839.9625 34.4278
5.704 839.9591 34.4243
5.714 839.9337 34.4234
5.724 839.9464 34.4243
5.734 839.9779 34.4247
5.744 839.9759 34.4282
5.754 839.9824 34.4324
5.764 839.9945 34.4321
5.774 839.9447 34.4316
5.784 839.9702 34.4308
5.794 839.9723 34.4282
5.804 839.9695 34.4286
5.814 839.9641 34.4286
5.824 840.0108 34.4294
5.834 839.9996 34.4311
5.844 839.9937 34.4308
5.854 839.9960 34.4311
5.864 839.9719 34.4325
5.874 839.9941 34.4301
5.884 839.9662 34.4261
5.894 839.9750 34.4269
5.904 839.9442 34.4259
5.914 839.9760 34.4265
5.924 839.9610 34.4316
5.934 840.0122 34.4328
5.944 839.9744 34.4293
5.954 839.9912 34.4259
5.964 839.9834 34.4257
5.974 840.0171 34.4299
5.984 839.9752 34.4288
5.994 839.9520 34.4262
6.004 839.9685 34.4263
6.014 839.9403 34.4249
6.024 839.9422 34.4267
6.034 839.9742 34.4328
6.044 839.9744 34.4347
6.054 839.9625 34.4315
6.064 839.9291 34.4301
6.074 839.9813 34.4309
6.084 839.9904 34.4319
6.094 839.9966 34.4350
6.104 840.0187 34.4370
6.114 839.9563 34.4311
6.124 839.9794 34.4273
6.134 839.9625 34.4288
6.144 839.9814 34.4292
6.154 839.9884 34.4300
6.164 840.0025 34.4280
6.174 839.9546 34.4266
6.184 839.9793 34.4290
6.194 839.9799 34.4330
6.204 840.0140 34.4328
6.214 839.9749 34.4323
6.224 839.9871 34.4330
6.234 839.9756 34.4335
6.244 839.9670 34.4365
6.254 839.9785 34.4350
6.264 839.9734 34.4297
6.274 839.9772 34.4280
6.284 839.9484 34.4325
6.294 839.9711 34.4331
6.304 839.9788 34.4324
6.314 839.9744 34.4347
6.324 839.9895 34.4332
6.334 839.9632 34.4373
6.344 839.9814 34.4355
6.354 839.9680 34.4297
6.364 839.9765 34.4321
6.374 839.9740 34.4336
6.384 839.9935 34.4352
6.394 840.0129 34.4359
6.404 839.9774 34.4344
6.414 839.9791 34.4362
6.424 839.9394 34.4362
6.434 839.9652 34.4328
6.444 839.9817 34.4357
6.454 839.9722 34.4363
6.464 839.9388 34.4350
6.474 839.9716 34.4324
6.484 839.9463 34.4288
6.494 839.9737 34.4325
6.504 839.9662 34.4324
6.514 839.9433 34.4336
6.524 840.0377 34.4366
6.534 839.9540 34.4381
6.544 840.0166 34.4396
6.554 839.9909 34.4385
6.564 839.9805 34.4405
6.574 839.9754 34.4406
6.584 839.9892 34.4367
6.594 839.9629 34.4335
6.604 839.9688 34.4365
6.614 839.9618 34.4383
6.624 839.9716 34.4361
6.634 839.9967 34.4332
6.644 839.9683 34.4335
6.654 839.9523 34.4363
6.664 839.9893 34.4377
6.674 839.9563 34.4374
6.684 839.9773 34.4389
6.694 839.9891 34.4385
6.704 839.9736 34.4352
6.714 839.9935 34.4379
6.724 839.9823 34.4405
6.734 839.9790 34.4406
6.744 839.9787 34.4378
6.754 839.9907 34.4393
6.764 839.9692 34.4448
6.774 839.9806 34.4415
6.784 839.9716 34.4361
6.794 839.9938 34.4390
6.804 839.9717 34.4397
6.814 839.9721 34.4381
6.824 839.9726 34.4383
6.834 839.9524 34.4373
6.844 839.9723 34.4382
6.854 839.9659 34.4413
6.864 839.9724 34.4419
6.874 839.9841 34.4405
6.884 839.9877 34.4396
6.894 839.9803 34.4377
6.904 840.0068 34.4365
6.914 839.9516 34.4369
6.924 839.9718 34.4416
6.934 840.0050 34.4437
6.944 840.0655 34.4415
6.954 840.0410 34.4382
6.964 840.0428 34.4382
6.974 840.0231 34.4374
6.984 839.9242 34.4367
6.994 839.8667 34.4378
7.004 839.7056 34.4367
7.014 839.6350 34.4348
7.024 839.5707 34.4352
7.034 839.4394 34.4382
7.044 839.3307 34.4381
7.054 839.1734 34.4371
7.064 839.0214 34.4370
7.074 838.8535 34.4389
7.084 838.6135 34.4390
7.094 838.3276 34.4397
7.104 838.1492 34.4427
7.114 837.8653 34.4425
7.124 837.6886 34.4400
7.134 837.5318 34.4383
7.144 837.5988 34.4375
7.154 837.5495 34.4409
7.164 837.4391 34.4417
7.174 837.7027 34.4398
7.184 837.7048 34.4400
7.194 837.5323 34.4413
7.204 837.5856 34.4436
7.214 837.7719 34.4428
7.224 837.6081 34.4413
7.234 837.7160 34.4374
7.244 837.7714 34.4371
7.254 837.7906 34.4440
7.264 837.7473 34.4459
7.274 837.7465 34.4419
7.284 837.7836 34.4415
7.294 837.7063 34.4425
7.304 837.6088 34.4435
7.314 837.7311 34.4432
7.324 837.6429 34.4443
7.334 837.7296 34.4433
7.344 837.7348 34.4405
7.354 837.6295 34.4412
7.364 837.7362 34.4421
7.374 837.7410 34.4409
7.384 837.6264 34.4405
7.394 837.6504 34.4408
7.404 837.8033 34.4423
7.414 837.7760 34.4458
7.424 837.6915 34.4442
7.434 837.6860 34.4432
7.444 837.7195 34.4428
7.454 837.6258 34.4429
7.464 837.6275 34.4410
7.474 837.7211 34.4409
7.484 837.7245 34.4444
7.494 837.6474 34.4447
7.504 837.6427 34.4442
7.514 837.5962 34.4444
7.524 837.7212 34.4455
7.534 837.6738 34.4425
7.544 837.6556 34.4406
7.554 837.7005 34.4442
7.564 837.6958 34.4436
7.574 837.6747 34.4439
7.584 837.5875 34.4455
7.594 837.7220 34.4450
7.604 837.6331 34.4475
7.614 837.6777 34.4500
7.624 837.6783 34.4475
7.634 837.6478 34.4440
7.644 837.7698 34.4463
7.654 837.6670 34.4482
7.664 837.7985 34.4471
7.674 837.7657 34.4460
7.684 837.7382 34.4450
7.694 837.7946 34.4470
7.704 837.7608 34.4463
7.714 837.7122 34.4455
7.724 837.7087 34.4464
7.734 837.7445 34.4454
7.744 837.7270 34.4466
7.754 837.7005 34.4478
7.764 837.7219 34.4477
7.774 837.7995 34.4458
7.784 837.7594 34.4456
7.794 837.6997 34.4474
7.804 837.7805 34.4471
7.814 837.7231 34.4464
7.824 837.7592 34.4455
7.834 837.7121 34.4436
7.844 837.7695 34.4452
7.854 837.7648 34.4483
7.864 837.7312 34.4478
7.874 837.7142 34.4483
7.884 837.6962 34.4483
7.894 837.6726 34.4474
7.904 837.7167 34.4468
7.914 837.7427 34.4463
7.924 837.7303 34.4491
7.934 837.7060 34.4487
7.944 837.7595 34.4493
7.954 837.7284 34.4509
7.964 837.7831 34.4475
7.974 837.7673 34.4505
7.984 837.8016 34.4541
7.994 837.7709 34.4532
8.004 837.7345 34.4531
8.014 837.7286 34.4537
8.024 837.7323 34.4520
8.034 837.7764 34.4478
8.044 837.7494 34.4487
8.054 837.7806 34.4517
8.064 837.7752 34.4526
8.074 837.7272 34.4521
8.084 837.7636 34.4522
8.094 837.7455 34.4522
8.104 837.7595 34.4502
8.114 837.6610 34.4516
8.124 837.7220 34.4522
8.134 837.7739 34.4520
8.144 837.7328 34.4522
8.154 837.7809 34.4501
8.164 837.7489 34.4531
8.174 837.7175 34.4545
8.184 837.7676 34.4543
8.194 837.7402 34.4541
8.204 837.8296 34.4518
8.214 837.8046 34.4529
8.224 837.7828 34.4547
8.234 837.7981 34.4551
8.244 837.7952 34.4545
8.254 837.7675 34.4533
8.264 837.7840 34.4535
8.274 837.8402 34.4517
8.284 837.8025 34.4518
8.294 837.8166 34.4544
8.304 837.8083 34.4539
8.314 837.7715 34.4553
8.324 837.8466 34.4549
8.334 837.7943 34.4532
8.344 837.8521 34.4559
8.354 837.7538 34.4564
8.364 837.7591 34.4545
8.374 837.8175 34.4521
8.384 837.8123 34.4522
8.394 837.8279 34.4564
8.404 837.8490 34.4589
8.414 837.8377 34.4559
8.424 837.8181 34.4533
8.434 837.8460 34.4564
8.444 837.8535 34.4539
8.454 837.8103 34.4521
8.464 837.8346 34.4562
8.474 837.7804 34.4562
8.484 837.8292 34.4562
8.494 837.8106 34.4568
8.504 837.7893 34.4552
8.514 837.8349 34.4536
8.524 837.8178 34.4559
8.534 837.8357 34.4576
8.544 837.8778 34.4579
8.554 837.8447 34.4567
8.564 837.8910 34.4582
8.574 837.8562 34.4625
8.584 837.7872 34.4605
8.594 837.8468 34.4578
8.604 837.8935 34.4576
8.614 837.8721 34.4568
8.624 837.8895 34.4593
8.634 837.8860 34.4602
8.644 837.8501 34.4567
8.654 837.8298 34.4574
8.664 837.8750 34.4610
8.674 837.8750 34.4610
8.684 837.8749 34.4601
8.694 837.8656 34.4599
8.704 837.9061 34.4603
8.714 837.8199 34.4597
8.724 837.8342 34.4578
8.734 837.8962 34.4590
8.744 837.8868 34.4606
8.754 837.8317 34.4620
8.764 837.8039 34.4598
8.774 837.8393 34.4576
8.784 837.8482 34.4594
8.794 837.8416 34.4606
8.804 837.8514 34.4601
8.814 837.9290 34.4591
8.824 837.9146 34.4601
8.834 837.8922 34.4606
8.844 837.9460 34.4622
8.854 837.9479 34.4632
8.864 837.8716 34.4611
8.874 837.9056 34.4601
8.884 837.9514 34.4586
8.894 837.8877 34.4593
8.904 837.9272 34.4591
8.914 837.9494 34.4594
8.924 837.8952 34.4594
8.934 837.8960 34.4598
8.944 837.9507 34.4628
8.954 837.9159 34.4634
8.964 837.9173 34.4614
8.974 837.9243 34.4622
8.984 837.9932 34.4651
8.994 837.9598 34.4637
9.004 837.9852 34.4620
9.014 837.9814 34.4618
9.024 837.9861 34.4633
9.034 837.9484 34.4634
9.044 837.9674 34.4621
9.054 838.0026 34.4634
9.064 838.0483 34.4637
9.074 837.9917 34.4616
9.084 837.9761 34.4637
9.094 838.0524 34.4630
9.104 837.9838 34.4594
9.114 838.0245 34.4626
9.124 838.0841 34.4653
9.134 838.0836 34.4651
9.144 838.0743 34.4649
9.154 838.0669 34.4630
9.164 838.0885 34.4621
9.174 838.0362 34.4630
9.184 838.1147 34.4644
9.194 838.0954 34.4647
9.204 838.0773 34.4637
9.214 838.0970 34.4618
9.224 838.0558 34.4629
9.234 838.0514 34.4661
9.244 838.0492 34.4641
9.254 838.1155 34.4638
9.264 838.0828 34.4656
9.274 838.0931 34.4644
9.284 838.1437 34.4653
9.294 838.1756 34.4668
9.304 838.1457 34.4672
9.314 838.2024 34.4667
9.324 838.1414 34.4660
9.334 838.1434 34.4652
9.344 838.1680 34.4657
9.354 838.1499 34.4648
9.364 838.1549 34.4637
9.374 838.2214 34.4653
9.384 838.2090 34.4655
9.394 838.1967 34.4665
9.404 838.2126 34.4655
9.414 838.1845 34.4649
9.424 838.2790 34.4661
9.434 838.2530 34.4667
9.444 838.2473 34.4692
9.454 838.2659 34.4695
9.464 838.2834 34.4665
9.474 838.2632 34.4645
9.484 838.2987 34.4669
9.494 838.2852 34.4692
9.504 838.2944 34.4675
9.514 838.3439 34.4669
9.524 838.3205 34.4679
9.534 838.2843 34.4679
9.544 838.3576 34.4675
9.554 838.3281 34.4663
9.564 838.2968 34.4651
9.574 838.3005 34.4669
9.584 838.3604 34.4698
9.594 838.3875 34.4707
9.604 838.3694 34.4698
9.614 838.3407 34.4663
9.624 838.4071 34.4669
9.634 838.3685 34.4684
9.644 838.3626 34.4682
9.654 838.3854 34.4696
9.664 838.3913 34.4690
9.674 838.4300 34.4694
9.684 838.4146 34.4698
9.694 838.3784 34.4661
9.704 838.3954 34.4656
9.714 838.4056 34.4671
9.724 838.4710 34.4691
9.734 838.4793 34.4687
9.744 838.4627 34.4649
9.754 838.4736 34.4659
9.764 838.4722 34.4679
9.774 838.4648 34.4687
9.784 838.5031 34.4698
9.794 838.5224 34.4695
9.804 838.5098 34.4659
9.814 838.4919 34.4651
9.824 838.4919 34.4687
9.834 838.5127 34.4700
9.844 838.4863 34.4695
9.854 838.5189 34.4705
9.864 838.5323 34.4709
9.874 838.5210 34.4706
9.884 838.5734 34.4706
9.894 838.5598 34.4692
9.904 838.4985 34.4711
9.914 838.5673 34.4721
9.924 838.5912 34.4714
9.934 838.5439 34.4703
9.944 838.6078 34.4715
9.954 838.5918 34.4717
9.964 838.5746 34.4694
9.974 838.5737 34.4717
9.984 838.5660 34.4723
9.994 838.5985 34.4714
10.004 838.5869 34.4719
10.014 838.5965 34.4722
10.024 838.6129 34.4714
10.034 838.5967 34.4714
10.044 838.6518 34.4700
10.054 838.6694 34.4707
10.064 838.6323 34.4721
10.074 838.6910 34.4725
10.084 838.6452 34.4722
10.094 838.7085 34.4722
10.104 838.7068 34.4705
10.114 838.7230 34.4695
10.124 838.7367 34.4727
10.134 838.7223 34.4710
10.144 838.7302 34.4722
10.154 838.6918 34.4738
10.164 838.7631 34.4715
10.174 838.7838 34.4710
10.184 838.7813 34.4698
10.194 838.7459 34.4692
10.204 838.7810 34.4723
10.214 838.8125 34.4718
10.224 838.8479 34.4696
10.234 838.8427 34.4725
10.244 838.8995 34.4719
10.254 838.8154 34.4723
10.264 838.8965 34.4741
10.274 838.8667 34.4718
10.284 838.8724 34.4719
10.294 838.8471 34.4729
10.304 838.8991 34.4736
10.314 838.9360 34.4740
10.324 838.9294 34.4752
10.334 838.9721 34.4767
10.344 838.9458 34.4734
10.354 838.9706 34.4705
10.364 839.0017 34.4725
10.374 839.0853 34.4754
10.384 839.0668 34.4761
10.394 839.0968 34.4767
10.404 839.0721 34.4779
10.414 839.1099 34.4760
10.424 839.1247 34.4744
10.434 839.1470 34.4746
10.444 839.1132 34.4749
10.454 839.1010 34.4742
10.464 839.0502 34.4750
10.474 839.1231 34.4736
10.484 839.1524 34.4746
10.494 839.1335 34.4779
10.504 839.1755 34.4772
10.514 839.1864 34.4745
10.524 839.2141 34.4748
10.534 846.4108 34.5181
10.544 835.1101 34.5163
10.554 840.2978 34.4764
10.564 840.0406 34.4752
10.574 840.1685 34.4741
10.584 840.0223 34.4760
10.594 839.9641 34.4776
10.604 839.9667 34.4780
10.614 839.9623 34.4776
10.624 839.9548 34.4765
10.634 839.9599 34.4764
10.644 839.9460 34.4767
10.654 839.9706 34.4781
10.664 839.9892 34.4775
10.674 839.9304 34.4752
10.684 839.9813 34.4763
10.694 839.9647 34.4788
10.704 839.9754 34.4796
10.714 839.9479 34.4776
10.724 839.9760 34.4772
10.734 839.9718 34.4796
10.744 839.9575 34.4825
10.754 839.9533 34.4812
10.764 839.9439 34.4802
10.774 839.9338 34.4787
10.784 839.9477 34.4784
10.794 839.9752 34.4804
10.804 839.9838 34.4821
10.814 839.9326 34.4808
10.824 839.9408 34.4795
10.834 839.9354 34.4795
10.844 839.9452 34.4799
10.854 839.9356 34.4823
10.864 839.9543 34.4835
10.874 839.9644 34.4814
10.884 839.9392 34.4787
10.894 839.9474 34.4819
10.904 839.9301 34.4841
10.914 839.9096 34.4838
10.924 839.9380 34.4835
10.934 839.9243 34.4830
10.944 839.9492 34.4846
10.954 839.9465 34.4869
10.964 839.9475 34.4865
10.974 839.9568 34.4857
10.984 839.9594 34.4861
10.994 839.9220 34.4837
11.004 839.9395 34.4825
11.014 839.9660 34.4849
11.024 839.9718 34.4869
11.034 839.9450 34.4870
11.044 839.9322 34.4879
11.054 839.9501 34.4860
11.064 839.9352 34.4839
11.074 839.9653 34.4854
11.084 839.9587 34.4876
11.094 839.9704 34.4853
11.104 839.9912 34.4839
11.114 839.9912 34.4866
11.124 839.9974 34.4897
11.134 839.9991 34.4888
11.144 839.9710 34.4829
11.154 839.9758 34.4817
11.164 839.9962 34.4846
11.174 839.9867 34.4853
11.184 839.9933 34.4841
11.194 840.0014 34.4854
11.204 839.9983 34.4857
11.214 840.0009 34.4861
11.224 840.0409 34.4853
11.234 840.0805 34.4834
11.244 840.1114 34.4853
11.254 840.0912 34.4879
11.264 840.0161 34.4883
11.274 840.0412 34.4864
11.284 840.0319 34.4853
11.294 840.0143 34.4856
11.304 840.0169 34.4860
11.314 840.0444 34.4834
11.324 840.0086 34.4854
11.334 840.0202 34.4876
11.344 839.9954 34.4842
11.354 840.0758 34.4856
11.364 840.0278 34.4860
11.374 840.0169 34.4860
11.384 840.0372 34.4870
11.394 840.0205 34.4887
11.404 839.9902 34.4907
11.414 840.0346 34.4876
11.424 840.0078 34.4877
11.434 840.0330 34.4904
11.444 840.0586 34.4906
11.454 840.0078 34.4914
11.464 840.0515 34.4888
11.474 839.9854 34.4883
11.484 840.0330 34.4895
11.494 840.0540 34.4910
11.504 840.0206 34.4896
11.514 840.0374 34.4872
11.524 840.0270 34.4892
11.534 840.0464 34.4899
11.544 840.0555 34.4908
11.554 840.0503 34.4927
11.564 840.0262 34.4915
11.574 840.0680 34.4889
11.584 840.0241 34.4877
11.594 840.0354 34.4880
11.604 840.0176 34.4908
11.614 840.0656 34.4904
11.624 840.0590 34.4889
11.634 840.0483 34.4908
11.644 840.0918 34.4891
11.654 840.0439 34.4877
11.664 840.0407 34.4897
11.674 840.0329 34.4912
11.684 840.0298 34.4915
11.694 840.0172 34.4888
11.704 840.0637 34.4868
11.714 840.0298 34.4888
11.724 840.0180 34.4892
11.734 840.0382 34.4876
11.744 840.0188 34.4896
11.754 840.0547 34.4931
11.764 840.0495 34.4923
11.774 840.0586 34.4906
11.784 839.9912 34.4903
11.794 840.0350 34.4896
11.804 840.0314 34.4896
11.814 840.0280 34.4888
11.824 840.0458 34.4914
11.834 840.0544 34.4930
11.844 840.0474 34.4895
11.854 840.0392 34.4899
11.864 840.0527 34.4939
11.874 840.0761 34.4930
11.884 840.0754 34.4908
11.894 840.0737 34.4918
11.904 840.0597 34.4911
11.914 840.0202 34.4939
11.924 840.0501 34.4945
11.934 840.0669 34.4938
11.944 840.0566 34.4950
11.954 840.0380 34.4947
11.964 840.0390 34.4943
11.974 840.0613 34.4919
11.984 840.0268 34.4900
11.994 840.0882 34.4927
12.004 840.0212 34.4945
12.014 840.0576 34.4946
12.024 840.0471 34.4947
12.034 840.0502 34.4918
12.044 840.0222 34.4931
12.054 840.0791 34.4954
12.064 840.0649 34.4946
12.074 840.0390 34.4943
12.084 840.0711 34.4950
12.094 840.0666 34.4937
12.104 840.0600 34.4922
12.114 840.0653 34.4939
12.124 840.0501 34.4935
12.134 840.0299 34.4934
12.144 840.0557 34.4927
12.154 840.0019 34.4911
12.164 840.0331 34.4914
12.174 840.0438 34.4931
12.184 840.0498 34.4934
12.194 840.0289 34.4901
12.204 840.0458 34.4923
12.214 840.0461 34.4951
12.224 840.0583 34.4931
12.234 840.0455 34.4912
12.244 840.0541 34.4919
12.254 840.0465 34.4935
12.264 840.0294 34.4931
12.274 840.0711 34.4923
12.284 840.0600 34.4949
12.294 840.0137 34.4943
12.304 840.0490 34.4930
12.314 840.0296 34.4959
12.324 840.0816 34.4939
12.334 840.0447 34.4908
12.344 840.0507 34.4920
12.354 840.0109 34.4938
12.364 840.0438 34.4931
12.374 840.0432 34.4919
12.384 840.0611 34.4964
12.394 840.0739 34.4982
12.404 840.0666 34.4964
12.414 840.0219 34.4966
12.424 840.0428 34.4962
12.434 840.0546 34.4949
12.444 840.0349 34.4941
12.454 840.0540 34.4937
12.464 840.0559 34.4955
12.474 840.0496 34.4969
12.484 840.0563 34.4939
12.494 840.0315 34.4942
12.504 840.0734 34.4943
12.514 840.0304 34.4927
12.524 840.0429 34.4945
12.534 840.0333 34.4942
12.544 840.0327 34.4957
12.554 840.0446 34.4989
12.564 840.0227 34.4961
12.574 840.0464 34.4962
12.584 840.0569 34.4988
12.594 840.0310 34.4976
12.604 840.0576 34.4973
12.614 840.0356 34.4972
12.624 840.0758 34.4955
12.634 840.0658 34.4969
12.644 840.0444 34.4997
12.654 840.0483 34.4999
12.664 840.0248 34.4972
12.674 840.0368 34.4959
12.684 840.0771 34.4962
12.694 840.0752 34.4980
12.704 840.0410 34.4999
12.714 840.0606 34.4988
12.724 840.0361 34.5001
12.734 840.0389 34.4988
12.744 840.0535 34.4980
12.754 840.0509 34.5003
12.764 840.0281 34.4997
12.774 840.0479 34.4988
12.784 840.0668 34.4965
12.794 840.0767 34.4978
12.804 840.0500 34.4989
12.814 840.0535 34.4980
12.824 840.0424 34.4978
12.834 840.0468 34.4982
12.844 840.0563 34.5003
12.854 840.0493 34.4995
12.864 840.0163 34.4974
12.874 840.0641 34.4978
12.884 840.0161 34.4982
12.894 840.0295 34.4977
12.904 840.0534 34.4997
12.914 840.0670 34.5020
12.924 840.0474 34.5022
12.934 840.0480 34.4997
12.944 840.0667 34.4982
12.954 840.0684 34.5000
12.964 840.0317 34.4997
12.974 840.0587 34.4978
12.984 840.0285 34.4981
12.994 840.0209 34.4970
13.004 839.9997 34.4964
13.014 840.0612 34.4973
13.024 840.0250 34.4964
13.034 840.0408 34.4934
13.044 840.0396 34.4955
13.054 840.0341 34.5000
13.064 840.0337 34.4989
13.074 840.0465 34.4972
13.084 840.0510 34.4985
13.094 840.0376 34.4991
13.104 840.0608 34.4980
13.114 840.0487 34.4992
13.124 840.0809 34.4981
13.134 840.0518 34.4989
13.144 840.0611 34.5017
13.154 840.0444 34.5007
13.164 840.0489 34.5011
13.174 840.0677 34.5005
13.184 840.0474 34.4985
13.194 840.0603 34.4986
13.204 839.9956 34.4997
13.214 840.0786 34.5015
13.224 840.0647 34.5017
13.234 840.0479 34.5024
13.244 840.0533 34.5015
13.254 840.0433 34.5028
13.264 840.0521 34.5054
13.274 840.0708 34.5039
13.284 840.0545 34.5039
13.294 840.0542 34.5038
13.304 840.0561 34.5047
13.314 840.0822 34.5042
13.324 840.0218 34.5020
13.334 840.0487 34.5019
13.344 840.0522 34.5036
13.354 840.0844 34.5035
13.364 840.0477 34.4996
13.374 840.0556 34.5008
13.384 840.0552 34.5034
13.394 840.0538 34.5008
13.404 840.0334 34.5015
13.414 840.0423 34.5032
13.424 840.0240 34.5031
13.434 840.0531 34.5059
13.444 840.0583 34.5031
13.454 840.0364 34.5003
13.464 840.0485 34.5027
13.474 840.0420 34.5022
13.484 840.0404 34.5013
13.494 840.0739 34.5009
13.504 840.0183 34.5003
13.514 840.0481 34.5007
13.524 840.0692 34.5031
13.534 840.0823 34.5061
13.544 840.0233 34.5046
13.554 840.0613 34.5019
13.564 840.0632 34.5055
13.574 840.0417 34.5047
13.584 840.0489 34.5020
13.594 840.0444 34.5061
13.604 840.0570 34.5088
13.614 840.0432 34.5082
13.624 840.0588 34.5061
13.634 840.0519 34.5062
13.644 840.0425 34.5051
13.654 840.0093 34.5039
13.664 840.0205 34.5040
13.674 840.0389 34.5024
13.684 840.0468 34.5036
13.694 840.0408 34.5061
13.704 840.0526 34.5084
13.714 840.0598 34.5057
13.724 840.0322 34.5054
13.734 840.0462 34.5097
13.744 840.0553 34.5107
13.754 840.0710 34.5104
13.764 840.0359 34.5073
13.774 840.0684 34.5063
13.784 840.0645 34.5089
13.794 840.0430 34.5081
13.804 840.0756 34.5063
13.814 840.0480 34.5061
13.824 840.0627 34.5062
13.834 840.0168 34.5067
13.844 840.0221 34.5058
13.854 840.0391 34.5043
13.864 840.0314 34.5050
13.874 840.0476 34.5050
13.884 840.0391 34.5080
13.894 840.0352 34.5105
13.904 840.0355 34.5053
13.914 840.0390 34.5034
13.924 840.0298 34.5078
13.934 840.0386 34.5077
13.944 840.0280 34.5051
13.954 840.0519 34.5071
13.964 840.0559 34.5082
13.974 840.0261 34.5069
13.984 840.0647 34.5054
13.994 840.0576 34.5073
14.004 840.0497 34.5078
14.014 840.0431 34.5063
14.024 840.0441 34.5086
14.034 840.0647 34.5090
14.044 840.0279 34.5069
14.054 840.0388 34.5078
14.064 840.0484 34.5081
14.074 840.0209 34.5061
14.084 840.0309 34.5057
14.094 840.0462 34.5070
14.104 840.0317 34.5088
14.114 840.0471 34.5084
14.124 840.0132 34.5067
14.134 840.0429 34.5071
14.144 840.0150 34.5104
14.154 840.0526 34.5120
14.164 840.0637 34.5085
14.174 840.0462 34.5097
14.184 840.0656 34.5104
14.194 840.0311 34.5085
14.204 840.0548 34.5104
14.214 840.0699 34.5089
14.224 840.0380 34.5074
14.234 840.0367 34.5104
14.244 840.0217 34.5128
14.254 840.0662 34.5116
14.264 840.0421 34.5104
14.274 840.0091 34.5111
14.284 840.0344 34.5111
14.294 840.0546 34.5085
14.304 840.0544 34.5084
14.314 840.0356 34.5089
14.324 840.0025 34.5086
14.334 840.0284 34.5098
14.344 840.0643 34.5097
14.354 840.0224 34.5096
14.364 840.0461 34.5088
14.374 840.0244 34.5088
14.384 840.0717 34.5116
14.394 840.0685 34.5136
14.404 840.0377 34.5136
14.414 840.0537 34.5135
14.424 840.0357 34.5108
14.434 840.0303 34.5081
14.444 840.0362 34.5101
14.454 840.0502 34.5117
14.464 840.0201 34.5120
14.474 840.0598 34.5120
14.484 840.0238 34.5102
14.494 840.0617 34.5093
14.504 840.0557 34.5117
14.514 840.0678 34.5115
14.524 840.0516 34.5124
14.534 840.0814 34.5138
14.544 840.0582 34.5112
14.554 840.0452 34.5101
14.564 840.0214 34.5100
14.574 840.0940 34.5101
14.584 840.0655 34.5121
14.594 840.0467 34.5154
14.604 840.0636 34.5139
14.614 840.0533 34.5115
14.624 840.0322 34.5127
14.634 840.0299 34.5151
14.644 840.0560 34.5155
14.654 840.0579 34.5138
14.664 840.0422 34.5140
14.674 840.0393 34.5171
14.684 840.0710 34.5167
14.694 840.0198 34.5119
14.704 840.0484 34.5117
14.714 840.0426 34.5133
14.724 840.0084 34.5116
14.734 840.0330 34.5121
14.744 840.0414 34.5146
14.754 840.0459 34.5150
14.764 840.0689 34.5156
14.774 840.0635 34.5156
14.784 840.0831 34.5155
14.794 840.0635 34.5166
14.804 840.0601 34.5185
14.814 840.0433 34.5155
14.824 840.0481 34.5143
14.834 840.0414 34.5173
14.844 840.0366 34.5158
14.854 840.0561 34.5138
14.864 840.0783 34.5113
14.874 840.0556 34.5144
14.884 840.0302 34.5162
14.894 840.0549 34.5150
14.904 840.0753 34.5152
14.914 840.0676 34.5159
14.924 840.0945 34.5167
14.934 840.0790 34.5162
14.944 840.0440 34.5177
14.954 840.0728 34.5167
14.964 840.0347 34.5148
14.974 840.0765 34.5140
14.984 840.0550 34.5159
14.994 840.0787 34.5187
15.004 840.0550 34.5169
15.014 840.0440 34.5140
15.024 840.0131 34.5148
15.034 840.0092 34.5156
15.044 840.0252 34.5155
15.054 840.0436 34.5156
15.064 840.0394 34.5144
15.074 840.0494 34.5140
15.084 840.0644 34.5143
15.094 840.0333 34.5132
15.104 840.0389 34.5151
15.114 840.0344 34.5174
15.124 840.0836 34.5185
15.134 840.0343 34.5192
15.144 840.0312 34.5185
15.154 840.0277 34.5177
15.164 840.0526 34.5156
15.174 840.0550 34.5169
15.184 840.0744 34.5202
15.194 840.0769 34.5197
15.204 840.0535 34.5170
15.214 840.0302 34.5198
15.224 840.0607 34.5197
15.234 840.0625 34.5170
15.244 840.0542 34.5165
15.254 840.0645 34.5152
15.264 840.0617 34.5193
15.274 840.0369 34.5196
15.284 840.0207 34.5169
15.294 840.0510 34.5175
15.304 840.0437 34.5175
15.314 840.0613 34.5173
15.324 840.0534 34.5187
15.334 840.0435 34.5174
15.344 840.0620 34.5167
15.354 840.0529 34.5194
15.364 840.0508 34.5193
15.374 840.0395 34.5190
15.384 840.0544 34.5183
15.394 840.0536 34.5179
15.404 840.0753 34.5189
15.414 840.0497 34.5214
15.424 840.0672 34.5202
15.434 840.0550 34.5169
15.444 840.0658 34.5186
15.454 840.0618 34.5202
15.464 840.0519 34.5198
15.474 840.0437 34.5202
15.484 840.0389 34.5214
15.494 840.0418 34.5220
15.504 840.0473 34.5202
15.514 840.0854 34.5194
15.524 840.0535 34.5197
15.534 840.0771 34.5216
15.544 840.0411 34.5198
15.554 840.0530 34.5167
15.564 840.0099 34.5178
15.574 840.0530 34.5204
15.584 840.0438 34.5221
15.594 840.0456 34.5221
15.604 840.0367 34.5194
15.614 840.0107 34.5182
15.624 840.0552 34.5224
15.634 840.0524 34.5228
15.644 840.0487 34.5218
15.654 840.0519 34.5225
15.664 840.0185 34.5221
15.674 840.0428 34.5225
15.684 840.0534 34.5224
15.694 840.0461 34.5214
15.704 840.0267 34.5208
15.714 840.0389 34.5214
15.724 840.0683 34.5244
15.734 840.0641 34.5241
15.744 840.0702 34.5227
15.754 840.0407 34.5214
15.764 840.0425 34.5214
15.774 840.0451 34.5255
15.784 840.0469 34.5245
15.794 840.0232 34.5217
15.804 840.0129 34.5229
15.814 840.0399 34.5247
15.824 840.0375 34.5262
15.834 840.0554 34.5243
15.844 840.0232 34.5227
15.854 840.0654 34.5239
15.864 840.0473 34.5229
15.874 840.0361 34.5218
15.884 840.0508 34.5247
15.894 840.0820 34.5276
15.904 840.0676 34.5250
15.914 840.0383 34.5239
15.924 840.0508 34.5256
15.934 840.0453 34.5247
15.944 840.0211 34.5252
15.954 840.0736 34.5262
15.964 840.0478 34.5259
15.974 840.0425 34.5241
15.984 840.0578 34.5228
15.994 840.0502 34.5244
16.004 840.0470 34.5255
16.014 840.0426 34.5260
16.024 840.0376 34.5254
16.034 840.0283 34.5243
16.044 840.0112 34.5239
16.054 840.0445 34.5233
16.064 840.0481 34.5233
16.074 840.0495 34.5250
16.084 840.0709 34.5275
16.094 840.0068 34.5271
16.104 840.0433 34.5282
16.114 840.0229 34.5279
16.124 840.0821 34.5259
16.134 840.0496 34.5259
16.144 840.0575 34.5254
16.154 840.0051 34.5281
16.164 840.0754 34.5289
16.174 840.0693 34.5276
16.184 840.0582 34.5275
16.194 840.0488 34.5264
16.204 840.0359 34.5263
16.214 840.0261 34.5268
16.224 840.0786 34.5278
16.234 840.0549 34.5276
16.244 840.0645 34.5289
16.254 840.0551 34.5305
16.264 840.0474 34.5312
16.274 840.0519 34.5289
16.284 840.0409 34.5270
16.294 840.0514 34.5295
16.304 840.0467 34.5290
16.314 840.0426 34.5287
16.324 840.0548 34.5294
16.334 840.0716 34.5297
16.344 840.0762 34.5293
16.354 840.0269 34.5299
16.364 840.0604 34.5322
16.374 840.0503 34.5317
16.384 840.0216 34.5309
16.394 840.0562 34.5310
16.404 840.0735 34.5316
16.414 840.0392 34.5316
16.424 840.0511 34.5294
16.434 840.0221 34.5285
16.444 840.0666 34.5290
16.454 840.0368 34.5303
16.464 840.0332 34.5313
16.474 840.0507 34.5301
16.484 840.0363 34.5310
16.494 840.0532 34.5322
16.504 840.0367 34.5330
16.514 840.0858 34.5332
16.524 840.0694 34.5322
16.534 840.0086 34.5298
16.544 840.0466 34.5281
16.554 840.0659 34.5305
16.564 840.0524 34.5328
16.574 840.0287 34.5299
16.584 840.0499 34.5297
16.594 840.0402 34.5312
16.604 840.0397 34.5318
16.614 840.0589 34.5333
16.624 840.0515 34.5341
16.634 840.0697 34.5324
16.644 840.0326 34.5328
16.654 840.0422 34.5340
16.664 840.0489 34.5310
16.674 840.0180 34.5309
16.684 840.0158 34.5325
16.694 840.0388 34.5332
16.704 840.0556 34.5334
16.714 840.0327 34.5347
16.724 840.0585 34.5349
16.734 840.0527 34.5329
16.744 840.0897 34.5343
16.754 840.0335 34.5351
16.764 840.0673 34.5348
16.774 840.0596 34.5355
16.784 840.0296 34.5313
16.794 840.0313 34.5303
16.804 840.0411 34.5334
16.814 840.0531 34.5340
16.824 840.0383 34.5339
16.834 840.0414 34.5336
16.844 840.0199 34.5328
16.854 840.0344 34.5337
16.864 840.0786 34.5341
16.874 840.0505 34.5345
16.884 840.0554 34.5343
16.894 840.0607 34.5324
16.904 840.0666 34.5326
16.914 840.0403 34.5321
16.924 840.0262 34.5341
16.934 840.0276 34.5357
16.944 840.0674 34.5330
16.954 840.0544 34.5347
16.964 840.0480 34.5360
16.974 840.0802 34.5349
16.984 840.0535 34.5360
16.994 840.0461 34.5378
17.004 840.0639 34.5367
17.014 840.0292 34.5366
17.024 840.0445 34.5370
17.034 840.0308 34.5364
17.044 840.0459 34.5376
17.054 840.0580 34.5374
17.064 840.0277 34.5367
17.074 840.0560 34.5355
17.084 840.0379 34.5355
17.094 840.0410 34.5379
17.104 840.0216 34.5382
17.114 840.0327 34.5383
17.124 840.0584 34.5367
17.134 840.0767 34.5359
17.144 840.0295 34.5394
17.154 840.0299 34.5387
17.164 840.0168 34.5357
17.174 840.0219 34.5347
17.184 839.9961 34.5353
17.194 840.0429 34.5388
17.204 840.0800 34.5384
17.214 840.0284 34.5361
17.224 840.0602 34.5367
17.234 840.0487 34.5382
17.244 840.0384 34.5384
17.254 840.0280 34.5368
17.264 840.0274 34.5366
17.274 840.0477 34.5376
17.284 840.0280 34.5405
17.294 840.0414 34.5399
17.304 840.0535 34.5370
17.314 840.0565 34.5348
17.324 840.0426 34.5351
17.334 840.0341 34.5390
17.344 840.0382 34.5383
17.354 840.0414 34.5363
17.364 840.0224 34.5376
17.374 840.0600 34.5375
17.384 840.0692 34.5384
17.394 839.9961 34.5390
17.404 840.0333 34.5386
17.414 840.0720 34.5390
17.424 840.0282 34.5397
17.434 840.0537 34.5388
17.444 840.0363 34.5374
17.454 840.0419 34.5392
17.464 840.0484 34.5407
17.474 840.0970 34.5415
17.484 840.0251 34.5390
17.494 840.0076 34.5375
17.504 840.0878 34.5397
17.514 840.0390 34.5397
17.524 840.0390 34.5387
17.534 840.0625 34.5397
17.544 840.0376 34.5407
17.554 840.0545 34.5392
17.564 840.0159 34.5380
17.574 840.0201 34.5383
17.584 840.0433 34.5409
17.594 840.0462 34.5424
17.604 840.0638 34.5430
17.614 840.0525 34.5428
17.624 840.0351 34.5422
17.634 840.0202 34.5429
17.644 840.0791 34.5434
17.654 840.0264 34.5433
17.664 840.0225 34.5432
17.674 840.0335 34.5450
17.684 840.0215 34.5436
17.694 840.0740 34.5436
17.704 840.0494 34.5467
17.714 840.0493 34.5448
17.724 840.0664 34.5425
17.734 840.0265 34.5415
17.744 840.0409 34.5433
17.754 840.0680 34.5433
17.764 840.0314 34.5403
17.774 840.0495 34.5413
17.784 840.0320 34.5425
17.794 840.0646 34.5434
17.804 840.0450 34.5436
17.814 840.0776 34.5409
17.824 840.0270 34.5409
17.834 840.0555 34.5415
17.844 840.0177 34.5407
17.854 840.0444 34.5414
17.864 840.0545 34.5429
17.874 840.0357 34.5434
17.884 840.0341 34.5426
17.894 840.0433 34.5409
17.904 840.0512 34.5403
17.914 840.0415 34.5418
17.924 840.0357 34.5425
17.934 840.0076 34.5429
17.944 840.0532 34.5422
17.954 840.0429 34.5425
17.964 840.0369 34.5449
17.974 840.0334 34.5468
17.984 840.0588 34.5477
17.994 840.0658 34.5449
18.004 840.0755 34.5434
18.014 840.0628 34.5461
18.024 840.0305 34.5463
18.034 840.0342 34.5472
18.044 840.0645 34.5479
18.054 840.0491 34.5456
18.064 840.0567 34.5440
18.074 840.0704 34.5445
18.084 840.0338 34.5452
18.094 840.0462 34.5450
18.104 840.0176 34.5461
18.114 840.0726 34.5465
18.124 840.0604 34.5449
18.134 840.0583 34.5448
18.144 840.0493 34.5457
18.154 840.0654 34.5465
18.164 840.0335 34.5477
18.174 840.0299 34.5477
18.184 840.0809 34.5461
18.194 840.0241 34.5467
18.204 840.0492 34.5475
18.214 840.0474 34.5475
18.224 840.0193 34.5479
18.234 840.0651 34.5491
18.244 840.0694 34.5476
18.254 840.0712 34.5476
18.264 840.0202 34.5492
18.274 840.0575 34.5480
18.284 840.0648 34.5490
18.294 840.0713 34.5495
18.304 840.0294 34.5484
18.314 840.0659 34.5468
18.324 840.0506 34.5482
18.334 840.0578 34.5509
18.344 840.0878 34.5487
18.354 840.0263 34.5477
18.364 840.0735 34.5506
18.374 840.0629 34.5507
18.384 840.0723 34.5491
18.394 840.0348 34.5484
18.404 840.0516 34.5477
18.414 840.0627 34.5479
18.424 840.0644 34.5496
18.434 840.0657 34.5503
18.444 840.0592 34.5498
18.454 840.0734 34.5523
18.464 840.0896 34.5550
18.474 840.0594 34.5526
18.484 840.0727 34.5502
18.494 840.0216 34.5509
18.504 840.0568 34.5513
18.514 840.0552 34.5514
18.524 840.0741 34.5491
18.534 840.0429 34.5488
18.544 840.0914 34.5514
18.554 840.0268 34.5507
18.564 840.0430 34.5507
18.574 840.0736 34.5515
18.584 840.0795 34.5518
18.594 840.0679 34.5523
18.604 840.0742 34.5527
18.614 840.0616 34.5510
18.624 840.0576 34.5517
18.634 840.0577 34.5499
18.644 840.0532 34.5486
18.654 840.0523 34.5509
18.664 840.0758 34.5509
18.674 840.0849 34.5518
18.684 840.0293 34.5538
18.694 840.0784 34.5540
18.704 840.0547 34.5511
18.714 840.0644 34.5506
18.724 840.0250 34.5507
18.734 840.0308 34.5500
18.744 840.0677 34.5495
18.754 840.0518 34.5506
18.764 840.0313 34.5530
18.774 840.0791 34.5525
18.784 840.0766 34.5503
18.794 840.0572 34.5506
18.804 840.0695 34.5522
18.814 840.0752 34.5533
18.824 840.0921 34.5545
18.834 840.0510 34.5538
18.844 840.0570 34.5514
18.854 840.0201 34.5510
18.864 840.0700 34.5525
18.874 840.0491 34.5519
18.884 840.0537 34.5515
18.894 840.0317 34.5541
18.904 840.0514 34.5549
18.914 840.0542 34.5545
18.924 840.0767 34.5549
18.934 840.0720 34.5553
18.944 840.0773 34.5561
18.954 840.0670 34.5564
18.964 840.0293 34.5565
18.974 840.0511 34.5548
18.984 840.0654 34.5529
18.994 840.0533 34.5531
19.004 840.0612 34.5553
19.014 840.0557 34.5571
19.024 840.0260 34.5576
19.034 840.0787 34.5577
19.044 840.0625 34.5550
19.054 840.0617 34.5556
19.064 840.0652 34.5573
19.074 840.0329 34.5565
19.084 840.0705 34.5581
19.094 840.0593 34.5571
19.104 840.0517 34.5560
19.114 840.0805 34.5577
19.124 840.0854 34.5575
19.134 840.0316 34.5558
19.144 840.0579 34.5554
19.154 840.0503 34.5544
19.164 840.0171 34.5558
19.174 840.0163 34.5554
19.184 840.0514 34.5549
19.194 840.0884 34.5562
19.204 840.0672 34.5556
19.214 840.0626 34.5569
19.224 840.0746 34.5584
19.234 840.0494 34.5593
19.244 840.0275 34.5602
19.254 840.0711 34.5593
19.264 840.0662 34.5560
19.274 840.0504 34.5562
19.284 840.0501 34.5588
19.294 840.0393 34.5588
19.304 840.0571 34.5587
19.314 840.0264 34.5596
19.324 840.0725 34.5610
19.334 840.0595 34.5599
19.344 840.0416 34.5581
19.354 840.0835 34.5602
19.364 840.0299 34.5614
19.374 840.0525 34.5600
19.384 840.0873 34.5593
19.394 840.0417 34.5600
19.404 840.0691 34.5602
19.414 840.0938 34.5599
19.424 840.0692 34.5584
19.434 840.0702 34.5607
19.444 840.0294 34.5611
19.454 840.0382 34.5583
19.464 840.1021 34.5595
19.474 840.0343 34.5608
19.484 840.0826 34.5615
19.494 840.0588 34.5604
19.504 840.0194 34.5588
19.514 840.0598 34.5600
19.524 840.0445 34.5596
19.534 840.0514 34.5558
19.544 840.0556 34.5561
19.554 840.0363 34.5564
19.564 840.0179 34.5562
19.574 840.0383 34.5592
19.584 840.0337 34.5606
19.594 840.0429 34.5615
19.604 840.0483 34.5615
19.614 840.0742 34.5591
19.624 840.0712 34.5612
19.634 840.0872 34.5638
19.644 840.0578 34.5608
19.654 840.0894 34.5595
19.664 840.0481 34.5596
19.674 840.0473 34.5592
19.684 840.0810 34.5607
19.694 840.0535 34.5623
19.704 840.0460 34.5622
19.714 840.0537 34.5615
19.724 840.0580 34.5600
19.734 840.0693 34.5603
19.744 840.0533 34.5631
19.754 840.0509 34.5619
19.764 840.0727 34.5602
19.774 840.0552 34.5614
19.784 840.0109 34.5627
19.794 840.0532 34.5622
19.804 840.0521 34.5607
19.814 840.0474 34.5602
19.824 840.0556 34.5625
19.834 840.0516 34.5641
19.844 840.0431 34.5616
19.854 840.0653 34.5619
19.864 840.0569 34.5631
19.874 840.0686 34.5635
19.884 840.0712 34.5639
19.894 840.0695 34.5649
19.904 840.0608 34.5633
19.914 840.0951 34.5623
19.924 840.0442 34.5649
19.934 840.0650 34.5645
19.944 840.0537 34.5642
19.954 840.0675 34.5657
19.964 840.0622 34.5649
19.974 840.0348 34.5638
19.984 840.0532 34.5649
19.994 840.0504 34.5653
20.004 840.0416 34.5654
20.014 840.0951 34.5660
20.024 840.0671 34.5673
20.034 840.0794 34.5672
20.044 840.0705 34.5654
20.054 840.0683 34.5661
20.064 840.0856 34.5666
20.074 840.0629 34.5634
20.084 840.0533 34.5631
20.094 840.0796 34.5664
20.104 840.0489 34.5664
20.114 840.0386 34.5630
20.124 840.0492 34.5638
20.134 840.0339 34.5661
20.144 840.0770 34.5650
20.154 840.0361 34.5645
20.164 840.0521 34.5670
20.174 840.0442 34.5685
20.184 840.0515 34.5668
20.194 840.0770 34.5660
20.204 840.0235 34.5654
20.214 840.0293 34.5665
20.224 840.0149 34.5665
20.234 840.0615 34.5654
20.244 840.0291 34.5637
20.254 840.0562 34.5637
20.264 840.0620 34.5684
20.274 840.1016 34.5701
20.284 840.0714 34.5668
20.294 840.0596 34.5645
20.304 840.0715 34.5677
20.314 840.0741 34.5681
20.324 840.0844 34.5678
20.334 840.0983 34.5676
20.344 840.0756 34.5670
20.354 840.0702 34.5680
20.364 840.0036 34.5681
20.374 840.0783 34.5693
20.384 840.0157 34.5669
20.394 840.0472 34.5646
20.404 840.0561 34.5654
20.414 840.0559 34.5662
20.424 840.0911 34.5676
20.434 840.0426 34.5714
20.444 840.0676 34.5703
20.454 840.0462 34.5677
20.464 840.0497 34.5668
20.474 840.0452 34.5681
20.484 840.0729 34.5693
20.494 840.0395 34.5680
20.504 840.0644 34.5696
20.514 840.0452 34.5681
20.524 840.0702 34.5680
20.534 840.0562 34.5700
20.544 840.0429 34.5688
20.554 840.0372 34.5687
20.564 840.0534 34.5677
20.574 840.0831 34.5672
20.584 840.0588 34.5677
20.594 840.0563 34.5683
20.604 840.0802 34.5703
20.614 840.0590 34.5696
20.624 840.0592 34.5688
20.634 840.0502 34.5697
20.644 840.0648 34.5680
20.654 840.0483 34.5678
20.664 840.0348 34.5711
20.674 840.0559 34.5726
20.684 840.0599 34.5719
20.694 840.0787 34.5704
20.704 840.0691 34.5701
20.714 840.0584 34.5720
20.724 840.0969 34.5723
20.734 840.0706 34.5727
20.744 840.0782 34.5738
20.754 840.0445 34.5723
20.764 840.0694 34.5712
20.774 840.0543 34.5727
20.784 840.0565 34.5711
20.794 840.0633 34.5681
20.804 840.0590 34.5696
20.814 840.0405 34.5703
20.824 840.0462 34.5677
20.834 840.0608 34.5696
20.844 840.0453 34.5727
20.854 840.0723 34.5708
20.864 840.0592 34.5688
20.874 840.0310 34.5709
20.884 840.0146 34.5736
20.894 840.0508 34.5709
20.904 840.0511 34.5711
20.914 840.0271 34.5745
20.924 840.0570 34.5741
20.934 840.0386 34.5703
20.944 840.0488 34.5718
20.954 840.0622 34.5749
20.964 840.0664 34.5715
20.974 840.0627 34.5705
20.984 840.0629 34.5707
20.994 840.0394 34.5734
21.004 840.0716 34.5750
21.014 840.0617 34.5746
21.024 840.0564 34.5765
21.034 840.0299 34.5777
21.044 840.0558 34.5780
21.054 840.0571 34.5777
21.064 840.0457 34.5774
21.074 840.0420 34.5765
21.084 840.0433 34.5735
21.094 840.0221 34.5728
21.104 840.0595 34.5762
21.114 840.0655 34.5774
21.124 840.0214 34.5743
21.134 840.0536 34.5732
21.144 840.0050 34.5724
21.154 840.0555 34.5715
21.164 840.0533 34.5731
21.174 840.0767 34.5712
21.184 840.0589 34.5723
21.194 840.0253 34.5745
21.204 840.0264 34.5759
21.214 840.0338 34.5778
21.224 840.0214 34.5770
21.234 840.0506 34.5772
21.244 840.0390 34.5777
21.254 840.0674 34.5747
21.264 840.0153 34.5749
21.274 840.0612 34.5780
21.284 840.0838 34.5766
21.294 840.0592 34.5751
21.304 840.0548 34.5757
21.314 840.0386 34.5757
21.324 840.0667 34.5753
21.334 840.0509 34.5746
21.344 840.0553 34.5750
21.354 840.0537 34.5751
21.364 840.0259 34.5757
21.374 840.0688 34.5763
21.384 840.0564 34.5765
21.394 840.0264 34.5759
21.404 840.0440 34.5757
21.414 840.0487 34.5772
21.424 840.0463 34.5759
21.434 840.1094 34.5767
21.444 840.0263 34.5777
21.454 840.0434 34.5754
21.464 840.0327 34.5736
21.474 840.0546 34.5755
21.484 840.0634 34.5790
21.494 840.0858 34.5785
21.504 840.0898 34.5778
21.514 840.0745 34.5792
21.524 840.0654 34.5792
21.534 840.0481 34.5786
21.544 840.0683 34.5761
21.554 840.0430 34.5761
21.564 840.0708 34.5782
21.574 840.0280 34.5794
21.584 840.0872 34.5801
21.594 840.0299 34.5777
21.604 840.0244 34.5794
21.614 840.0361 34.5808
21.624 840.0719 34.5797
21.634 840.0682 34.5788
21.644 840.0111 34.5809
21.654 840.0798 34.5809
21.664 840.0569 34.5785
21.674 840.0619 34.5801
21.684 840.0572 34.5796
21.694 840.0562 34.5800
21.704 840.0429 34.5815
21.714 840.0782 34.5801
21.724 840.0590 34.5796
21.734 840.0394 34.5797
21.744 840.0468 34.5789
21.754 840.0510 34.5801
21.764 840.0629 34.5797
21.774 840.0462 34.5777
21.784 840.0204 34.5784
21.794 840.0777 34.5808
21.804 840.0452 34.5817
21.814 840.0406 34.5821
21.824 840.0501 34.5815
21.834 840.0472 34.5800
21.844 840.0103 34.5805
21.854 840.0790 34.5805
21.864 840.0592 34.5815
21.874 840.0542 34.5844
21.884 840.0453 34.5854
21.894 840.0841 34.5831
21.904 840.0512 34.5793
21.914 840.0432 34.5789
21.924 840.0584 34.5811
21.934 840.0682 34.5815
21.944 840.0257 34.5828
21.954 840.0692 34.5838
21.964 840.0310 34.5809
21.974 840.0981 34.5811
21.984 840.0515 34.5821
21.994 840.0490 34.5800
22.004 840.0344 34.5817
22.014 840.0354 34.5850
22.024 840.0339 34.5824
22.034 840.0814 34.5817
22.044 840.0452 34.5844
22.054 840.0683 34.5861
22.064 840.0782 34.5874
22.074 840.0793 34.5852
22.084 840.0785 34.5839
22.094 840.0792 34.5834
22.104 840.0469 34.5835
22.114 840.0983 34.5866
22.124 840.0517 34.5850
22.134 840.0854 34.5838
22.144 840.0268 34.5870
22.154 840.0464 34.5869
22.164 840.0559 34.5862
22.174 840.0739 34.5889
22.184 840.0739 34.5879
22.194 840.0858 34.5858
22.204 840.0100 34.5867
22.214 840.0538 34.5861
22.224 840.0407 34.5858
22.234 840.0513 34.5866
22.244 840.0696 34.5858
22.254 840.0588 34.5840
22.264 840.0308 34.5854
22.274 840.0746 34.5874
22.284 840.0726 34.5855
22.294 840.0742 34.5854
22.304 840.0404 34.5857
22.314 840.0241 34.5857
22.324 840.0563 34.5882
22.334 840.0887 34.5890
22.344 840.0129 34.5873
22.354 840.0531 34.5866
22.364 840.0417 34.5854
22.374 840.0430 34.5834
22.384 840.0323 34.5843
22.394 840.0097 34.5866
22.404 840.0358 34.5870
22.414 840.0377 34.5843
22.424 840.0671 34.5836
22.434 840.0395 34.5843
22.444 840.0202 34.5855
22.454 840.0599 34.5873
22.464 840.0688 34.5890
22.474 840.0618 34.5919
22.484 840.0674 34.5910
22.494 840.0521 34.5906
22.504 840.0469 34.5898
22.514 840.0729 34.5893
22.524 840.0660 34.5894
22.534 840.0315 34.5875
22.544 840.0335 34.5867
22.554 840.0352 34.5858
22.564 840.0204 34.5874
22.574 840.0784 34.5893
22.584 840.0296 34.5893
22.594 840.0694 34.5902
22.604 840.0459 34.5902
22.614 840.0458 34.5893
22.624 840.0619 34.5901
22.634 840.0472 34.5900
22.644 840.0498 34.5877
22.654 840.0455 34.5855
22.664 840.0601 34.5874
22.674 840.0353 34.5894
22.684 840.0486 34.5889
22.694 840.0456 34.5892
22.704 840.0812 34.5889
22.714 840.0605 34.5885
22.724 840.0484 34.5888
22.734 840.0365 34.5919
22.744 840.0840 34.5921
22.754 840.0541 34.5898
22.764 840.0639 34.5893
22.774 840.0257 34.5892
22.784 840.0319 34.5896
22.794 840.0148 34.5892
22.804 840.0499 34.5886
22.814 840.0426 34.5877
22.824 840.0605 34.5885
22.834 840.0387 34.5902
22.844 840.0727 34.5892
22.854 840.0378 34.5889
22.864 840.0740 34.5898
22.874 840.0303 34.5888
22.884 840.0638 34.5884
22.894 840.0663 34.5905
22.904 840.0690 34.5919
22.914 840.0203 34.5901
22.924 840.0784 34.5902
22.934 840.0992 34.5916
22.944 840.0851 34.5900
22.954 840.0583 34.5901
22.964 840.0505 34.5925
22.974 840.0768 34.5921
22.984 840.0481 34.5913
22.994 840.0488 34.5908
23.004 840.0352 34.5921
23.014 840.0331 34.5947
23.024 840.0537 34.5942
23.034 840.0253 34.5908
23.044 840.0456 34.5901
23.054 840.0625 34.5913
23.064 840.0155 34.5913
23.074 840.0546 34.5928
23.084 840.0549 34.5929
23.094 840.0812 34.5925
23.104 840.0589 34.5950
23.114 840.0962 34.5964
23.124 840.0259 34.5947
23.134 840.0496 34.5948
23.144 840.0527 34.5946
23.154 840.0655 34.5928
23.164 840.0048 34.5923
23.174 840.0289 34.5908
23.184 840.0336 34.5913
23.194 840.0431 34.5933
23.204 840.0471 34.5917
23.214 840.0468 34.5916
23.224 840.0795 34.5935
23.234 840.0509 34.5946
23.244 840.0296 34.5956
23.254 840.0370 34.5948
23.264 840.0219 34.5936
23.274 840.0729 34.5947
23.284 840.0587 34.5958
23.294 840.0702 34.5943
23.304 840.0658 34.5939
23.314 840.0301 34.5923
23.324 840.0373 34.5923
23.334 840.0291 34.5963
23.344 840.0454 34.5963
23.354 840.0582 34.5955
23.364 840.0361 34.5962
23.374 840.0701 34.5960
23.384 840.0602 34.5983
23.394 840.0863 34.5987
23.404 840.0450 34.5952
23.414 840.0466 34.5951
23.424 840.0494 34.5956
23.434 840.0557 34.5933
23.444 840.0201 34.5936
23.454 840.0768 34.5958
23.464 840.0676 34.5966
23.474 840.0824 34.5977
23.484 840.0271 34.5971
23.494 840.0519 34.5978
23.504 840.0868 34.6008
23.514 840.0692 34.6001
23.524 840.0632 34.5971
23.534 840.0491 34.5946
23.544 840.0433 34.5935
23.554 840.0534 34.5940
23.564 840.0850 34.5981
23.574 840.0361 34.5998
23.584 840.0471 34.5990
23.594 840.0757 34.5979
23.604 840.0126 34.5971
23.614 840.1017 34.6001
23.624 840.0247 34.5995
23.634 840.0447 34.5978
23.644 840.0717 34.5968
23.654 840.0210 34.5950
23.664 840.0588 34.5967
23.674 840.0777 34.5971
23.684 840.0305 34.5979
23.694 840.0275 34.6018
23.704 840.0602 34.6010
23.714 840.0599 34.6000
23.724 840.0565 34.6001
23.734 840.0423 34.6002
23.744 840.0658 34.6002
23.754 840.0580 34.5963
23.764 840.0148 34.5982
23.774 840.0853 34.6018
23.784 840.0677 34.6012
23.794 840.0474 34.6028
23.804 840.0541 34.6025
23.814 840.0369 34.6002
23.824 840.0451 34.5998
23.834 840.0269 34.6006
23.844 840.0475 34.6001
23.854 840.0597 34.6017
23.864 840.0299 34.6004
23.874 840.0491 34.5982
23.884 840.0480 34.6004
23.894 840.0595 34.6016
23.904 840.0955 34.6006
23.914 840.0347 34.6018
23.924 840.0624 34.6031
23.934 840.0557 34.6033
23.944 840.0658 34.6039
23.954 840.0593 34.6033
23.964 840.1407 34.6033
23.974 840.0485 34.6006
23.984 840.0667 34.5989
23.994 840.0488 34.6008
24.004 840.0715 34.6031
24.014 840.0514 34.6039
24.024 840.0886 34.6044
24.034 840.0393 34.6041
24.044 840.0409 34.6013
24.054 840.0166 34.6009
24.064 840.0652 34.6026
24.074 840.0628 34.6014
24.084 840.0410 34.6032
24.094 840.0744 34.6045
24.104 840.0589 34.6040
24.114 840.0470 34.6044
24.124 840.0859 34.6031
24.134 840.0333 34.6039
24.144 840.0607 34.6013
24.154 840.0408 34.6004
24.164 840.0456 34.6028
24.174 840.0384 34.6001
24.184 840.0341 34.6006
24.194 840.0528 34.6028
24.204 840.0616 34.6026
24.214 840.0616 34.6053
24.224 840.0782 34.6064
24.234 840.0862 34.6068
24.244 840.0656 34.6074
24.254 840.0537 34.6041
24.264 840.0540 34.6043
24.274 840.0634 34.6053
24.284 840.0525 34.6044
24.294 840.0423 34.6039
24.304 840.0808 34.6041
24.314 840.0627 34.6032
24.324 840.0490 34.6036
24.334 840.0630 34.6043
24.344 840.0511 34.6037
24.354 840.1171 34.6060
24.364 840.0507 34.6053
24.374 840.0257 34.6028
24.384 840.0791 34.6014
24.394 840.0409 34.6013
24.404 840.0247 34.6022
24.414 840.0760 34.6053
24.424 840.1112 34.6067
24.434 840.0599 34.6072
24.444 840.0717 34.6095
24.454 840.0562 34.6090
24.464 840.0633 34.6071
24.474 840.0615 34.6071
24.484 840.0676 34.6066
24.494 840.0707 34.6063
24.504 840.0737 34.6087
24.514 840.0832 34.6080
24.524 840.0370 34.6075
24.534 840.0571 34.6076
24.544 840.0019 34.6053
24.554 840.0541 34.6052
24.564 840.0683 34.6087
24.574 840.0959 34.6090
24.584 840.0679 34.6067
24.594 840.0866 34.6052
24.604 840.0237 34.6036
24.614 840.0371 34.6067
24.624 840.0710 34.6101
24.634 840.0699 34.6095
24.644 840.0358 34.6087
24.654 840.0702 34.6097
24.664 840.0673 34.6091
24.674 840.0403 34.6074
24.684 840.0307 34.6071
24.694 840.0713 34.6075
24.704 840.0801 34.6083
24.714 840.0417 34.6090
24.724 840.0542 34.6098
24.734 840.0805 34.6094
24.744 840.0876 34.6075
24.754 840.0521 34.6070
24.764 840.0746 34.6101
24.774 840.0791 34.6114
24.784 840.0368 34.6093
24.794 840.0471 34.6080
24.804 840.0797 34.6099
24.814 840.0747 34.6110
24.824 840.0311 34.6082
24.834 840.0347 34.6082
24.844 840.0376 34.6097
24.854 840.0488 34.6071
24.864 840.0527 34.6072
24.874 840.0717 34.6095
24.884 840.0313 34.6083
24.894 840.0406 34.6084
24.904 840.0702 34.6097
24.914 840.0348 34.6101
24.924 840.0478 34.6111
24.934 840.0530 34.6110
24.944 840.0599 34.6109
24.954 840.0491 34.6109
24.964 840.0509 34.6136
24.974 840.0744 34.6145
24.984 840.0460 34.6111
24.994 840.0535 34.6113
25.004 840.0958 34.6107
25.014 840.0593 34.6097
25.024 840.0194 34.6114
25.034 840.0458 34.6110
25.044 840.0563 34.6109
25.054 840.0515 34.6121
25.064 840.0474 34.6128
25.074 840.0472 34.6126
25.084 840.0677 34.6138
25.094 840.0507 34.6144
25.104 840.0890 34.6128
25.114 840.0332 34.6120
25.124 840.0448 34.6124
25.134 840.0452 34.6107
25.144 840.0610 34.6078
25.154 840.0625 34.6103
25.164 840.0804 34.6121
25.174 840.0693 34.6120
25.184 840.0700 34.6141
25.194 840.0465 34.6141
25.204 840.0955 34.6133
25.214 840.0474 34.6128
25.224 840.0327 34.6126
25.234 840.0677 34.6138
25.244 840.0475 34.6137
25.254 840.0383 34.6109
25.264 840.0146 34.6090
25.274 840.0446 34.6132
25.284 840.0513 34.6129
25.294 840.0024 34.6110
25.304 840.0299 34.6130
25.314 840.0271 34.6161
25.324 840.0633 34.6171
25.334 840.0554 34.6149
25.344 840.0636 34.6145
25.354 840.0623 34.6148
25.364 840.0500 34.6159
25.374 840.0767 34.6165
25.384 840.0311 34.6155
25.394 840.0440 34.6147
25.404 840.0966 34.6175
25.414 840.0673 34.6191
25.424 840.0738 34.6169
25.434 840.0483 34.6168
25.444 840.0458 34.6183
25.454 840.0830 34.6179
25.464 840.0465 34.6168
25.474 840.0692 34.6164
25.484 840.0569 34.6175
25.494 840.0705 34.6171
25.504 840.0544 34.6153
25.514 840.0630 34.6169
25.524 840.0727 34.6182
25.534 840.0574 34.6151
25.544 840.0461 34.6148
25.554 840.0690 34.6182
25.564 840.0534 34.6194
25.574 840.0226 34.6184
25.584 840.0542 34.6171
25.594 840.0765 34.6174
25.604 840.0531 34.6156
25.614 840.0455 34.6145
25.624 840.0614 34.6161
25.634 840.0695 34.6175
25.644 840.0232 34.6160
25.654 840.0663 34.6159
25.664 840.0249 34.6178
25.674 840.0322 34.6160
25.684 840.0488 34.6171
25.694 840.0537 34.6195
25.704 840.0455 34.6182
25.714 840.0821 34.6165
25.724 840.0494 34.6174
25.734 840.0802 34.6183
25.744 840.0639 34.6183
25.754 840.0620 34.6174
25.764 840.0593 34.6160
25.774 840.0777 34.6161
25.784 840.0354 34.6167
25.794 840.0588 34.6157
25.804 840.0456 34.6155
25.814 840.0226 34.6184
25.824 840.0219 34.6199
25.834 840.0407 34.6194
25.844 840.0422 34.6183
25.854 840.0241 34.6174
25.864 840.0668 34.6188
25.874 840.0858 34.6184
25.884 840.0348 34.6200
25.894 840.0416 34.6207
25.904 840.0575 34.6187
25.914 840.0696 34.6184
25.924 840.0275 34.6191
25.934 840.0488 34.6198
25.944 840.0138 34.6186
25.954 840.0344 34.6180
25.964 840.0796 34.6207
25.974 840.0940 34.6234
25.984 840.0543 34.6217
25.994 840.0618 34.6182
26.004 840.0318 34.6176
26.014 840.0449 34.6196
26.024 840.0523 34.6215
26.034 840.0293 34.6218
26.044 840.0537 34.6205
26.054 840.0460 34.6202
26.064 840.0751 34.6194
26.074 840.0284 34.6195
26.084 840.0795 34.6225
26.094 840.0617 34.6236
26.104 840.0147 34.6226
26.114 840.0673 34.6227
26.124 840.0495 34.6229
26.134 840.0975 34.6215
26.144 840.0110 34.6217
26.154 840.0388 34.6238
26.164 840.0582 34.6245
26.174 840.0748 34.6219
26.184 840.0762 34.6209
26.194 840.0135 34.6211
26.204 840.0885 34.6225
26.214 840.0415 34.6225
26.224 840.0733 34.6230
26.234 840.0291 34.6253
26.244 840.0425 34.6248
26.254 840.0793 34.6269
26.264 840.0653 34.6263
26.274 840.0491 34.6236
26.284 840.0588 34.6257
26.294 840.0713 34.6265
26.304 840.0425 34.6248
26.314 840.0653 34.6226
26.324 840.0544 34.6226
26.334 840.0336 34.6240
26.344 840.0323 34.6233
26.354 840.0376 34.6250
26.364 840.0565 34.6264
26.374 840.0476 34.6246
26.384 840.0478 34.6238
26.394 840.0386 34.6246
26.404 840.0501 34.6268
26.414 840.0526 34.6263
26.424 840.0474 34.6254
26.434 840.0586 34.6265
26.444 840.0542 34.6261
26.454 840.0771 34.6259
26.464 840.0719 34.6250
26.474 840.0600 34.6245
26.484 840.0517 34.6276
26.494 840.0756 34.6287
26.504 840.0694 34.6265
26.514 840.0241 34.6283
26.524 840.0424 34.6275
26.534 840.0372 34.6267
26.544 840.0572 34.6285
26.554 840.0644 34.6276
26.564 840.0551 34.6284
26.574 840.0542 34.6298
26.584 840.0691 34.6291
26.594 840.0439 34.6264
26.604 840.0441 34.6256
26.614 840.0526 34.6263
26.624 840.0636 34.6272
26.634 840.0643 34.6267
26.644 840.0536 34.6259
26.654 840.0344 34.6271
26.664 840.0650 34.6288
26.674 840.0434 34.6298
26.684 840.0386 34.6310
26.694 840.0503 34.6296
26.704 840.0258 34.6237
26.714 840.0345 34.6253
26.724 840.0543 34.6280
26.734 840.0221 34.6281
26.744 840.0909 34.6300
26.754 840.0486 34.6306
26.764 840.0376 34.6314
26.774 840.0669 34.6298
26.784 840.0682 34.6304
26.794 840.0803 34.6329
26.804 840.0631 34.6315
26.814 840.0347 34.6308
26.824 840.0569 34.6284
26.834 840.0597 34.6280
26.844 840.0630 34.6296
26.854 840.0514 34.6302
26.864 840.0862 34.6322
26.874 840.0070 34.6306
26.884 840.0802 34.6292
26.894 840.0481 34.6312
26.904 840.0368 34.6319
26.914 840.0611 34.6323
26.924 840.0361 34.6325
26.934 840.0603 34.6319
26.944 840.0362 34.6307
26.954 840.0817 34.6308
26.964 840.0482 34.6322
26.974 840.0691 34.6318
26.984 840.0180 34.6325
26.994 840.0408 34.6330
27.004 840.0685 34.6315
27.014 840.0687 34.6307
27.024 840.0469 34.6325
27.034 840.0402 34.6327
27.044 840.0439 34.6327
27.054 840.0359 34.6296
27.064 840.0583 34.6291
27.074 840.0440 34.6346
27.084 840.0573 34.6358
27.094 840.0535 34.6339
27.104 840.0514 34.6338
27.114 840.0545 34.6335
27.124 840.0683 34.6314
27.134 840.0695 34.6311
27.144 840.0259 34.6310
27.154 840.0629 34.6323
27.164 840.0560 34.6334
27.174 840.0240 34.6337
27.184 840.0856 34.6346
27.194 840.0551 34.6348
27.204 840.0467 34.6323
27.214 840.0465 34.6331
27.224 840.0812 34.6352
27.234 840.0359 34.6333
27.244 840.0688 34.6353
27.254 840.0540 34.6369
27.264 840.0412 34.6350
27.274 840.0528 34.6345
27.284 840.0555 34.6358
27.294 840.0492 34.6345
27.304 840.0176 34.6331
27.314 840.0671 34.6326
27.324 840.0674 34.6337
27.334 840.0646 34.6368
27.344 840.0563 34.6372
27.354 840.0757 34.6369
27.364 840.0256 34.6335
27.374 840.0346 34.6335
27.384 839.9965 34.6353
27.394 840.0451 34.6352
27.404 840.0232 34.6333
27.414 840.0402 34.6327
27.424 840.0586 34.6365
27.434 840.0527 34.6335
27.444 840.0145 34.6307
27.454 840.0550 34.6338
27.464 840.0689 34.6362
27.474 840.0367 34.6373
27.484 840.0494 34.6373
27.494 840.0805 34.6384
27.504 840.0723 34.6397
27.514 840.0414 34.6379
27.524 840.0472 34.6389
27.534 840.0603 34.6410
27.544 840.0574 34.6404
27.554 840.0563 34.6399
27.564 840.0553 34.6403
27.574 840.0465 34.6395
27.584 840.0424 34.6375
27.594 840.0627 34.6395
27.604 840.0586 34.6401
27.614 840.0518 34.6385
27.624 840.0385 34.6400
27.634 840.0684 34.6423
27.644 840.0422 34.6410
27.654 840.0368 34.6410
27.664 840.0822 34.6411
27.674 840.0703 34.6406
27.684 840.0399 34.6416
27.694 840.0230 34.6404
27.704 840.0390 34.6403
27.714 840.0537 34.6395
27.724 840.0637 34.6391
27.734 840.0558 34.6396
27.744 840.0330 34.6391
27.754 840.0531 34.6392
27.764 840.0599 34.6399
27.774 840.0617 34.6399
27.784 840.0415 34.6388
27.794 840.0380 34.6397
27.804 840.0773 34.6404
27.814 840.0433 34.6415
27.824 840.0483 34.6431
27.834 840.0774 34.6423
27.844 840.0680 34.6403
27.854 840.0308 34.6407
27.864 840.0466 34.6414
27.874 840.0488 34.6397
27.884 840.0692 34.6400
27.894 840.0228 34.6403
27.904 840.0574 34.6414
27.914 840.1384 34.6430
27.924 840.0361 34.6424
27.934 840.0408 34.6430
27.944 840.0561 34.6443
27.954 840.0647 34.6450
27.964 840.0589 34.6430
27.974 840.0927 34.6427
27.984 840.0523 34.6451
27.994 840.0422 34.6410
28.004 840.0295 34.6400
28.014 840.0406 34.6438
28.024 840.0545 34.6435
28.034 840.0384 34.6427
28.044 840.0406 34.6438
28.054 840.0639 34.6446
28.064 840.0634 34.6443
28.074 840.0587 34.6447
28.084 840.0607 34.6439
28.094 840.0752 34.6439
28.104 840.0859 34.6457
28.114 840.0342 34.6442
28.124 840.0659 34.6411
28.134 840.0378 34.6415
28.144 840.0500 34.6449
28.154 840.0674 34.6464
28.164 840.0596 34.6451
28.174 840.0454 34.6462
28.184 840.0641 34.6465
28.194 840.0518 34.6449
28.204 840.0448 34.6450
28.214 840.0519 34.6431
28.224 840.0344 34.6407
28.234 840.0196 34.6423
28.244 840.0618 34.6445
28.254 840.0562 34.6453
28.264 840.0431 34.6459
28.274 840.0594 34.6469
28.284 840.0415 34.6451
28.294 840.0599 34.6426
28.304 840.0841 34.6447
28.314 840.0683 34.6450
28.324 840.0419 34.6435
28.334 840.0605 34.6438
28.344 840.0592 34.6441
28.354 840.0415 34.6451
28.364 840.0214 34.6433
28.374 840.0692 34.6427
28.384 840.0415 34.6451
28.394 840.0671 34.6453
28.404 840.0511 34.6454
28.414 840.0616 34.6443
28.424 840.0010 34.6430
28.434 840.0153 34.6438
28.444 840.0223 34.6446
28.454 840.0535 34.6466
28.464 840.0531 34.6482
28.474 840.0542 34.6461
28.484 840.0584 34.6464
28.494 840.0766 34.6482
28.504 840.0436 34.6489
28.514 840.0743 34.6489
28.524 840.0610 34.6477
28.534 840.0450 34.6478
28.544 840.0539 34.6459
28.554 840.0420 34.6454
28.564 840.0655 34.6481
28.574 840.0508 34.6489
28.584 840.0854 34.6481
28.594 840.0617 34.6462
28.604 840.0444 34.6466
28.614 840.0847 34.6496
28.624 840.0457 34.6464
28.634 840.0707 34.6453
28.644 840.0579 34.6497
28.654 840.0379 34.6488
28.664 840.0365 34.6481
28.674 840.0661 34.6493
28.684 840.0587 34.6511
28.694 840.0417 34.6516
28.704 840.0378 34.6505
28.714 840.0546 34.6508
28.724 840.0200 34.6507
28.734 840.0505 34.6515
28.744 840.0767 34.6528
28.754 840.0428 34.6522
28.764 840.0708 34.6508
28.774 840.0797 34.6516
28.784 840.0466 34.6513
28.794 840.0514 34.6501
28.804 840.0356 34.6495
28.814 840.0306 34.6478
28.824 840.0677 34.6474
28.834 840.0656 34.6500
28.844 840.0412 34.6486
28.854 840.0784 34.6482
28.864 840.0481 34.6503
28.874 840.0380 34.6497
28.884 840.0043 34.6519
28.894 840.0223 34.6509
28.904 840.0605 34.6501
28.914 840.0490 34.6516
28.924 840.0534 34.6493
28.934 840.0574 34.6504
28.944 840.1023 34.6539
28.954 840.0411 34.6540
28.964 840.0445 34.6539
28.974 840.0433 34.6524
28.984 840.0400 34.6499
28.994 840.0400 34.6526
29.004 840.0525 34.6534
29.014 840.0437 34.6508
29.024 840.0757 34.6505
29.034 840.0638 34.6527
29.044 840.0500 34.6549
29.054 840.0422 34.6546
29.064 840.0361 34.6551
29.074 840.0993 34.6542
29.084 840.0300 34.6539
29.094 840.0536 34.6549
29.104 840.0514 34.6565
29.114 840.0649 34.6578
29.124 840.0663 34.6558
29.134 840.0818 34.6554
29.144 840.0536 34.6575
29.154 840.0441 34.6555
29.164 840.0401 34.6544
29.174 840.0481 34.6539
29.184 840.0480 34.6520
29.194 840.0496 34.6538
29.204 840.0430 34.6540
29.214 840.0535 34.6530
29.224 840.0628 34.6540
29.234 840.0781 34.6544
29.244 840.0482 34.6549
29.254 840.0476 34.6546
29.264 840.0741 34.6534
29.274 840.0445 34.6512
29.284 840.0666 34.6532
29.294 840.0486 34.6569
29.304 840.0651 34.6570
29.314 840.0398 34.6570
29.324 840.0481 34.6575
29.334 840.0426 34.6566
29.344 840.0470 34.6561
29.354 840.0612 34.6559
29.364 840.0487 34.6551
29.374 840.0565 34.6554
29.384 840.0464 34.6549
29.394 840.0388 34.6574
29.404 840.0325 34.6561
29.414 840.0276 34.6563
29.424 840.0676 34.6592
29.434 840.0377 34.6596
29.444 840.0684 34.6586
29.454 840.0526 34.6580
29.464 840.0661 34.6593
29.474 840.0632 34.6588
29.484 840.0685 34.6605
29.494 840.0717 34.6612
29.504 840.0577 34.6605
29.514 840.0396 34.6605
29.524 840.0378 34.6578
29.534 840.0484 34.6577
29.544 840.0953 34.6594
29.554 840.0849 34.6588
29.564 840.0566 34.6600
29.574 840.0447 34.6604
29.584 840.0341 34.6596
29.594 840.0377 34.6596
29.604 840.0989 34.6594
29.614 840.0681 34.6585
29.624 840.0349 34.6573
29.634 840.0626 34.6575
29.644 840.0670 34.6580
29.654 840.0819 34.6600
29.664 840.0965 34.6619
29.674 840.0685 34.6605
29.684 840.0579 34.6607
29.694 840.0774 34.6623
29.704 840.0638 34.6627
29.714 840.0646 34.6631
29.724 840.0717 34.6612
29.734 840.0570 34.6584
29.744 840.0672 34.6598
29.754 840.0505 34.6615
29.764 840.0654 34.6635
29.774 840.0910 34.6646
29.784 840.0449 34.6596
29.794 840.0173 34.6593
29.804 840.0519 34.6631
29.814 840.0571 34.6629
29.824 840.0535 34.6602
29.834 840.0502 34.6604
29.844 840.0675 34.6609
29.854 840.0573 34.6585
29.864 840.0637 34.6590
29.874 840.0729 34.6600
29.884 840.0783 34.6600
29.894 840.0546 34.6581
29.904 840.0348 34.6581
29.914 840.0612 34.6596
29.924 840.0731 34.6592
29.934 840.0483 34.6594
29.944 840.0224 34.6592
29.954 840.0644 34.6602
29.964 840.0429 34.6631
29.974 840.0693 34.6636
29.984 840.0227 34.6620
29.994 840.0454 34.6625
