% 21-Jul-2025 12:31:59
% Time, s	 Pressure, mBar	 Temperature, degC
0.005 839.1816 34.0391
0.015 839.1788 34.0395
0.025 839.1743 34.0426
0.035 839.1954 34.0449
0.045 839.1620 34.0471
0.055 839.1854 34.0514
0.065 839.2047 34.0538
0.075 839.1603 34.0541
0.085 839.1973 34.0563
0.095 839.1713 34.0603
0.105 839.2122 34.0627
0.115 839.1956 34.0651
0.125 839.2273 34.0665
0.135 839.2012 34.0669
0.145 839.1978 34.0688
0.155 839.1806 34.0692
0.165 839.1946 34.0698
0.174 839.2016 34.0724
0.184 839.1839 34.0751
0.194 839.1679 34.0761
0.204 839.2142 34.0767
0.214 839.2048 34.0800
0.224 839.2030 34.0818
0.234 839.1770 34.0814
0.244 839.1688 34.0818
0.254 839.1902 34.0826
0.264 839.2432 34.0847
0.274 839.1868 34.0861
0.284 839.2079 34.0885
0.294 839.1897 34.0910
0.304 839.2203 34.0910
0.314 839.1932 34.0918
0.324 839.1970 34.0920
0.334 839.1728 34.0933
0.344 839.1890 34.0959
0.354 839.2062 34.0955
0.364 839.1743 34.0949
0.374 839.1820 34.0952
0.384 839.2152 34.0955
0.394 839.2072 34.0978
0.404 839.1978 34.0985
0.414 839.1840 34.0987
0.424 839.1925 34.0994
0.434 839.1974 34.0991
0.444 839.1881 34.0990
0.454 839.1873 34.1003
0.464 839.2033 34.1011
0.474 839.1958 34.1010
0.484 839.2007 34.1034
0.494 839.2015 34.1038
0.504 839.1930 34.1031
0.514 839.1971 34.1051
0.524 839.1940 34.1054
0.534 839.1885 34.1044
0.544 839.1938 34.1035
0.554 839.2037 34.1048
0.564 839.2010 34.1079
0.574 839.2192 34.1071
0.584 839.1874 34.1056
0.594 839.1907 34.1072
0.604 839.1962 34.1081
0.614 839.1872 34.1064
0.624 839.1910 34.1083
0.634 839.1957 34.1105
0.644 839.1806 34.1093
0.654 839.1838 34.1100
0.664 839.1877 34.1101
0.674 839.1961 34.1099
0.684 839.2074 34.1118
0.694 839.2012 34.1114
0.704 839.1986 34.1110
0.714 839.1908 34.1108
0.724 839.1828 34.1104
0.734 839.2180 34.1126
0.744 839.1924 34.1133
0.754 839.1851 34.1141
0.764 839.2288 34.1144
0.774 839.1656 34.1142
0.784 839.1863 34.1156
0.794 839.2063 34.1157
0.804 839.2094 34.1154
0.814 839.2046 34.1140
0.824 839.1942 34.1133
0.834 839.2085 34.1141
0.844 839.2036 34.1144
0.854 839.1966 34.1162
0.864 839.1840 34.1179
0.874 839.2059 34.1163
0.884 839.1992 34.1140
0.894 839.1942 34.1150
0.904 839.2079 34.1156
0.914 839.1900 34.1165
0.924 839.2115 34.1182
0.934 839.2043 34.1182
0.944 839.2191 34.1193
0.954 839.2283 34.1185
0.964 839.2081 34.1174
0.974 839.2042 34.1190
0.984 839.1979 34.1203
0.994 839.2178 34.1195
1.004 839.1845 34.1182
1.014 839.1977 34.1185
1.024 839.1950 34.1198
1.034 839.1904 34.1202
1.044 839.1705 34.1193
1.054 839.1735 34.1181
1.064 839.2025 34.1199
1.074 839.2132 34.1216
1.084 839.2187 34.1199
1.094 839.2131 34.1207
1.104 839.1940 34.1219
1.114 839.2369 34.1201
1.124 839.2133 34.1199
1.134 839.1866 34.1201
1.144 839.2010 34.1201
1.154 839.2117 34.1218
1.164 839.2201 34.1232
1.174 839.1907 34.1220
1.184 839.2126 34.1205
1.194 839.2201 34.1215
1.204 839.2149 34.1224
1.214 839.2279 34.1218
1.224 839.2215 34.1222
1.234 839.1992 34.1244
1.244 839.1896 34.1242
1.254 839.2174 34.1219
1.264 839.1746 34.1230
1.274 839.2140 34.1238
1.284 839.1898 34.1234
1.294 839.2117 34.1235
1.304 839.1993 34.1236
1.314 839.2006 34.1234
1.324 839.1978 34.1238
1.334 839.1881 34.1243
1.344 839.2075 34.1232
1.354 839.1883 34.1235
1.364 839.1996 34.1238
1.374 839.1930 34.1240
1.384 839.1892 34.1248
1.394 839.2259 34.1243
1.404 839.2150 34.1260
1.414 839.1792 34.1252
1.424 839.2216 34.1231
1.434 839.2277 34.1243
1.444 839.2319 34.1255
1.454 839.1991 34.1262
1.464 839.2203 34.1251
1.474 839.1737 34.1243
1.484 839.1931 34.1250
1.494 839.2278 34.1252
1.504 839.2322 34.1256
1.514 839.2191 34.1254
1.524 839.1993 34.1236
1.534 839.2245 34.1254
1.544 839.2119 34.1254
1.554 839.2002 34.1240
1.564 839.1826 34.1234
1.574 839.1837 34.1239
1.584 839.1731 34.1258
1.594 839.1871 34.1264
1.604 839.2208 34.1271
1.614 839.2083 34.1280
1.624 839.2074 34.1284
1.634 839.1989 34.1260
1.644 839.1993 34.1254
1.654 839.1860 34.1259
1.664 839.2383 34.1251
1.674 839.2195 34.1264
1.684 839.2052 34.1273
1.694 839.1781 34.1264
1.704 839.2016 34.1273
1.714 839.2197 34.1266
1.724 839.1918 34.1269
1.734 839.2079 34.1287
1.744 839.2067 34.1289
1.754 839.2092 34.1284
1.764 839.2094 34.1259
1.774 839.2216 34.1248
1.784 839.1981 34.1266
1.794 839.1887 34.1289
1.804 839.2376 34.1300
1.814 839.1986 34.1303
1.824 839.1956 34.1288
1.834 839.2039 34.1293
1.844 839.2011 34.1315
1.854 839.2243 34.1305
1.864 839.2263 34.1280
1.874 839.2129 34.1276
1.884 839.1907 34.1291
1.894 839.2325 34.1301
1.904 839.2147 34.1293
1.914 839.2207 34.1279
1.924 839.1794 34.1288
1.934 839.1913 34.1293
1.944 839.1992 34.1288
1.954 839.2062 34.1296
1.964 839.2213 34.1308
1.974 839.1792 34.1296
1.984 839.2029 34.1280
1.994 839.2197 34.1283
2.004 839.1947 34.1301
2.014 839.2177 34.1308
2.024 839.2249 34.1291
2.034 839.2082 34.1288
2.044 839.1991 34.1305
2.054 839.1977 34.1289
2.064 839.2269 34.1283
2.074 839.1726 34.1299
2.084 839.1939 34.1297
2.094 839.2091 34.1301
2.104 839.2086 34.1299
2.114 839.2142 34.1300
2.124 839.2106 34.1300
2.134 839.2112 34.1303
2.144 839.2290 34.1311
2.154 839.1909 34.1300
2.164 839.1820 34.1292
2.174 839.1687 34.1297
2.184 839.1840 34.1311
2.194 839.1881 34.1304
2.204 839.2080 34.1296
2.214 839.1973 34.1305
2.224 839.1857 34.1301
2.234 839.2100 34.1315
2.244 839.1935 34.1330
2.254 839.1881 34.1330
2.264 839.2240 34.1321
2.274 839.1865 34.1322
2.284 839.2319 34.1333
2.294 839.1962 34.1334
2.304 839.1898 34.1338
2.314 839.2245 34.1324
2.324 839.2145 34.1318
2.334 839.1983 34.1318
2.344 839.1975 34.1315
2.354 839.2135 34.1322
2.364 839.2251 34.1309
2.374 839.2026 34.1296
2.384 839.2296 34.1296
2.394 839.2091 34.1318
2.404 839.1614 34.1332
2.414 839.1829 34.1322
2.424 839.1893 34.1318
2.434 839.2296 34.1313
2.444 839.1996 34.1325
2.454 839.1664 34.1321
2.464 839.1935 34.1304
2.474 839.1454 34.1324
2.484 839.2215 34.1326
2.494 839.2019 34.1318
2.504 839.2355 34.1333
2.514 839.2205 34.1330
2.524 839.1908 34.1317
2.534 839.1886 34.1324
2.544 839.1825 34.1329
2.554 839.1920 34.1332
2.564 839.1938 34.1332
2.574 839.1977 34.1333
2.584 839.2043 34.1348
2.594 839.1945 34.1344
2.604 839.1959 34.1333
2.614 839.1985 34.1354
2.624 839.2004 34.1346
2.634 839.2063 34.1322
2.644 839.1922 34.1324
2.654 839.1983 34.1318
2.664 839.1867 34.1341
2.674 839.1888 34.1342
2.684 839.2251 34.1326
2.694 839.2226 34.1332
2.704 839.1920 34.1332
2.714 839.2098 34.1340
2.724 839.2335 34.1341
2.734 839.1795 34.1341
2.744 839.1736 34.1338
2.754 839.2068 34.1342
2.764 839.1961 34.1352
2.774 839.2240 34.1338
2.784 839.2151 34.1330
2.794 839.2000 34.1336
2.804 839.2170 34.1340
2.814 839.2129 34.1337
2.824 839.2004 34.1346
2.834 839.1473 34.1350
2.844 839.1832 34.1350
2.854 839.2224 34.1357
2.864 839.2149 34.1356
2.874 839.2011 34.1358
2.884 839.1745 34.1352
2.894 839.1646 34.1338
2.904 839.2125 34.1344
2.914 839.1946 34.1336
2.924 839.1808 34.1321
2.934 839.2092 34.1328
2.944 839.1840 34.1328
2.954 839.2017 34.1326
2.964 839.1733 34.1337
2.974 839.1954 34.1357
2.984 839.2176 34.1369
2.994 839.2531 34.1349
3.004 839.2163 34.1345
3.014 839.1958 34.1350
3.024 839.1750 34.1328
3.034 839.1911 34.1318
3.044 839.2096 34.1338
3.054 839.1749 34.1362
3.064 839.2084 34.1368
3.074 839.1878 34.1346
3.084 839.1979 34.1352
3.094 839.2118 34.1375
3.104 839.1835 34.1369
3.114 839.2066 34.1368
3.124 839.2088 34.1378
3.134 839.1783 34.1370
3.144 839.2188 34.1357
3.154 839.1993 34.1358
3.164 839.1874 34.1353
3.174 839.2031 34.1360
3.184 839.1923 34.1377
3.194 839.2059 34.1399
3.204 839.1987 34.1399
3.214 839.2206 34.1383
3.224 839.2068 34.1386
3.234 839.2081 34.1366
3.244 839.2140 34.1369
3.254 839.1925 34.1369
3.264 839.1886 34.1368
3.274 839.2236 34.1398
3.284 839.2166 34.1390
3.294 839.1988 34.1365
3.304 839.2028 34.1375
3.314 839.2034 34.1405
3.324 839.2094 34.1407
3.334 839.2234 34.1397
3.344 839.2047 34.1385
3.354 839.1816 34.1386
3.364 839.1954 34.1401
3.374 839.1877 34.1398
3.384 839.2090 34.1379
3.394 839.2058 34.1390
3.404 839.1826 34.1399
3.414 839.2027 34.1366
3.424 839.2103 34.1360
3.434 839.2023 34.1373
3.444 839.1994 34.1368
3.454 839.2092 34.1371
3.464 839.2039 34.1381
3.474 839.2075 34.1381
3.484 839.2239 34.1399
3.494 839.2149 34.1417
3.504 839.2251 34.1414
3.514 839.2244 34.1393
3.524 839.1773 34.1391
3.534 839.1982 34.1397
3.544 839.1798 34.1386
3.554 839.2444 34.1394
3.564 839.1919 34.1383
3.574 839.2161 34.1370
3.584 839.1938 34.1375
3.594 839.1913 34.1398
3.604 839.1834 34.1403
3.614 839.1901 34.1383
3.624 839.1842 34.1390
3.634 839.2154 34.1393
3.644 839.2443 34.1402
3.654 839.1684 34.1401
3.664 839.1874 34.1397
3.674 839.1875 34.1406
3.684 839.2073 34.1406
3.694 839.1614 34.1410
3.704 839.1792 34.1401
3.714 839.2102 34.1394
3.724 839.2188 34.1401
3.734 839.1852 34.1386
3.744 839.1887 34.1377
3.754 839.1968 34.1390
3.764 839.2066 34.1394
3.774 839.1852 34.1403
3.784 839.1821 34.1406
3.794 839.2037 34.1406
3.804 839.1906 34.1403
3.814 839.2167 34.1399
3.824 839.2138 34.1411
3.834 839.2125 34.1414
3.844 839.1820 34.1397
3.854 839.1794 34.1393
3.864 839.2077 34.1417
3.874 839.1823 34.1424
3.884 839.1925 34.1413
3.894 839.1968 34.1407
3.904 839.2062 34.1401
3.914 839.1733 34.1398
3.924 839.1948 34.1389
3.934 839.1945 34.1387
3.944 839.1915 34.1417
3.954 839.1847 34.1410
3.964 839.1818 34.1405
3.974 839.1937 34.1427
3.984 839.2154 34.1419
3.994 839.1924 34.1403
4.004 839.1852 34.1386
4.014 839.2190 34.1393
4.024 839.2106 34.1405
4.034 839.1809 34.1409
4.044 839.1833 34.1421
4.054 839.2471 34.1424
4.064 839.1731 34.1423
4.074 839.2055 34.1423
4.084 839.1818 34.1422
4.094 839.2091 34.1406
4.104 839.2220 34.1407
4.114 839.1874 34.1414
4.124 839.2137 34.1428
4.134 839.2024 34.1443
4.144 839.2052 34.1422
4.154 839.1992 34.1419
4.164 839.2097 34.1435
4.174 839.1831 34.1446
4.184 839.1841 34.1442
4.194 839.2153 34.1427
4.204 839.1948 34.1432
4.214 839.2243 34.1454
4.224 839.2202 34.1451
4.234 839.2004 34.1434
4.244 839.2111 34.1424
4.254 839.2080 34.1444
4.264 839.2149 34.1443
4.274 839.1699 34.1434
4.284 839.1809 34.1435
4.294 839.2033 34.1413
4.304 839.2121 34.1421
4.314 839.2118 34.1419
4.324 839.2007 34.1409
4.334 839.1940 34.1428
4.344 839.2281 34.1428
4.354 839.1969 34.1417
4.364 839.1978 34.1430
4.374 839.1958 34.1455
4.384 839.2184 34.1434
4.394 839.2118 34.1419
4.404 839.2176 34.1447
4.414 839.2293 34.1443
4.424 839.1902 34.1436
4.434 839.1898 34.1443
4.444 839.2011 34.1446
4.454 839.1990 34.1444
4.464 839.1723 34.1446
4.474 839.2037 34.1467
4.484 839.2091 34.1467
4.494 839.2176 34.1447
4.504 839.2196 34.1448
4.514 839.1586 34.1440
4.524 839.1971 34.1452
4.534 839.1928 34.1458
4.544 839.2109 34.1450
4.554 839.1928 34.1458
4.564 839.1656 34.1439
4.574 839.1952 34.1426
4.584 839.1755 34.1435
4.594 839.2099 34.1454
4.604 839.2067 34.1438
4.614 839.1919 34.1427
4.624 839.2111 34.1442
4.634 839.2317 34.1446
4.644 839.2279 34.1454
4.654 839.2161 34.1458
4.664 839.1963 34.1475
4.674 839.1933 34.1477
4.684 839.2027 34.1454
4.694 839.1900 34.1444
4.704 839.1713 34.1450
4.714 839.1996 34.1474
4.724 839.1855 34.1492
4.734 839.2020 34.1476
4.744 839.2171 34.1471
4.754 839.2109 34.1467
4.764 839.1539 34.1452
4.774 839.2286 34.1448
4.784 839.2182 34.1476
4.794 839.2169 34.1479
4.804 839.1897 34.1460
4.814 839.1851 34.1464
4.824 839.1898 34.1470
4.834 839.2204 34.1487
4.844 839.1970 34.1487
4.854 839.2223 34.1479
4.864 839.1989 34.1479
4.874 839.2219 34.1468
4.884 839.2073 34.1467
4.894 839.2263 34.1472
4.904 839.2034 34.1466
4.914 839.2193 34.1464
4.924 839.2250 34.1466
4.934 839.2163 34.1467
4.944 839.1916 34.1470
4.954 839.2008 34.1488
4.964 839.1903 34.1489
4.974 839.2032 34.1474
4.984 839.1926 34.1483
4.994 839.2119 34.1489
5.004 839.2152 34.1488
5.014 839.1851 34.1481
5.024 839.2133 34.1496
5.034 839.2097 34.1496
5.044 839.1766 34.1484
5.054 839.2173 34.1507
5.064 839.2214 34.1509
5.074 839.2075 34.1485
5.084 839.2112 34.1495
5.094 839.2083 34.1507
5.104 839.1837 34.1475
5.114 839.2042 34.1470
5.124 839.2004 34.1495
5.134 839.2060 34.1487
5.144 839.2247 34.1481
5.154 839.2019 34.1493
5.164 839.1959 34.1481
5.174 839.1893 34.1467
5.184 839.2049 34.1464
5.194 839.1894 34.1476
5.204 839.1865 34.1471
5.214 839.2154 34.1480
5.224 839.2061 34.1496
5.234 839.2034 34.1509
5.244 839.2279 34.1515
5.254 839.1943 34.1500
5.264 839.2356 34.1491
5.274 839.1978 34.1491
5.284 839.2117 34.1515
5.294 839.2296 34.1505
5.304 839.2055 34.1493
5.314 839.1967 34.1485
5.324 839.1751 34.1503
5.334 839.2063 34.1515
5.344 839.1954 34.1488
5.354 839.1914 34.1495
5.364 839.2067 34.1508
5.374 839.1742 34.1499
5.384 839.2012 34.1499
5.394 839.2058 34.1512
5.404 839.2242 34.1488
5.414 839.1964 34.1501
5.424 839.2045 34.1532
5.434 839.1921 34.1507
5.444 839.2239 34.1504
5.454 839.2057 34.1529
5.464 839.1985 34.1529
5.474 839.1868 34.1516
5.484 839.1905 34.1508
5.494 839.2296 34.1505
5.504 839.2042 34.1513
5.514 839.1901 34.1515
5.524 839.1994 34.1516
5.534 839.2133 34.1523
5.544 839.1988 34.1513
5.554 839.1950 34.1495
5.564 839.1903 34.1507
5.574 839.1837 34.1519
5.584 839.2065 34.1507
5.594 839.2391 34.1508
5.604 839.1853 34.1517
5.614 839.2080 34.1505
5.624 839.1943 34.1500
5.634 839.2135 34.1515
5.644 839.2061 34.1523
5.654 839.2002 34.1520
5.664 839.2089 34.1519
5.674 839.1992 34.1524
5.684 839.2309 34.1529
5.694 839.1803 34.1528
5.704 839.1706 34.1516
5.714 839.1779 34.1525
5.724 839.1990 34.1549
5.734 839.2351 34.1541
5.744 839.1844 34.1530
5.754 839.2288 34.1528
5.764 839.1940 34.1516
5.774 839.2410 34.1517
5.784 839.1874 34.1528
5.794 839.1947 34.1511
5.804 839.1925 34.1500
5.814 839.1814 34.1516
5.824 839.2027 34.1532
5.834 839.1992 34.1541
5.844 839.1927 34.1536
5.854 839.2161 34.1519
5.864 839.1879 34.1521
5.874 839.2111 34.1529
5.884 839.1793 34.1515
5.894 839.2060 34.1530
5.904 839.1996 34.1552
5.914 839.1907 34.1544
5.924 839.1972 34.1549
5.934 839.2119 34.1577
5.944 839.1948 34.1581
5.954 839.2193 34.1552
5.964 839.2190 34.1541
5.974 839.2105 34.1561
5.984 839.2019 34.1554
5.994 839.2281 34.1550
6.004 839.2177 34.1561
6.014 839.2391 34.1552
6.024 839.1576 34.1523
6.034 839.1851 34.1525
6.044 839.2261 34.1558
6.054 839.1886 34.1560
6.064 839.2227 34.1550
6.074 839.1799 34.1544
6.084 839.1686 34.1541
6.094 839.1558 34.1549
6.104 839.2073 34.1554
6.114 839.2090 34.1545
6.124 839.2129 34.1546
6.134 839.2205 34.1566
6.144 839.1864 34.1566
6.154 839.2029 34.1577
6.164 839.1931 34.1573
6.174 839.2130 34.1556
6.184 839.2084 34.1560
6.194 839.2299 34.1550
6.204 839.2374 34.1561
6.214 839.1997 34.1544
6.224 839.1993 34.1533
6.234 839.2040 34.1556
6.244 839.2044 34.1566
6.254 839.2037 34.1572
6.264 839.2367 34.1566
6.274 839.1876 34.1581
6.284 839.1917 34.1583
6.294 839.1935 34.1557
6.304 839.2125 34.1562
6.314 839.2335 34.1577
6.324 839.2007 34.1583
6.334 839.2099 34.1576
6.344 839.2193 34.1552
6.354 839.2129 34.1546
6.364 839.1989 34.1540
6.374 839.2081 34.1558
6.384 839.2009 34.1576
6.394 839.2346 34.1556
6.404 839.1920 34.1568
6.414 839.1841 34.1590
6.424 839.1995 34.1569
6.434 839.1971 34.1557
6.444 839.1888 34.1552
6.454 839.2123 34.1561
6.464 839.1966 34.1581
6.474 839.2083 34.1577
6.484 839.2032 34.1578
6.494 839.2085 34.1569
6.504 839.2208 34.1568
6.514 839.1979 34.1561
6.524 839.1987 34.1565
6.534 839.2158 34.1595
6.544 839.1855 34.1597
6.554 839.2229 34.1569
6.564 839.1951 34.1565
6.574 839.2295 34.1583
6.584 839.2194 34.1595
6.594 839.2267 34.1587
6.604 839.1895 34.1573
6.614 839.2180 34.1589
6.624 839.2108 34.1589
6.634 839.1750 34.1581
6.644 839.1838 34.1589
6.654 839.1682 34.1591
6.664 839.1693 34.1597
6.674 839.1996 34.1595
6.684 839.1808 34.1591
6.694 839.2061 34.1583
6.704 839.2293 34.1565
6.714 839.2087 34.1587
6.724 839.2377 34.1606
6.734 839.2059 34.1591
6.744 839.2251 34.1606
6.754 839.1993 34.1611
6.764 839.1702 34.1593
6.774 839.1863 34.1583
6.784 839.1982 34.1589
6.794 839.2166 34.1582
6.804 839.2022 34.1582
6.814 839.2036 34.1589
6.824 839.2113 34.1591
6.834 839.1901 34.1602
6.844 839.2052 34.1597
6.854 839.1953 34.1601
6.864 839.2081 34.1602
6.874 839.1937 34.1576
6.884 839.2059 34.1565
6.894 839.1915 34.1565
6.904 839.1980 34.1570
6.914 839.2111 34.1590
6.924 839.1943 34.1587
6.934 839.1729 34.1579
6.944 839.2020 34.1581
6.954 839.1861 34.1609
6.964 839.2249 34.1631
6.974 839.1824 34.1599
6.984 839.1898 34.1591
6.994 839.2238 34.1599
7.004 839.1935 34.1601
7.014 839.2008 34.1610
7.024 839.2305 34.1623
7.034 839.2212 34.1622
7.044 839.1904 34.1603
7.054 839.2155 34.1594
7.064 839.2045 34.1602
7.074 839.1651 34.1611
7.084 839.1986 34.1599
7.094 839.2136 34.1611
7.104 839.1977 34.1613
7.114 839.1982 34.1606
7.124 839.2188 34.1610
7.134 839.1891 34.1597
7.144 839.1920 34.1585
7.154 839.1744 34.1595
7.164 839.1695 34.1615
7.174 839.1940 34.1621
7.184 839.1985 34.1617
7.194 839.1937 34.1619
7.204 839.2045 34.1602
7.214 839.1934 34.1591
7.224 839.2003 34.1617
7.234 839.1918 34.1610
7.244 839.1763 34.1587
7.254 839.1721 34.1576
7.264 839.1841 34.1573
7.274 839.1968 34.1582
7.284 839.1866 34.1585
7.294 839.1930 34.1581
7.304 839.1985 34.1590
7.314 839.1863 34.1601
7.324 839.1988 34.1591
7.334 839.1669 34.1594
7.344 839.1922 34.1621
7.354 839.1899 34.1627
7.364 839.2092 34.1625
7.374 839.2100 34.1629
7.384 839.1865 34.1619
7.394 839.1807 34.1626
7.404 839.1914 34.1643
7.414 839.1987 34.1626
7.424 839.1975 34.1611
7.434 839.1898 34.1635
7.444 839.2377 34.1650
7.454 839.1987 34.1626
7.464 839.1886 34.1621
7.474 839.2006 34.1635
7.484 839.1673 34.1622
7.494 839.1616 34.1621
7.504 839.1990 34.1636
7.514 839.1739 34.1636
7.524 839.2291 34.1634
7.534 839.2023 34.1626
7.544 839.2208 34.1629
7.554 839.2440 34.1636
7.564 839.1882 34.1636
7.574 839.1799 34.1648
7.584 839.2119 34.1638
7.594 839.2026 34.1636
7.604 839.1977 34.1656
7.614 839.1984 34.1651
7.624 839.1945 34.1640
7.634 839.2193 34.1630
7.644 839.2110 34.1625
7.654 839.2180 34.1632
7.664 839.2130 34.1643
7.674 839.2007 34.1644
7.684 839.1847 34.1636
7.694 839.2178 34.1640
7.704 839.1817 34.1648
7.714 839.2329 34.1652
7.724 839.2265 34.1656
7.734 839.2029 34.1655
7.744 839.1753 34.1652
7.754 839.1919 34.1663
7.764 839.1987 34.1652
7.774 839.1986 34.1643
7.784 839.1994 34.1647
7.794 839.2152 34.1636
7.804 839.1691 34.1648
7.814 839.2229 34.1656
7.824 839.1974 34.1646
7.834 839.2234 34.1650
7.844 839.2018 34.1650
7.854 839.1897 34.1652
7.864 839.1977 34.1656
7.874 839.1727 34.1666
7.884 839.2054 34.1676
7.894 839.2264 34.1664
7.904 839.1893 34.1659
7.914 839.1966 34.1651
7.924 839.2128 34.1651
7.934 839.2145 34.1659
7.944 839.1932 34.1660
7.954 839.1957 34.1682
7.964 839.2187 34.1671
7.974 839.1918 34.1636
7.984 839.1991 34.1663
7.994 839.1991 34.1680
8.004 839.2227 34.1682
8.014 839.1945 34.1684
8.024 839.2223 34.1671
8.034 839.1933 34.1670
8.044 839.1887 34.1656
8.054 839.1842 34.1643
8.064 839.2117 34.1646
8.074 839.1727 34.1666
8.084 839.1761 34.1674
8.094 839.1988 34.1662
8.104 839.1757 34.1663
8.114 839.2086 34.1666
8.124 839.1729 34.1667
8.134 839.1866 34.1672
8.144 839.1946 34.1676
8.154 839.1991 34.1663
8.164 839.1979 34.1648
8.174 839.1951 34.1652
8.184 839.1734 34.1660
8.194 839.1807 34.1652
8.204 839.1798 34.1656
8.214 839.1818 34.1675
8.224 839.1898 34.1662
8.234 839.1752 34.1643
8.244 839.1875 34.1659
8.254 839.1802 34.1676
8.264 839.2070 34.1658
8.274 839.2331 34.1644
8.284 839.2051 34.1648
8.294 839.2196 34.1658
8.304 839.2199 34.1659
8.314 839.1904 34.1664
8.324 839.1987 34.1670
8.334 839.2205 34.1671
8.344 839.1940 34.1664
8.354 839.2091 34.1659
8.364 839.2099 34.1663
8.374 839.2095 34.1652
8.384 839.1641 34.1659
8.394 839.1854 34.1658
8.404 839.1806 34.1660
8.414 839.1958 34.1664
8.424 839.1872 34.1675
8.434 839.1783 34.1684
8.444 839.1450 34.1671
8.454 839.2070 34.1675
8.464 839.1968 34.1687
8.474 839.1942 34.1683
8.484 839.2057 34.1678
8.494 839.2187 34.1688
8.504 839.2361 34.1685
8.514 839.2237 34.1660
8.524 839.7583 34.1662
8.534 840.2390 34.1682
8.544 838.9410 34.1676
8.554 839.1064 34.1667
8.564 839.5457 34.1678
8.574 838.7805 34.1683
8.584 839.0613 34.1675
8.594 839.0052 34.1674
8.604 839.0641 34.1680
8.614 839.1062 34.1675
8.624 838.8703 34.1674
8.634 838.9126 34.1687
8.644 838.9134 34.1664
8.654 838.7906 34.1671
8.664 838.6664 34.1705
8.674 838.3282 34.1679
8.684 838.2168 34.1671
8.694 837.9820 34.1701
8.704 837.8219 34.1701
8.714 837.6659 34.1695
8.724 837.5746 34.1688
8.734 837.5355 34.1664
8.744 837.6910 34.1668
8.754 837.6995 34.1692
8.764 837.7204 34.1680
8.774 837.7495 34.1664
8.784 837.7152 34.1672
8.794 837.7163 34.1678
8.804 837.7223 34.1689
8.814 837.7158 34.1701
8.824 837.7143 34.1703
8.834 837.6975 34.1700
8.844 837.6692 34.1676
8.854 837.6996 34.1658
8.864 837.7062 34.1672
8.874 837.7046 34.1708
8.884 837.6734 34.1705
8.894 837.6629 34.1680
8.904 837.6822 34.1687
8.914 837.6623 34.1695
8.924 837.6386 34.1693
8.934 837.6460 34.1685
8.944 837.6502 34.1697
8.954 837.6454 34.1700
8.964 837.6613 34.1699
8.974 837.6460 34.1685
8.984 837.6142 34.1671
8.994 837.6170 34.1693
9.004 837.6286 34.1697
9.014 837.6176 34.1696
9.024 837.6321 34.1705
9.034 837.6647 34.1707
9.044 837.6133 34.1701
9.054 837.6639 34.1703
9.064 837.6015 34.1705
9.074 837.6474 34.1701
9.084 837.6682 34.1715
9.094 837.6230 34.1740
9.104 837.5903 34.1738
9.114 837.6103 34.1713
9.124 837.6155 34.1695
9.134 837.5936 34.1693
9.144 837.6033 34.1705
9.154 837.6128 34.1708
9.164 837.6074 34.1708
9.174 837.5588 34.1725
9.184 837.5983 34.1716
9.194 837.5442 34.1707
9.204 837.5335 34.1689
9.214 837.5549 34.1680
9.224 837.5752 34.1700
9.234 837.5336 34.1699
9.244 837.5778 34.1721
9.254 837.5596 34.1729
9.264 837.5444 34.1725
9.274 837.5063 34.1758
9.284 837.5493 34.1766
9.294 837.5572 34.1744
9.304 837.5336 34.1725
9.314 837.5618 34.1713
9.324 837.5088 34.1709
9.334 837.5458 34.1732
9.344 837.5477 34.1741
9.354 837.5053 34.1719
9.364 837.5116 34.1705
9.374 837.5054 34.1711
9.384 837.5356 34.1700
9.394 837.5369 34.1697
9.404 837.5240 34.1713
9.414 837.5217 34.1720
9.424 837.5314 34.1732
9.434 837.5678 34.1742
9.444 837.5580 34.1748
9.454 837.5395 34.1745
9.464 837.5337 34.1734
9.474 837.5401 34.1731
9.484 837.5441 34.1741
9.494 837.5106 34.1736
9.504 837.5259 34.1723
9.514 837.5306 34.1728
9.524 837.5692 34.1715
9.534 837.5226 34.1707
9.544 837.5425 34.1716
9.554 837.5290 34.1729
9.564 837.5607 34.1734
9.574 837.5841 34.1734
9.584 837.5374 34.1744
9.594 837.5377 34.1719
9.604 837.5517 34.1708
9.614 837.5658 34.1733
9.624 837.5846 34.1737
9.634 837.5632 34.1729
9.644 837.5740 34.1746
9.654 837.5627 34.1753
9.664 837.5488 34.1746
9.674 837.5499 34.1752
9.684 837.5420 34.1740
9.694 837.5530 34.1732
9.704 837.5499 34.1734
9.714 837.5380 34.1746
9.724 837.5589 34.1752
9.734 837.5185 34.1748
9.744 837.5518 34.1744
9.754 837.5336 34.1725
9.764 837.5303 34.1727
9.774 837.5347 34.1748
9.784 837.5420 34.1740
9.794 837.5631 34.1737
9.804 837.5900 34.1754
9.814 837.5554 34.1744
9.824 837.5574 34.1736
9.834 837.5487 34.1737
9.844 837.5465 34.1753
9.854 837.5586 34.1777
9.864 837.5117 34.1758
9.874 837.5780 34.1740
9.884 837.5167 34.1748
9.894 837.5570 34.1742
9.904 837.5317 34.1733
9.914 837.5382 34.1738
9.924 837.5712 34.1733
9.934 837.5588 34.1742
9.944 837.5151 34.1749
9.954 837.5397 34.1737
9.964 837.5290 34.1746
9.974 837.5566 34.1758
9.984 837.5634 34.1765
9.994 837.5577 34.1764
10.004 837.5495 34.1768
10.014 837.5976 34.1765
10.024 837.5779 34.1757
10.034 837.5417 34.1756
10.044 837.5691 34.1749
10.054 837.5633 34.1756
10.064 837.6051 34.1749
10.074 837.5764 34.1732
10.084 837.5940 34.1748
10.094 837.5727 34.1749
10.104 837.6078 34.1762
10.114 837.5935 34.1789
10.124 837.6364 34.1770
10.134 837.6162 34.1733
10.144 837.5845 34.1728
10.154 837.6199 34.1760
10.164 837.6166 34.1770
10.174 837.6093 34.1761
10.184 837.5864 34.1754
10.194 837.6534 34.1748
10.204 837.6373 34.1757
10.214 837.6118 34.1756
10.224 837.6193 34.1757
10.234 837.6115 34.1772
10.244 837.6225 34.1764
10.254 837.6532 34.1756
10.264 837.6540 34.1760
10.274 837.6132 34.1762
10.284 837.6011 34.1756
10.294 837.6448 34.1758
10.304 837.6413 34.1750
10.314 837.6321 34.1749
10.324 837.6497 34.1765
10.334 837.6292 34.1770
10.344 837.6875 34.1782
10.354 837.6460 34.1773
10.364 837.6599 34.1753
10.374 837.6594 34.1760
10.384 837.6674 34.1781
10.394 837.6581 34.1797
10.404 837.7096 34.1785
10.414 837.6642 34.1774
10.424 837.7081 34.1769
10.434 837.6731 34.1782
10.444 837.6831 34.1787
10.454 837.7215 34.1773
10.464 837.7147 34.1784
10.474 837.7218 34.1774
10.484 837.7080 34.1777
10.494 837.7181 34.1791
10.504 837.6978 34.1789
10.514 837.7276 34.1785
10.524 837.7340 34.1781
10.534 837.7126 34.1782
10.544 837.7159 34.1772
10.554 837.7392 34.1789
10.564 837.7453 34.1810
10.574 837.7633 34.1810
10.584 837.7499 34.1806
10.594 837.7542 34.1801
10.604 837.7443 34.1787
10.614 837.7598 34.1776
10.624 837.7666 34.1782
10.634 837.7546 34.1785
10.644 837.7763 34.1777
10.654 837.7890 34.1786
10.664 837.7947 34.1814
10.674 837.8017 34.1795
10.684 837.7697 34.1762
10.694 837.7795 34.1766
10.704 837.8027 34.1774
10.714 837.7745 34.1777
10.724 837.8134 34.1782
10.734 837.8048 34.1776
10.744 837.8224 34.1782
10.754 837.8410 34.1794
10.764 837.8393 34.1803
10.774 837.8279 34.1791
10.784 837.8424 34.1784
10.794 837.8356 34.1794
10.804 837.8901 34.1814
10.814 837.8701 34.1822
10.824 837.8368 34.1809
10.834 837.8642 34.1802
10.844 837.8662 34.1794
10.854 837.8604 34.1801
10.864 837.8728 34.1809
10.874 837.8930 34.1819
10.884 837.8873 34.1818
10.894 837.8859 34.1811
10.904 837.8736 34.1813
10.914 837.9240 34.1795
10.924 837.9405 34.1780
10.934 837.9262 34.1780
10.944 837.9353 34.1789
10.954 837.9929 34.1798
10.964 837.9380 34.1785
10.974 837.9444 34.1781
10.984 837.9809 34.1784
10.994 837.9754 34.1791
11.004 837.9954 34.1810
11.014 837.9558 34.1810
11.024 837.9914 34.1799
11.034 838.0080 34.1810
11.044 838.0045 34.1819
11.054 838.0592 34.1814
11.064 838.0094 34.1799
11.074 838.0288 34.1789
11.084 838.0567 34.1802
11.094 838.0235 34.1798
11.104 838.0417 34.1790
11.114 838.0473 34.1809
11.124 838.0887 34.1809
11.134 838.0650 34.1807
11.144 838.0687 34.1817
11.154 838.0800 34.1819
11.164 838.1029 34.1817
11.174 838.0975 34.1817
11.184 838.1282 34.1826
11.194 838.1315 34.1825
11.204 838.1441 34.1807
11.214 838.1234 34.1794
11.224 838.1531 34.1807
11.234 838.1767 34.1826
11.244 838.1867 34.1822
11.254 838.1791 34.1811
11.264 838.1844 34.1802
11.274 838.2013 34.1814
11.284 838.1981 34.1825
11.294 838.2205 34.1829
11.304 838.2386 34.1838
11.314 838.2544 34.1827
11.324 838.2562 34.1827
11.334 838.2157 34.1814
11.344 838.2317 34.1805
11.354 838.2674 34.1821
11.364 838.2988 34.1825
11.374 838.2581 34.1819
11.384 838.2610 34.1825
11.394 838.3046 34.1835
11.404 838.3083 34.1827
11.414 838.2985 34.1823
11.424 838.2973 34.1826
11.434 838.2941 34.1819
11.444 838.3325 34.1831
11.454 838.3368 34.1843
11.464 838.3166 34.1833
11.474 838.3414 34.1822
11.484 838.3349 34.1817
11.494 838.3717 34.1821
11.504 838.4004 34.1829
11.514 838.3958 34.1833
11.524 838.3969 34.1838
11.534 838.4158 34.1834
11.544 838.4437 34.1821
11.554 838.4313 34.1813
11.564 838.4448 34.1826
11.574 838.4734 34.1817
11.584 838.4733 34.1825
11.594 838.4543 34.1846
11.604 838.4852 34.1830
11.614 838.5064 34.1846
11.624 838.5064 34.1846
11.634 838.5261 34.1837
11.644 838.5102 34.1821
11.654 838.5400 34.1817
11.664 838.5521 34.1840
11.674 838.5627 34.1848
11.684 838.5881 34.1840
11.694 838.5891 34.1819
11.704 838.5942 34.1835
11.714 838.6243 34.1842
11.724 838.5897 34.1822
11.734 838.6190 34.1825
11.744 838.6448 34.1837
11.754 838.6293 34.1848
11.764 838.6512 34.1833
11.774 838.6572 34.1835
11.784 838.6816 34.1840
11.804 833.7742 34.1920
11.874 835.1980 34.1928
11.884 838.6552 34.1852
11.894 839.0917 34.1858
11.904 839.1308 34.1826
11.914 839.1364 34.1806
11.924 839.1511 34.1823
11.934 839.1569 34.1817
11.944 839.1675 34.1791
11.954 839.1502 34.1799
11.964 839.1348 34.1787
11.974 839.1259 34.1794
11.984 839.1531 34.1813
11.994 839.1417 34.1814
12.004 839.1452 34.1807
12.014 839.1150 34.1815
12.024 839.1312 34.1827
12.034 839.1473 34.1805
12.044 839.1013 34.1797
12.054 839.1672 34.1789
12.064 839.1379 34.1786
12.074 839.1573 34.1794
12.084 839.1624 34.1787
12.094 839.1344 34.1787
12.104 839.1579 34.1795
12.114 839.1690 34.1799
12.124 839.1386 34.1805
12.134 839.1193 34.1811
12.144 839.1483 34.1818
12.154 839.1562 34.1790
12.164 839.1020 34.1777
12.174 839.1366 34.1803
12.184 839.1321 34.1787
12.194 839.1553 34.1780
12.204 839.1442 34.1799
12.214 839.1244 34.1801
12.224 839.1375 34.1813
12.234 839.1769 34.1811
12.244 839.1517 34.1787
12.254 839.1395 34.1774
12.264 839.1488 34.1782
12.274 839.1425 34.1798
12.284 839.1530 34.1798
12.294 839.1297 34.1774
12.304 839.1548 34.1782
12.314 839.1584 34.1799
12.324 839.1453 34.1793
12.334 839.1350 34.1794
12.344 839.1445 34.1781
12.354 839.1697 34.1780
12.364 839.1582 34.1789
12.374 839.1529 34.1806
12.384 839.1314 34.1806
12.394 839.1486 34.1786
12.404 839.1740 34.1780
12.414 839.1649 34.1782
12.424 839.1524 34.1782
12.434 839.1381 34.1787
12.444 839.1748 34.1814
12.454 839.1382 34.1806
12.464 839.1811 34.1802
12.474 839.2059 34.1821
12.484 839.1999 34.1811
12.494 839.1745 34.1794
12.504 839.1902 34.1786
12.514 839.1930 34.1798
12.524 839.2241 34.1813
12.534 839.2001 34.1811
12.544 839.2150 34.1818
12.554 839.2109 34.1815
12.564 839.1613 34.1814
12.574 839.1655 34.1821
12.584 839.1853 34.1817
12.594 839.1519 34.1819
12.604 839.1490 34.1834
12.614 839.1812 34.1827
12.624 839.1898 34.1807
12.634 839.4537 34.1811
12.644 841.7514 34.1797
12.654 838.0901 34.1797
12.664 837.9127 34.1818
12.674 839.0792 34.1830
12.684 839.2290 34.1838
12.694 839.2137 34.1810
12.704 839.2345 34.1781
12.714 839.2241 34.1793
12.724 839.2080 34.1798
12.734 839.2383 34.1793
12.744 839.2271 34.1797
12.754 839.2493 34.1817
12.764 839.2398 34.1830
12.774 839.2193 34.1809
12.784 839.1928 34.1819
12.794 839.2331 34.1829
12.804 839.2330 34.1801
12.814 839.2257 34.1807
12.824 839.2019 34.1819
12.834 839.2420 34.1817
12.844 839.2316 34.1822
12.854 839.2303 34.1798
12.864 839.2246 34.1793
12.874 839.2404 34.1810
12.884 839.2114 34.1801
12.894 839.2611 34.1807
12.904 839.2635 34.1810
12.914 839.2624 34.1821
12.924 839.2466 34.1823
12.934 839.2622 34.1813
12.944 839.2472 34.1829
12.954 839.2425 34.1827
12.964 839.2107 34.1798
12.974 839.2309 34.1801
12.984 839.2112 34.1839
12.994 839.2267 34.1850
13.004 839.2441 34.1847
13.014 839.2266 34.1835
13.024 839.2512 34.1830
13.034 839.1987 34.1833
13.044 839.2360 34.1826
13.054 839.2779 34.1835
13.064 839.3387 34.1840
13.074 839.2930 34.1855
13.084 839.1673 34.1858
13.094 839.1571 34.1829
13.104 839.2060 34.1818
13.114 839.2299 34.1825
13.124 839.2435 34.1844
13.134 839.2208 34.1860
13.144 839.2587 34.1866
13.154 839.2478 34.1858
13.164 839.2191 34.1843
13.174 839.2627 34.1871
13.184 839.2931 34.1874
13.194 839.2250 34.1852
13.204 839.2263 34.1864
13.214 839.2354 34.1874
13.224 839.2434 34.1847
13.234 839.2351 34.1847
13.244 839.2606 34.1867
13.254 839.2500 34.1831
13.264 839.2548 34.1806
13.274 839.2264 34.1830
13.284 839.2210 34.1856
13.294 839.2402 34.1860
13.304 839.2218 34.1838
13.314 839.2040 34.1839
13.324 839.2517 34.1858
13.334 839.2293 34.1846
13.344 839.2429 34.1839
13.354 839.2393 34.1839
13.364 839.2317 34.1854
13.374 839.2559 34.1860
13.384 839.2521 34.1852
13.394 839.2383 34.1866
13.404 839.2314 34.1862
13.414 839.2455 34.1840
13.424 839.2427 34.1840
13.434 839.2582 34.1847
13.444 839.2284 34.1851
13.454 839.2534 34.1859
13.464 839.2420 34.1862
13.474 839.2254 34.1846
13.484 839.2413 34.1827
13.494 839.2343 34.1848
13.504 839.2601 34.1871
13.514 839.2671 34.1858
13.524 839.2709 34.1856
13.534 839.2008 34.1871
13.544 839.2336 34.1860
13.554 839.2356 34.1859
13.564 839.2510 34.1895
13.574 839.2512 34.1880
13.584 839.2591 34.1871
13.594 839.2428 34.1880
13.604 839.2322 34.1863
13.614 839.2281 34.1856
13.624 839.2079 34.1858
13.634 839.2324 34.1871
13.644 839.2312 34.1872
13.654 839.2756 34.1867
13.664 839.2410 34.1858
13.674 839.2641 34.1850
13.684 839.2546 34.1847
13.694 839.2517 34.1837
13.704 839.2370 34.1842
13.714 839.2467 34.1854
13.724 839.2177 34.1868
13.734 839.2358 34.1875
13.744 839.2440 34.1874
13.754 839.2398 34.1871
13.764 839.2803 34.1866
13.774 839.2140 34.1864
13.784 839.2337 34.1859
13.794 839.2384 34.1884
13.804 839.2421 34.1893
13.814 839.2479 34.1890
13.824 839.2561 34.1887
13.834 839.2601 34.1874
13.844 839.2319 34.1858
13.854 839.2250 34.1848
13.864 839.2545 34.1871
13.874 839.2300 34.1880
13.884 839.2217 34.1874
13.894 839.2482 34.1870
13.904 839.2544 34.1863
13.914 839.2440 34.1866
13.924 839.2377 34.1893
13.934 839.2670 34.1905
13.944 839.2603 34.1883
13.954 839.2322 34.1878
13.964 839.2758 34.1875
13.974 839.2410 34.1862
13.984 839.2109 34.1872
13.994 839.2292 34.1876
14.004 839.2362 34.1879
14.014 839.2451 34.1899
14.024 839.2291 34.1893
14.034 839.2423 34.1887
14.044 839.2490 34.1901
14.054 839.2407 34.1895
14.064 839.2517 34.1896
14.074 839.2518 34.1904
14.084 839.2452 34.1878
14.094 839.2413 34.1870
14.104 839.2542 34.1882
14.114 839.2370 34.1879
14.124 839.2387 34.1891
14.134 839.2440 34.1909
14.144 839.2146 34.1901
14.154 839.2334 34.1904
14.164 839.2260 34.1903
14.174 839.2417 34.1904
14.184 839.2454 34.1925
14.194 839.2510 34.1899
14.204 839.2445 34.1890
14.214 839.2341 34.1921
14.224 839.2589 34.1908
14.234 839.2207 34.1890
14.244 839.2243 34.1913
14.254 839.2733 34.1923
14.264 839.2423 34.1897
14.274 839.2308 34.1892
14.284 839.2507 34.1903
14.294 839.2387 34.1892
14.304 839.2466 34.1899
14.314 839.2383 34.1916
14.324 839.2608 34.1909
14.334 839.2521 34.1899
14.344 839.2474 34.1887
14.354 839.2655 34.1896
14.364 839.2382 34.1916
14.374 839.2334 34.1911
14.384 839.2660 34.1905
14.394 839.2598 34.1901
14.404 839.2457 34.1903
14.414 839.2290 34.1897
14.424 839.2330 34.1907
14.434 839.2669 34.1923
14.444 839.2148 34.1925
14.454 839.2285 34.1927
14.464 839.2489 34.1923
14.474 839.1943 34.1907
14.484 839.2485 34.1904
14.494 839.2084 34.1915
14.504 839.2504 34.1913
14.514 839.2203 34.1923
14.524 839.2252 34.1928
14.534 839.2403 34.1931
14.544 839.2318 34.1945
14.554 839.2455 34.1964
14.564 839.2520 34.1944
14.574 839.2163 34.1912
14.584 839.2472 34.1905
14.594 839.2739 34.1912
14.604 839.2628 34.1924
14.614 839.2178 34.1927
14.624 839.2513 34.1932
14.634 839.2153 34.1937
14.644 839.2356 34.1939
14.654 839.2440 34.1923
14.664 839.2666 34.1921
14.674 839.2342 34.1937
14.684 839.2435 34.1937
14.694 839.2388 34.1942
14.704 839.2309 34.1942
14.714 839.2488 34.1936
14.724 839.2312 34.1933
14.734 839.2516 34.1929
14.744 839.2356 34.1929
14.754 839.2369 34.1913
14.764 839.2586 34.1908
14.774 839.2403 34.1931
14.784 839.2413 34.1948
14.794 839.2330 34.1941
14.804 839.2448 34.1927
14.814 839.2232 34.1936
14.824 839.2485 34.1942
14.834 839.2522 34.1925
14.844 839.2057 34.1924
14.854 839.2139 34.1946
14.864 839.2253 34.1958
14.874 839.2749 34.1954
14.884 839.2536 34.1954
14.894 839.2892 34.1946
14.904 839.2462 34.1929
14.914 839.2410 34.1931
14.924 839.2384 34.1927
14.934 839.2743 34.1939
14.944 839.2473 34.1961
14.954 839.2404 34.1962
14.964 839.2405 34.1952
14.974 839.2669 34.1944
14.984 839.2312 34.1962
14.994 839.2537 34.1958
15.004 839.2295 34.1949
15.014 839.2192 34.1949
15.024 839.2593 34.1950
15.034 839.2817 34.1960
15.044 839.2345 34.1957
15.054 839.2551 34.1941
15.064 839.2585 34.1945
15.074 839.2228 34.1968
15.084 839.2401 34.1961
15.094 839.2168 34.1964
15.104 839.2571 34.1968
15.114 839.2617 34.1957
15.124 839.2456 34.1961
15.134 839.2421 34.1960
15.144 839.2267 34.1961
15.154 839.2173 34.1976
15.164 839.2502 34.1976
15.174 839.2619 34.1953
15.184 839.2349 34.1932
15.194 839.2493 34.1941
15.204 839.2547 34.1968
15.214 839.2184 34.1989
15.224 839.2486 34.1978
15.234 839.2350 34.1954
15.244 839.2463 34.1950
15.254 839.2533 34.1968
15.264 839.2443 34.1968
15.274 839.2550 34.1968
15.284 839.2791 34.1966
15.294 839.2513 34.1973
15.304 839.2136 34.1977
15.314 839.2449 34.1953
15.324 839.2498 34.1961
15.334 839.2573 34.1978
15.344 839.2432 34.1969
15.354 839.2206 34.1990
15.364 839.2354 34.2003
15.374 839.2051 34.1969
15.384 839.2234 34.1964
15.394 839.2625 34.1970
15.404 839.2460 34.1972
15.414 839.2690 34.1973
15.424 839.2515 34.1994
15.434 839.2559 34.1988
15.444 839.2417 34.1972
15.454 839.2066 34.1990
15.464 839.2483 34.1997
15.474 839.2134 34.1995
15.484 839.2385 34.1985
15.494 839.2463 34.1978
15.504 839.2083 34.1982
15.514 839.2486 34.1974
15.524 839.2616 34.1961
15.534 839.2562 34.1972
15.544 839.2314 34.1977
15.554 839.2386 34.1985
15.564 839.2307 34.1997
15.574 839.2318 34.1978
15.584 839.2601 34.1973
15.594 839.2562 34.1984
15.604 839.2398 34.1984
15.614 839.2527 34.1977
15.624 839.2397 34.1977
15.634 839.2494 34.1982
15.644 839.2131 34.1988
15.654 839.2297 34.2011
15.664 839.2447 34.2010
15.674 839.2567 34.1992
15.684 839.2751 34.1976
15.694 839.2277 34.1982
15.704 839.2405 34.1994
15.714 839.2305 34.1993
15.724 839.2356 34.1986
15.734 839.2440 34.1972
15.744 839.2329 34.1986
15.754 839.2499 34.1997
15.764 839.2159 34.1985
15.774 839.2395 34.1986
15.784 839.2164 34.2007
15.794 839.2798 34.2006
15.804 839.2451 34.1994
15.814 839.2360 34.1993
15.824 839.2536 34.1997
15.834 839.2374 34.1989
15.844 839.2401 34.1990
15.854 839.2153 34.2009
15.864 839.2412 34.2002
15.874 839.2140 34.1999
15.884 839.2471 34.2017
15.894 839.2649 34.2006
15.904 839.2563 34.1980
15.914 839.2301 34.1976
15.924 839.2398 34.1986
15.934 839.2482 34.1981
15.944 839.2505 34.1980
15.954 839.2478 34.2001
15.964 839.2173 34.2026
15.974 839.2377 34.2037
15.984 839.2030 34.2014
15.994 839.1992 34.1992
16.004 839.1994 34.2006
16.014 839.2711 34.2026
16.024 839.2080 34.2013
16.034 839.2278 34.1995
16.044 839.2344 34.2007
16.054 839.2187 34.2005
16.064 839.2339 34.1986
16.074 839.2195 34.1988
16.084 839.2417 34.2003
16.094 839.2398 34.1994
16.104 839.2511 34.1994
16.114 839.2417 34.2009
16.124 839.2458 34.2011
16.134 839.2652 34.2033
16.144 839.2434 34.2033
16.154 839.2614 34.2001
16.164 839.2551 34.1992
16.174 839.2450 34.2011
16.184 839.2226 34.2018
16.194 839.2269 34.2021
16.204 839.2496 34.2027
16.214 839.2410 34.2035
16.224 839.2598 34.2009
16.234 839.2348 34.2005
16.244 839.2460 34.2034
16.254 839.2748 34.2030
16.264 839.2326 34.2025
16.274 839.2380 34.2013
16.284 839.1982 34.2023
16.294 839.2798 34.2054
16.304 839.2396 34.2019
16.314 839.2680 34.1995
16.324 839.2665 34.2013
16.334 839.2444 34.2035
16.344 839.2380 34.2035
16.354 839.2455 34.2017
16.364 839.2808 34.2029
16.374 839.2423 34.2034
16.384 839.2729 34.2050
16.394 839.2170 34.2051
16.404 839.2643 34.2031
16.414 839.2454 34.2035
16.424 839.2477 34.2054
16.434 839.2387 34.2068
16.444 839.2624 34.2047
16.454 839.2482 34.2030
16.464 839.2693 34.2038
16.474 839.2346 34.2058
16.484 839.2755 34.2071
16.494 839.2549 34.2047
16.504 839.2471 34.2030
16.514 839.2796 34.2048
16.524 839.2362 34.2050
16.534 839.2405 34.2047
16.544 839.2385 34.2045
16.554 839.2215 34.2034
16.564 839.2235 34.2047
16.574 839.2247 34.2062
16.584 839.2326 34.2054
16.594 839.2469 34.2035
16.604 839.2372 34.2030
16.614 839.2438 34.2029
16.624 839.2254 34.2025
16.634 839.2608 34.2026
16.644 839.2340 34.2041
16.654 839.2260 34.2052
16.664 839.2551 34.2070
16.674 839.2633 34.2075
16.684 839.2456 34.2046
16.694 839.2325 34.2035
16.704 839.2617 34.2050
16.714 839.2742 34.2042
16.724 839.2608 34.2038
16.734 839.2366 34.2066
16.744 839.2330 34.2062
16.754 839.2578 34.2046
16.764 839.2437 34.2070
16.774 839.2262 34.2080
16.784 839.2231 34.2071
16.794 839.2785 34.2050
16.804 839.2482 34.2046
16.814 839.2260 34.2046
16.824 839.2159 34.2052
16.834 839.2612 34.2054
16.844 839.2709 34.2030
16.854 839.2662 34.2050
16.864 839.2367 34.2066
16.874 839.2803 34.2050
16.884 839.1993 34.2038
16.894 839.2436 34.2050
16.904 839.2341 34.2060
16.914 839.2130 34.2055
16.924 839.2633 34.2067
16.934 839.2353 34.2072
16.944 839.2055 34.2066
16.954 839.2245 34.2066
16.964 839.2537 34.2088
16.974 839.2451 34.2095
16.984 839.2663 34.2071
16.994 839.2186 34.2062
17.004 839.2328 34.2039
17.014 839.2573 34.2026
17.024 839.2762 34.2039
17.034 839.2396 34.2059
17.044 839.2456 34.2070
17.054 839.2227 34.2059
17.064 839.2220 34.2063
17.074 839.2245 34.2071
17.084 839.2476 34.2076
17.094 839.2538 34.2090
17.104 839.2700 34.2078
17.114 839.2335 34.2063
17.124 839.2447 34.2066
17.134 839.2571 34.2088
17.144 839.2438 34.2083
17.154 839.2673 34.2082
17.164 839.2564 34.2103
17.174 839.2535 34.2086
17.184 839.2294 34.2066
17.194 839.2489 34.2076
17.204 839.2304 34.2101
17.214 839.2330 34.2107
17.224 839.2611 34.2099
17.234 839.2270 34.2090
17.244 839.2432 34.2084
17.254 839.2245 34.2090
17.264 839.2553 34.2105
17.274 839.2482 34.2086
17.284 839.2390 34.2090
17.294 839.2288 34.2112
17.304 839.2336 34.2078
17.314 839.2119 34.2060
17.324 839.2308 34.2066
17.334 839.2625 34.2058
17.344 839.2146 34.2067
17.354 839.2411 34.2075
17.364 839.2417 34.2078
17.374 839.2432 34.2075
17.384 839.2305 34.2083
17.394 839.2461 34.2096
17.404 839.2418 34.2101
17.414 839.2452 34.2096
17.424 839.2203 34.2094
17.434 839.2315 34.2105
17.444 839.2480 34.2104
17.454 839.2505 34.2095
17.464 839.2454 34.2109
17.474 839.2615 34.2115
17.484 839.2347 34.2096
17.494 839.2461 34.2098
17.504 839.2694 34.2091
17.514 839.2496 34.2092
17.524 839.2238 34.2087
17.534 839.2771 34.2088
17.544 839.2490 34.2088
17.554 839.2178 34.2080
17.564 839.2301 34.2109
17.574 839.2334 34.2117
17.584 839.2309 34.2100
17.594 839.2296 34.2088
17.604 839.2564 34.2103
17.614 839.2461 34.2115
17.624 839.2472 34.2086
17.634 839.2555 34.2084
17.644 839.2083 34.2100
17.654 839.2681 34.2105
17.664 839.2213 34.2099
17.674 839.2279 34.2090
17.684 839.2492 34.2109
17.694 839.2778 34.2115
17.704 839.2535 34.2120
17.714 839.2428 34.2127
17.724 839.1981 34.2120
17.734 839.2878 34.2120
17.744 839.2360 34.2108
17.754 839.2109 34.2107
17.764 839.2717 34.2115
17.774 839.2516 34.2128
17.784 839.2613 34.2128
17.794 839.2576 34.2112
17.804 839.2342 34.2111
17.814 839.2439 34.2104
17.824 839.2266 34.2104
17.834 839.2315 34.2120
17.844 839.2568 34.2136
17.854 839.2178 34.2131
17.864 839.2376 34.2104
17.874 839.2070 34.2104
17.884 839.2431 34.2116
17.894 839.2384 34.2111
17.904 839.2259 34.2091
17.914 839.2400 34.2100
17.924 839.2424 34.2129
17.934 839.2114 34.2129
17.944 839.2257 34.2129
17.954 839.2593 34.2139
17.964 839.2447 34.2133
17.974 839.2377 34.2116
17.984 839.2466 34.2115
17.994 839.2434 34.2117
18.004 839.2550 34.2124
18.014 839.2500 34.2124
18.024 839.2475 34.2112
18.034 839.2476 34.2094
18.044 839.2167 34.2112
18.054 839.2809 34.2147
18.064 839.2525 34.2140
18.074 839.2487 34.2144
18.084 839.2374 34.2128
18.094 839.2377 34.2116
18.104 839.2205 34.2143
18.114 839.2505 34.2158
18.124 839.2351 34.2156
18.134 839.2472 34.2149
18.144 839.2775 34.2131
18.154 839.2492 34.2128
18.164 839.2567 34.2139
18.174 839.2280 34.2133
18.184 839.2273 34.2113
18.194 839.2335 34.2108
18.204 839.2188 34.2132
18.214 839.2326 34.2131
18.224 839.2406 34.2133
18.234 839.2306 34.2152
18.244 839.2369 34.2144
18.254 839.2325 34.2123
18.264 839.2230 34.2109
18.274 839.2685 34.2125
18.284 839.2324 34.2157
18.294 839.2402 34.2144
18.304 839.2489 34.2121
18.314 839.2395 34.2135
18.324 839.2349 34.2148
18.334 839.2456 34.2154
18.344 839.2508 34.2157
18.354 839.2394 34.2165
18.364 839.2301 34.2151
18.374 839.2415 34.2149
18.384 839.2287 34.2156
18.394 839.2437 34.2133
18.404 839.2417 34.2133
18.414 839.2369 34.2132
18.424 839.2664 34.2129
18.434 839.2395 34.2145
18.444 839.2536 34.2131
18.454 839.2662 34.2139
18.464 839.2563 34.2168
18.474 839.2441 34.2149
18.484 839.2254 34.2135
18.494 839.2196 34.2147
18.504 839.2458 34.2156
18.514 839.2420 34.2154
18.524 839.2399 34.2172
18.534 839.3022 34.2185
18.544 839.2486 34.2152
18.554 839.2346 34.2140
18.564 839.2991 34.2147
18.574 839.2333 34.2143
18.584 839.2370 34.2151
18.594 839.2463 34.2149
18.604 839.2453 34.2154
18.614 839.2505 34.2148
18.624 839.2593 34.2158
18.634 839.2321 34.2157
18.644 839.2622 34.2152
18.654 839.2244 34.2161
18.664 839.2503 34.2145
18.674 839.2497 34.2166
18.684 839.2490 34.2192
18.694 839.2526 34.2182
18.704 839.2476 34.2164
18.714 839.2319 34.2161
18.724 839.2552 34.2161
18.734 839.2133 34.2156
18.744 839.2517 34.2170
18.754 839.2609 34.2176
18.764 839.2328 34.2176
18.774 839.2350 34.2186
18.784 839.2458 34.2189
18.794 839.2576 34.2180
18.804 839.2565 34.2160
18.814 839.2237 34.2162
18.824 839.2332 34.2181
18.834 839.2195 34.2176
18.844 839.2293 34.2169
18.854 839.2731 34.2169
18.864 839.2541 34.2165
18.874 839.2568 34.2160
18.884 839.2480 34.2166
18.894 839.2349 34.2169
18.904 839.2368 34.2164
18.914 839.2455 34.2185
18.924 839.2243 34.2197
18.934 839.2535 34.2192
18.944 839.2661 34.2188
18.954 839.2393 34.2180
18.964 839.2390 34.2177
18.974 839.2514 34.2186
18.984 839.2177 34.2185
18.994 839.2441 34.2178
19.004 839.2625 34.2189
19.014 839.2544 34.2189
19.024 839.2496 34.2181
19.034 839.2374 34.2197
19.044 839.2078 34.2188
19.054 839.2454 34.2164
19.064 839.2308 34.2178
19.074 839.2422 34.2189
19.084 839.2462 34.2176
19.094 839.2532 34.2188
19.104 839.2329 34.2198
19.114 839.2667 34.2168
19.124 839.2221 34.2176
19.134 839.2258 34.2184
19.144 839.2266 34.2169
19.154 839.2460 34.2180
19.164 839.2549 34.2188
19.174 839.2129 34.2185
19.184 839.2152 34.2192
19.194 839.2425 34.2185
19.204 839.2204 34.2168
19.214 839.2194 34.2198
19.224 839.2572 34.2188
19.234 839.2554 34.2178
19.244 839.2488 34.2210
19.254 839.2603 34.2186
19.264 839.2207 34.2170
19.274 839.2368 34.2194
19.284 839.2576 34.2198
19.294 839.2400 34.2198
19.304 839.2374 34.2215
19.314 839.2426 34.2201
19.324 839.2401 34.2178
19.334 839.2553 34.2178
19.344 839.2623 34.2186
19.354 839.2493 34.2209
19.364 839.2505 34.2219
19.374 839.2273 34.2215
19.384 839.2583 34.2197
19.394 839.2940 34.2185
19.404 839.2286 34.2206
19.414 839.2495 34.2214
19.424 839.2856 34.2203
19.434 839.2284 34.2192
19.444 839.2774 34.2193
19.454 839.2468 34.2203
19.464 839.2721 34.2202
19.474 839.2580 34.2190
19.484 839.2356 34.2196
19.494 839.2474 34.2205
19.504 839.2381 34.2215
19.514 839.2494 34.2209
19.524 839.2315 34.2209
19.534 839.2279 34.2218
19.544 839.2652 34.2202
19.554 839.2451 34.2198
19.564 839.2126 34.2211
19.574 839.2597 34.2193
19.584 839.2482 34.2186
19.594 839.2404 34.2196
19.604 839.2414 34.2196
19.614 839.2501 34.2219
19.624 839.2356 34.2218
19.634 839.2724 34.2209
19.644 839.2253 34.2210
19.654 839.2594 34.2198
19.664 839.2240 34.2213
19.674 839.2424 34.2226
19.684 839.2486 34.2207
19.694 839.2645 34.2198
19.704 839.2424 34.2202
19.714 839.2330 34.2218
19.724 839.2462 34.2209
19.734 839.2419 34.2194
19.744 839.2652 34.2205
19.754 839.2377 34.2209
19.764 839.2556 34.2207
19.774 839.2523 34.2205
19.784 839.2331 34.2211
19.794 839.2416 34.2197
19.804 839.2101 34.2185
19.814 839.2465 34.2219
19.824 839.2224 34.2243
19.834 839.2520 34.2217
19.844 839.2255 34.2192
19.854 839.2258 34.2203
19.864 839.2565 34.2201
19.874 839.2607 34.2214
19.884 839.2212 34.2225
19.894 839.2238 34.2213
19.904 839.1962 34.2217
19.914 839.2709 34.2210
19.924 839.2619 34.2211
19.934 839.2483 34.2221
19.944 839.2165 34.2206
19.954 839.2840 34.2215
19.964 839.2582 34.2219
19.974 839.2564 34.2207
19.984 839.2765 34.2221
19.994 839.2305 34.2221
20.004 839.2488 34.2225
20.014 839.2300 34.2227
20.024 839.2646 34.2223
20.034 839.2449 34.2238
20.044 839.2077 34.2238
20.054 839.2522 34.2239
20.064 839.2185 34.2243
20.074 839.2269 34.2245
20.084 839.2235 34.2241
20.094 839.2126 34.2234
20.104 839.2398 34.2243
20.114 839.2646 34.2246
20.124 839.2053 34.2226
20.134 839.2423 34.2202
20.144 839.2540 34.2217
20.154 839.2480 34.2218
20.164 839.2529 34.2209
20.174 839.2374 34.2227
20.184 839.2703 34.2234
20.194 839.2553 34.2243
20.204 839.2497 34.2239
20.214 839.2351 34.2226
20.224 839.2418 34.2241
20.234 839.2541 34.2247
20.244 839.2730 34.2242
20.254 839.2105 34.2235
20.264 839.2174 34.2250
20.274 839.2474 34.2258
20.284 839.2653 34.2239
20.294 839.2524 34.2237
20.304 839.2402 34.2235
20.314 839.2242 34.2231
20.324 839.2571 34.2225
20.334 839.2336 34.2241
20.344 839.2529 34.2255
20.354 839.2409 34.2246
20.364 839.2283 34.2245
20.374 839.2593 34.2238
20.384 839.2394 34.2230
20.394 839.2542 34.2233
20.404 839.2620 34.2241
20.414 839.2252 34.2247
20.424 839.2716 34.2250
20.434 839.2336 34.2233
20.444 839.2422 34.2243
20.454 839.2169 34.2278
20.464 839.2312 34.2271
20.474 839.2376 34.2256
20.484 839.2209 34.2253
20.494 839.2352 34.2259
20.504 839.2249 34.2267
20.514 839.2553 34.2256
20.524 839.2486 34.2247
20.534 839.2635 34.2238
20.544 839.2336 34.2234
20.554 839.2142 34.2258
20.564 839.2373 34.2266
20.574 839.2345 34.2242
20.584 839.2444 34.2233
20.594 839.2366 34.2253
20.604 839.2537 34.2272
20.614 839.2456 34.2267
20.624 839.2367 34.2251
20.634 839.2281 34.2250
20.644 839.2424 34.2271
20.654 839.2328 34.2267
20.664 839.2495 34.2255
20.674 839.2097 34.2251
20.684 839.2425 34.2238
20.694 839.2613 34.2247
20.704 839.2439 34.2258
20.714 839.2488 34.2249
20.724 839.2418 34.2263
20.734 839.2198 34.2283
20.744 839.2311 34.2264
20.754 839.2410 34.2258
20.764 839.2523 34.2262
20.774 839.2377 34.2264
20.784 839.2421 34.2271
20.794 839.2500 34.2263
20.804 839.2545 34.2253
20.814 839.2357 34.2229
20.824 839.2496 34.2242
20.834 839.2230 34.2279
20.844 839.2467 34.2260
20.854 839.2387 34.2264
20.864 839.2033 34.2259
20.874 839.2308 34.2246
20.884 839.2649 34.2268
20.894 839.2488 34.2266
20.904 839.2491 34.2259
20.914 839.2491 34.2287
20.924 839.2448 34.2283
20.934 839.2479 34.2268
20.944 839.2242 34.2288
20.954 839.2838 34.2279
20.964 839.2462 34.2288
20.974 839.2413 34.2290
20.984 839.2151 34.2272
20.994 839.2291 34.2278
21.004 839.2279 34.2275
21.014 839.2407 34.2274
21.024 839.2202 34.2275
21.034 839.2530 34.2284
21.044 839.2457 34.2287
21.054 839.2441 34.2264
21.064 839.2386 34.2254
21.074 839.2575 34.2256
21.084 839.2431 34.2275
21.094 839.2140 34.2280
21.104 839.2098 34.2274
21.114 839.2371 34.2291
21.124 839.2586 34.2283
21.134 839.2603 34.2274
21.144 839.2195 34.2287
21.154 839.2330 34.2287
21.164 839.2542 34.2303
21.174 839.2318 34.2291
21.184 839.2250 34.2275
21.194 839.2544 34.2309
21.204 839.2282 34.2300
21.214 839.2580 34.2286
21.224 839.2391 34.2282
21.234 839.2165 34.2271
21.244 839.2406 34.2284
21.254 839.2315 34.2278
21.264 839.2761 34.2263
21.274 839.2558 34.2267
21.284 839.2499 34.2280
21.294 839.2084 34.2294
21.304 839.2319 34.2298
21.314 839.2294 34.2292
21.324 839.2222 34.2283
21.334 839.2605 34.2272
21.344 839.2192 34.2270
21.354 839.2228 34.2276
21.364 839.2626 34.2284
21.374 839.2418 34.2294
21.384 839.2335 34.2299
21.394 839.2239 34.2299
21.404 839.2434 34.2302
21.414 839.2420 34.2284
21.424 839.2450 34.2284
21.434 839.2040 34.2303
21.444 839.2466 34.2307
21.454 839.2244 34.2302
21.464 839.2480 34.2290
21.474 839.2533 34.2288
21.484 839.2348 34.2299
21.494 839.2172 34.2313
21.504 839.2297 34.2307
21.514 839.2518 34.2295
21.524 839.2175 34.2292
21.534 839.2445 34.2284
21.544 839.2430 34.2275
21.554 839.2412 34.2282
21.564 839.2631 34.2292
21.574 839.2552 34.2300
21.584 839.2533 34.2303
21.594 839.2395 34.2294
21.604 839.2377 34.2294
21.614 839.2436 34.2295
21.624 839.2382 34.2295
21.634 839.2043 34.2306
21.644 839.2192 34.2311
21.654 839.2454 34.2302
21.664 839.2363 34.2287
21.674 839.2417 34.2304
21.684 839.2288 34.2307
21.694 839.2606 34.2307
21.704 839.2633 34.2308
21.714 839.2745 34.2284
21.724 839.2298 34.2307
21.734 839.2267 34.2341
21.744 839.2446 34.2315
21.754 839.2430 34.2296
21.764 839.2319 34.2311
21.774 839.2284 34.2315
21.784 839.2440 34.2308
21.794 839.2430 34.2309
21.804 839.2296 34.2329
21.814 839.2205 34.2320
21.824 839.2501 34.2321
21.834 839.2266 34.2311
21.844 839.2487 34.2303
21.854 839.2144 34.2317
21.864 839.2798 34.2321
21.874 839.2357 34.2317
21.884 839.2425 34.2308
21.894 839.2630 34.2312
21.904 839.2129 34.2303
21.914 839.2375 34.2306
21.924 839.2250 34.2313
21.934 839.2282 34.2325
21.944 839.2594 34.2329
21.954 839.2419 34.2319
21.964 839.2205 34.2313
21.974 839.2467 34.2315
21.984 839.2244 34.2312
21.994 839.2774 34.2321
22.004 839.2573 34.2328
22.014 839.2239 34.2340
22.024 839.2352 34.2333
22.034 839.2532 34.2308
22.044 839.2497 34.2304
22.054 839.2411 34.2309
22.064 839.2302 34.2296
22.074 839.2400 34.2312
22.084 839.2266 34.2333
22.094 839.2514 34.2309
22.104 839.2316 34.2309
22.114 839.2478 34.2319
22.124 839.2597 34.2329
22.134 839.2311 34.2320
22.144 839.2421 34.2324
22.154 839.2315 34.2347
22.164 839.2266 34.2353
22.174 839.2115 34.2353
22.184 839.2231 34.2353
22.194 839.2307 34.2341
22.204 839.2378 34.2333
22.214 839.2301 34.2352
22.224 839.2360 34.2344
22.234 839.2607 34.2320
22.244 839.2478 34.2325
22.254 839.2446 34.2329
22.264 839.2431 34.2323
22.274 839.2239 34.2313
22.284 839.2050 34.2337
22.294 839.2430 34.2357
22.304 839.2748 34.2337
22.314 839.2698 34.2309
22.324 839.2514 34.2303
22.334 839.2556 34.2331
22.344 839.2727 34.2333
22.354 839.2380 34.2320
22.364 839.2262 34.2321
22.374 839.2643 34.2336
22.384 839.2417 34.2347
22.394 839.2466 34.2336
22.404 839.2565 34.2339
22.414 839.2453 34.2352
22.424 839.2201 34.2349
22.434 839.2345 34.2336
22.444 839.2556 34.2337
22.454 839.2229 34.2341
22.464 839.2068 34.2339
22.474 839.2218 34.2352
22.484 839.2131 34.2359
22.494 839.2405 34.2341
22.504 839.2251 34.2341
22.514 839.2363 34.2339
22.524 839.2345 34.2337
22.534 839.2452 34.2347
22.544 839.2463 34.2332
22.554 839.2465 34.2333
22.564 839.2338 34.2344
22.574 839.2314 34.2348
22.584 839.2132 34.2359
22.594 839.2475 34.2359
22.604 839.2345 34.2349
22.614 839.2446 34.2355
22.624 839.2731 34.2356
22.634 839.2422 34.2347
22.644 839.2083 34.2335
22.654 839.2724 34.2343
22.664 839.2548 34.2369
22.674 839.2320 34.2359
22.684 839.2499 34.2347
22.694 839.2411 34.2362
22.704 839.2462 34.2361
22.714 839.2656 34.2362
22.724 839.2421 34.2368
22.734 839.2595 34.2361
22.744 839.2286 34.2347
22.754 839.2245 34.2355
22.764 839.2288 34.2373
22.774 839.2354 34.2372
22.784 839.2356 34.2378
22.794 839.2333 34.2369
22.804 839.2267 34.2366
22.814 839.2429 34.2382
22.824 839.2705 34.2362
22.834 839.2274 34.2357
22.844 839.2423 34.2372
22.854 839.2353 34.2364
22.864 839.2329 34.2344
22.874 839.2270 34.2356
22.884 839.2434 34.2356
22.894 839.2557 34.2341
22.904 839.2265 34.2351
22.914 839.2488 34.2344
22.924 839.2385 34.2362
22.934 839.2359 34.2377
22.944 839.2599 34.2357
22.954 839.2540 34.2349
22.964 839.2428 34.2374
22.974 839.2505 34.2381
22.984 839.1846 34.2393
22.994 839.2537 34.2396
23.004 839.2454 34.2392
23.014 839.2086 34.2377
23.024 839.2350 34.2357
23.034 839.2249 34.2364
23.044 839.2399 34.2366
23.054 839.2593 34.2378
23.064 839.2327 34.2373
23.074 839.2351 34.2368
23.084 839.2326 34.2390
23.094 839.2259 34.2405
23.104 839.2507 34.2373
23.114 839.2512 34.2359
23.124 839.2529 34.2374
23.134 839.2559 34.2385
23.144 839.2362 34.2370
23.154 839.2340 34.2349
23.164 839.2028 34.2369
23.174 839.2490 34.2385
23.184 839.2351 34.2378
23.194 839.2476 34.2369
23.204 839.2331 34.2366
23.214 839.2358 34.2376
23.224 839.2449 34.2382
23.234 839.2900 34.2397
23.244 839.2406 34.2394
23.254 839.2312 34.2370
23.264 839.2636 34.2361
23.274 839.2430 34.2369
23.284 839.2649 34.2382
23.294 839.2499 34.2392
23.304 839.2100 34.2401
23.314 839.2494 34.2397
23.324 839.2210 34.2404
23.334 839.2247 34.2404
23.344 839.2523 34.2382
23.354 839.2429 34.2384
23.364 839.2193 34.2398
23.374 839.2159 34.2397
23.384 839.2535 34.2378
23.394 839.2416 34.2372
23.404 839.2534 34.2398
23.414 839.2529 34.2410
23.424 839.2266 34.2400
23.434 839.2542 34.2381
23.444 839.2510 34.2373
23.454 839.2196 34.2398
23.464 839.2291 34.2393
23.474 839.2405 34.2389
23.484 839.2424 34.2413
23.494 839.2494 34.2408
23.504 839.2390 34.2393
23.514 839.2583 34.2404
23.524 839.2522 34.2400
23.534 839.2407 34.2385
23.544 839.2228 34.2388
23.554 839.2198 34.2397
23.564 839.2599 34.2405
23.574 839.2471 34.2389
23.584 839.2183 34.2396
23.594 839.2410 34.2418
23.604 839.2259 34.2423
23.614 839.2251 34.2415
23.624 839.2465 34.2418
23.634 839.2292 34.2421
23.644 839.2369 34.2402
23.654 839.2449 34.2402
23.664 839.2569 34.2408
23.674 839.2179 34.2413
23.684 839.2323 34.2409
23.694 839.2268 34.2400
23.704 839.2359 34.2411
23.714 839.2483 34.2414
23.724 839.1956 34.2409
23.734 839.2328 34.2406
23.744 839.2267 34.2409
23.754 839.2290 34.2409
23.764 839.2289 34.2400
23.774 839.2512 34.2392
23.784 839.2368 34.2400
23.794 839.2404 34.2414
23.804 839.2372 34.2411
23.814 839.2257 34.2417
23.824 839.2255 34.2419
23.834 839.2339 34.2427
23.844 839.2476 34.2422
23.854 839.2316 34.2422
23.864 839.2637 34.2422
23.874 839.2385 34.2433
23.884 839.2811 34.2438
23.894 839.2209 34.2402
23.904 839.2163 34.2417
23.914 839.2090 34.2449
23.924 839.2189 34.2441
23.934 839.2604 34.2413
23.944 839.2420 34.2413
23.954 839.2421 34.2427
23.964 839.2475 34.2423
23.974 839.2371 34.2410
23.984 839.2513 34.2418
23.994 839.2366 34.2431
24.004 839.2827 34.2441
24.014 839.2337 34.2447
24.024 839.2575 34.2439
24.034 839.2048 34.2413
24.044 839.2498 34.2406
24.054 839.2528 34.2431
24.064 839.2208 34.2430
24.074 839.2226 34.2418
24.084 839.2383 34.2398
24.094 839.2403 34.2392
24.104 839.2147 34.2415
24.114 839.2285 34.2433
24.124 839.2277 34.2430
24.134 839.2537 34.2414
24.144 839.2449 34.2397
24.154 839.2640 34.2394
24.164 839.2308 34.2413
24.174 839.2302 34.2419
24.184 839.2285 34.2417
24.194 839.2623 34.2439
24.204 839.2393 34.2443
24.214 839.2285 34.2435
24.224 839.2499 34.2441
24.234 839.2467 34.2437
24.244 839.2586 34.2434
24.254 839.2288 34.2434
24.264 839.2365 34.2450
24.274 839.2444 34.2461
24.284 839.2193 34.2434
24.294 839.2267 34.2425
24.304 839.2384 34.2435
24.314 839.2338 34.2441
24.324 839.2864 34.2445
24.334 839.2708 34.2438
24.344 839.2374 34.2433
24.354 839.2232 34.2425
24.364 839.2249 34.2434
24.374 839.2427 34.2447
24.384 839.2660 34.2451
24.394 839.2441 34.2462
24.404 839.2242 34.2447
24.414 839.2202 34.2434
24.424 839.2329 34.2426
24.434 839.2298 34.2417
24.444 839.2755 34.2425
24.454 839.2550 34.2415
24.464 839.2330 34.2431
24.474 839.2484 34.2466
24.484 839.2279 34.2455
24.494 839.2553 34.2438
24.504 839.2421 34.2441
24.514 839.2481 34.2453
24.524 839.2424 34.2458
24.534 839.2523 34.2447
24.544 839.2412 34.2443
24.554 839.2478 34.2431
24.564 839.2433 34.2442
24.574 839.2350 34.2457
24.584 839.2315 34.2442
24.594 839.2566 34.2441
24.604 839.2271 34.2454
24.614 839.2321 34.2470
24.624 839.2453 34.2458
24.634 839.2533 34.2454
24.644 839.2176 34.2466
24.654 839.2801 34.2449
24.664 839.2293 34.2466
24.674 839.2496 34.2471
24.684 839.2223 34.2461
24.694 839.2665 34.2463
24.704 839.2515 34.2450
24.714 839.2786 34.2451
24.724 839.2263 34.2458
24.734 839.2395 34.2464
24.744 839.2390 34.2458
24.754 839.2031 34.2439
24.764 839.1949 34.2453
24.774 839.2091 34.2467
24.784 839.2320 34.2459
24.794 839.2377 34.2450
24.804 839.2617 34.2453
24.814 839.2437 34.2459
24.824 839.2439 34.2459
24.834 839.2174 34.2446
24.844 839.2044 34.2427
24.854 839.2329 34.2451
24.864 839.2174 34.2479
24.874 839.2462 34.2482
24.884 839.2529 34.2464
24.894 839.2208 34.2457
24.904 839.2580 34.2459
24.914 839.2462 34.2466
24.924 839.2762 34.2464
24.934 839.2386 34.2459
24.944 839.2522 34.2459
24.954 839.2565 34.2457
24.964 839.2241 34.2458
24.974 839.2461 34.2455
24.984 839.2233 34.2459
24.994 839.2471 34.2474
25.004 839.2460 34.2466
25.014 839.2408 34.2462
25.024 839.2327 34.2457
25.034 839.2236 34.2457
25.044 839.2529 34.2467
25.054 839.2263 34.2479
25.064 839.2045 34.2490
25.074 839.2493 34.2484
25.084 839.2505 34.2476
25.094 839.2454 34.2490
25.104 839.2519 34.2480
25.114 839.1992 34.2457
25.124 839.2225 34.2467
25.134 839.2592 34.2475
25.144 839.2177 34.2483
25.154 839.2214 34.2471
25.164 839.2260 34.2472
25.174 839.2411 34.2478
25.184 839.2354 34.2458
25.194 839.2315 34.2475
25.204 839.2420 34.2487
25.214 839.2373 34.2478
25.224 839.2341 34.2487
25.234 839.2297 34.2483
25.244 839.2429 34.2478
25.254 839.2386 34.2476
25.264 839.2354 34.2475
25.274 839.2373 34.2491
25.284 839.2471 34.2486
25.294 839.2053 34.2479
25.304 839.2372 34.2492
25.314 839.2454 34.2478
25.324 839.2538 34.2466
25.334 839.2398 34.2476
25.344 839.2530 34.2486
25.354 839.2321 34.2490
25.364 839.2431 34.2496
25.374 839.2491 34.2503
25.384 839.2333 34.2499
25.394 839.2578 34.2514
25.404 839.2598 34.2524
25.414 839.2201 34.2510
25.424 839.2309 34.2504
25.434 839.2095 34.2496
25.444 839.2336 34.2508
25.454 839.2271 34.2519
25.464 839.2284 34.2524
25.474 839.2236 34.2516
25.484 839.2561 34.2507
25.494 839.2631 34.2507
25.504 839.2199 34.2482
25.514 839.2420 34.2503
25.524 839.2536 34.2515
25.534 839.2564 34.2495
25.544 839.2226 34.2498
25.554 839.2526 34.2507
25.564 839.2201 34.2515
25.574 839.2617 34.2515
25.584 839.2707 34.2517
25.594 839.2707 34.2512
25.604 839.2385 34.2517
25.614 839.2399 34.2528
25.624 839.2462 34.2516
25.634 839.2671 34.2507
25.644 839.2462 34.2508
25.654 839.2362 34.2508
25.664 839.2477 34.2508
25.674 839.2397 34.2500
25.684 839.2559 34.2507
25.694 839.2398 34.2520
25.704 839.2340 34.2525
25.714 839.2265 34.2520
25.724 839.2394 34.2524
25.734 839.2316 34.2536
25.744 839.2350 34.2515
25.754 839.2486 34.2498
25.764 839.2371 34.2498
25.774 839.2518 34.2514
25.784 839.2649 34.2529
25.794 839.2207 34.2514
25.804 839.2460 34.2502
25.814 839.2193 34.2527
25.824 839.2287 34.2532
25.834 839.2320 34.2511
25.844 839.2532 34.2512
25.854 839.2103 34.2515
25.864 839.2316 34.2519
25.874 839.2431 34.2528
25.884 839.2224 34.2529
25.894 839.2461 34.2523
25.904 839.2394 34.2512
25.914 839.2047 34.2545
25.924 839.2404 34.2547
25.934 839.2307 34.2502
25.944 839.2394 34.2496
25.954 839.2616 34.2510
25.964 839.2456 34.2511
25.974 839.2121 34.2514
25.984 839.2109 34.2528
25.994 839.2303 34.2527
26.004 839.2260 34.2532
26.014 839.2551 34.2531
26.024 839.2586 34.2516
26.034 839.2061 34.2517
26.044 839.2284 34.2529
26.054 839.2164 34.2532
26.064 839.2519 34.2521
26.074 839.2666 34.2527
26.084 839.2534 34.2555
26.094 839.2302 34.2545
26.104 839.2105 34.2500
26.114 839.2387 34.2512
26.124 839.2298 34.2524
26.134 839.2343 34.2521
26.144 839.2509 34.2532
26.154 839.2312 34.2520
26.164 839.2497 34.2512
26.174 839.2280 34.2521
26.184 839.2381 34.2536
26.194 839.2439 34.2528
26.204 839.2561 34.2515
26.214 839.2459 34.2525
26.224 839.2443 34.2535
26.234 839.2238 34.2537
26.244 839.2298 34.2545
26.254 839.2372 34.2533
26.264 839.2072 34.2544
26.274 839.2467 34.2551
26.284 839.2592 34.2536
26.294 839.2410 34.2537
26.304 839.2351 34.2543
26.314 839.2360 34.2528
26.324 839.2098 34.2520
26.334 839.2608 34.2523
26.344 839.2258 34.2523
26.354 839.2388 34.2557
26.364 839.2420 34.2556
26.374 839.2059 34.2536
26.384 839.2075 34.2567
26.394 839.2465 34.2570
26.404 839.2381 34.2556
26.414 839.2208 34.2552
26.424 839.2140 34.2545
26.434 839.2662 34.2535
26.444 839.2297 34.2525
26.454 839.2190 34.2533
26.464 839.2598 34.2548
26.474 839.2594 34.2551
26.484 839.2432 34.2545
26.494 839.2250 34.2556
26.504 839.2335 34.2556
26.514 839.2126 34.2536
26.524 839.2232 34.2528
26.534 839.2356 34.2543
26.544 839.2232 34.2549
26.554 839.2249 34.2549
26.564 839.2145 34.2557
26.574 839.2653 34.2555
26.584 839.2484 34.2549
26.594 839.2174 34.2557
26.604 839.2353 34.2556
26.614 839.2307 34.2557
26.624 839.2355 34.2548
26.634 839.2274 34.2559
26.644 839.2403 34.2596
26.654 839.2267 34.2574
26.664 839.2516 34.2564
26.674 839.2588 34.2555
26.684 839.2567 34.2532
26.694 839.2126 34.2529
26.704 839.2516 34.2543
26.714 839.2451 34.2561
26.724 839.2402 34.2565
26.734 839.2319 34.2564
26.744 839.2665 34.2564
26.754 839.2242 34.2563
26.764 839.2443 34.2549
26.774 839.2638 34.2564
26.784 839.2501 34.2559
26.794 839.2117 34.2535
26.804 839.2169 34.2547
26.814 839.2433 34.2567
26.824 839.2503 34.2570
26.834 839.2362 34.2555
26.844 839.2368 34.2553
26.854 839.2357 34.2565
26.864 839.2389 34.2563
26.874 839.2321 34.2561
26.884 839.2358 34.2559
26.894 839.2306 34.2567
26.904 839.2116 34.2568
26.914 839.2203 34.2570
26.924 839.2485 34.2565
26.934 839.2078 34.2555
26.944 839.2629 34.2565
26.954 839.2693 34.2574
26.964 839.2409 34.2567
26.974 839.2457 34.2553
26.984 839.2410 34.2569
26.994 839.2150 34.2567
27.004 839.2295 34.2552
27.014 839.2441 34.2584
27.024 839.2532 34.2606
27.034 839.2206 34.2590
27.044 839.2499 34.2605
27.054 839.2910 34.2600
27.064 839.2248 34.2578
27.074 839.2820 34.2588
27.084 839.2471 34.2580
27.094 839.2355 34.2572
27.104 839.2246 34.2570
27.114 839.2301 34.2573
27.124 839.2788 34.2589
27.134 839.2370 34.2600
27.144 839.2362 34.2572
27.154 839.2419 34.2551
27.164 839.2360 34.2573
27.174 839.2153 34.2581
27.184 839.2230 34.2573
27.194 839.2157 34.2582
27.204 839.2462 34.2589
27.214 839.2326 34.2612
27.224 839.2194 34.2613
27.234 839.2263 34.2593
27.244 839.2752 34.2580
27.254 839.2284 34.2582
27.264 839.1986 34.2590
27.274 839.2467 34.2581
27.284 839.2416 34.2585
27.294 839.2285 34.2600
27.304 839.2319 34.2616
27.314 839.2154 34.2626
27.324 839.2319 34.2600
27.334 839.2568 34.2577
27.344 839.2208 34.2584
27.354 839.2305 34.2585
27.364 839.1996 34.2592
27.374 839.2101 34.2590
27.384 839.2527 34.2589
27.394 839.2366 34.2617
27.404 839.2445 34.2633
27.414 839.2582 34.2606
27.424 839.2085 34.2584
27.434 839.2191 34.2582
27.444 839.2127 34.2598
27.454 839.2009 34.2613
27.464 839.2366 34.2622
27.474 839.2767 34.2617
27.484 839.2233 34.2596
27.494 839.2058 34.2590
27.504 839.2422 34.2572
27.514 839.2365 34.2559
27.524 839.2530 34.2580
27.534 839.2238 34.2596
27.544 839.2626 34.2598
27.554 839.2240 34.2601
27.564 839.2168 34.2604
27.574 839.2617 34.2597
27.584 839.2524 34.2630
27.594 839.2281 34.2641
27.604 839.2174 34.2621
27.614 839.2456 34.2626
27.624 839.2318 34.2596
27.634 839.2389 34.2596
27.644 839.2266 34.2613
27.654 839.2413 34.2612
27.664 839.2100 34.2616
27.674 839.2366 34.2608
27.684 839.2187 34.2596
27.694 839.2489 34.2608
27.704 839.2635 34.2642
27.714 839.2099 34.2626
27.724 839.2397 34.2601
27.734 839.2596 34.2606
27.744 839.2706 34.2596
27.754 839.2452 34.2588
27.764 839.2469 34.2594
27.774 839.2354 34.2613
27.784 839.2265 34.2623
27.794 839.2312 34.2619
27.804 839.2462 34.2629
27.814 839.2589 34.2630
27.824 839.2622 34.2612
27.834 839.2227 34.2602
27.844 839.2423 34.2608
27.854 839.2220 34.2617
27.864 839.2498 34.2622
27.874 839.2419 34.2625
27.884 839.2134 34.2617
27.894 839.2380 34.2616
27.904 839.2712 34.2616
27.914 839.2376 34.2606
27.924 839.2476 34.2621
27.934 839.2589 34.2625
27.944 839.2346 34.2613
27.954 839.2246 34.2614
27.964 839.2572 34.2629
27.974 839.2353 34.2633
27.984 839.2514 34.2635
27.994 839.2687 34.2641
28.004 839.2475 34.2634
28.014 839.2124 34.2621
28.024 839.2544 34.2625
28.034 839.2546 34.2643
28.044 839.2741 34.2642
28.054 839.2640 34.2633
28.064 839.2641 34.2638
28.074 839.2261 34.2631
28.084 839.2534 34.2635
28.094 839.2311 34.2647
28.104 839.2342 34.2639
28.114 839.2271 34.2621
28.124 839.2284 34.2616
28.134 839.2345 34.2642
28.144 839.2255 34.2667
28.154 839.2322 34.2669
28.164 839.2559 34.2657
28.174 839.2399 34.2654
28.184 839.2548 34.2646
28.194 839.2372 34.2643
28.204 839.2371 34.2638
28.214 839.2486 34.2638
28.224 839.2570 34.2635
28.234 839.2636 34.2619
28.244 839.2406 34.2621
28.254 839.2189 34.2641
28.264 839.2179 34.2651
28.274 839.2254 34.2642
28.284 839.2351 34.2654
28.294 839.2341 34.2669
28.304 839.2673 34.2666
28.314 839.2227 34.2650
28.324 839.2396 34.2641
28.334 839.2470 34.2645
28.344 839.2886 34.2629
28.354 839.2401 34.2623
28.364 839.2333 34.2627
28.374 839.2487 34.2631
28.384 839.2169 34.2642
28.394 839.2331 34.2637
28.404 839.2414 34.2629
28.414 839.2169 34.2647
28.424 839.2420 34.2657
28.434 839.2698 34.2667
28.444 839.2511 34.2663
28.454 839.2267 34.2649
28.464 839.2776 34.2649
28.474 839.2407 34.2637
28.484 839.2087 34.2649
28.494 839.2325 34.2666
28.504 839.2438 34.2670
28.514 839.2415 34.2649
28.524 839.2392 34.2653
28.534 839.2546 34.2655
28.544 839.2256 34.2659
28.554 839.2332 34.2670
28.564 839.2194 34.2646
28.574 839.2547 34.2639
28.584 839.2418 34.2663
28.594 839.2319 34.2687
28.604 839.2314 34.2683
28.614 839.2617 34.2665
28.624 839.2357 34.2641
28.634 839.2418 34.2661
28.644 839.2449 34.2675
28.654 839.2147 34.2665
28.664 839.2668 34.2661
28.674 839.2404 34.2658
28.684 839.2614 34.2674
28.694 839.2411 34.2670
28.704 839.2510 34.2665
28.714 839.2457 34.2671
28.724 839.2424 34.2655
28.734 839.2465 34.2655
28.744 839.2539 34.2658
28.754 839.2329 34.2655
28.764 839.2388 34.2670
28.774 839.2351 34.2683
28.784 839.2538 34.2692
28.794 839.2475 34.2676
28.804 839.2329 34.2670
28.814 839.2575 34.2688
28.824 839.2318 34.2674
28.834 839.2370 34.2650
28.844 839.2336 34.2667
28.854 839.2166 34.2679
28.864 839.2233 34.2675
28.874 839.2586 34.2674
28.884 839.2378 34.2688
28.894 839.2563 34.2712
28.904 839.2323 34.2694
28.914 839.2301 34.2695
28.924 839.2299 34.2708
28.934 839.2284 34.2688
28.944 839.2388 34.2694
28.954 839.2315 34.2680
28.964 839.2284 34.2657
28.974 839.2343 34.2671
28.984 839.2428 34.2678
28.994 839.2564 34.2686
29.004 839.2370 34.2687
29.014 839.2211 34.2676
29.024 839.2281 34.2667
29.034 839.2312 34.2687
29.044 839.2543 34.2707
29.054 839.2125 34.2687
29.064 839.2784 34.2683
29.074 839.2425 34.2676
29.084 839.2220 34.2678
29.094 839.2569 34.2686
29.104 839.2575 34.2683
29.114 839.2261 34.2682
29.124 839.1995 34.2671
29.134 839.2248 34.2676
29.144 839.2823 34.2686
29.154 839.1923 34.2691
29.164 839.2620 34.2703
29.174 839.2465 34.2688
29.184 839.2844 34.2684
29.194 839.2589 34.2695
29.204 839.2144 34.2687
29.214 839.2373 34.2704
29.224 839.2224 34.2722
29.234 839.2564 34.2702
29.244 839.2450 34.2696
29.254 839.2423 34.2706
29.264 839.2611 34.2704
29.274 839.2267 34.2698
29.284 839.2364 34.2678
29.294 839.2337 34.2702
29.304 839.2534 34.2727
29.314 839.2559 34.2724
29.324 839.2284 34.2728
29.334 839.2447 34.2715
29.344 839.2483 34.2696
29.354 839.2564 34.2708
29.364 839.2383 34.2722
29.374 839.2128 34.2695
29.384 839.2330 34.2690
29.394 839.2571 34.2704
29.404 839.2413 34.2714
29.414 839.2188 34.2714
29.424 839.2249 34.2710
29.434 839.2487 34.2718
29.444 839.2534 34.2716
29.454 839.2610 34.2710
29.464 839.2461 34.2704
29.474 839.2558 34.2715
29.484 839.2254 34.2719
29.494 839.2490 34.2714
29.504 839.2206 34.2707
29.514 839.2805 34.2695
29.524 839.2488 34.2723
29.534 839.2459 34.2729
29.544 839.2336 34.2698
29.554 839.2134 34.2716
29.564 839.2333 34.2735
29.574 839.2452 34.2719
29.584 839.2312 34.2704
29.594 839.2463 34.2716
29.604 839.2260 34.2728
29.614 839.2208 34.2712
29.624 839.2297 34.2702
29.634 839.2039 34.2711
29.644 839.2129 34.2716
29.654 839.2386 34.2710
29.664 839.2504 34.2722
29.674 839.2465 34.2719
29.684 839.2389 34.2694
29.694 839.2496 34.2684
29.704 839.2590 34.2699
29.714 839.2294 34.2725
29.724 839.2583 34.2719
29.734 839.2496 34.2698
29.744 839.2291 34.2714
29.754 839.2402 34.2729
29.764 839.2308 34.2737
29.774 839.2438 34.2731
29.784 839.2312 34.2727
29.794 839.2375 34.2736
29.804 839.2323 34.2737
29.814 839.2389 34.2725
29.824 839.2340 34.2710
29.834 839.2520 34.2716
29.844 839.2416 34.2727
29.854 839.2353 34.2727
29.864 839.2369 34.2714
29.874 839.2568 34.2715
29.884 839.2230 34.2747
29.894 839.2225 34.2749
29.904 839.2412 34.2723
29.914 839.2544 34.2733
29.924 839.2556 34.2729
29.934 839.2201 34.2728
29.944 839.2255 34.2720
29.954 839.2124 34.2704
29.964 839.2332 34.2728
29.974 839.2297 34.2749
29.984 839.2386 34.2752
29.994 839.2301 34.2749
