% 21-Jul-2025 12:57:24
% Time, s	 Pressure, mBar	 Temperature, degC
0.005 839.3671 34.1580
0.015 839.3336 34.1597
0.025 839.3178 34.1610
0.035 839.3490 34.1627
0.045 839.3296 34.1659
0.055 839.3519 34.1677
0.065 839.3498 34.1685
0.075 839.3293 34.1711
0.085 839.3519 34.1749
0.095 839.3459 34.1764
0.105 839.3734 34.1772
0.115 839.3611 34.1793
0.125 839.3374 34.1822
0.135 839.3344 34.1843
0.145 839.3845 34.1844
0.155 839.3236 34.1862
0.165 839.3947 34.1894
0.174 839.3382 34.1888
0.184 839.3546 34.1887
0.194 839.3689 34.1903
0.204 839.3734 34.1907
0.214 839.3743 34.1929
0.224 839.3543 34.1949
0.234 839.3216 34.1951
0.244 839.3712 34.1959
0.254 839.3742 34.1983
0.264 839.3487 34.1993
0.274 839.3279 34.2000
0.284 839.3549 34.2023
0.294 839.3647 34.2035
0.304 839.3594 34.2027
0.314 839.3431 34.2037
0.324 839.3827 34.2041
0.334 839.3599 34.2020
0.344 839.3576 34.2045
0.354 839.3667 34.2071
0.364 839.3419 34.2067
0.374 839.3564 34.2075
0.384 839.3815 34.2071
0.394 839.3807 34.2086
0.404 839.3541 34.2100
0.414 839.3549 34.2095
0.424 839.3531 34.2095
0.434 839.3335 34.2090
0.444 839.3629 34.2107
0.454 839.3429 34.2117
0.464 839.3698 34.2113
0.474 839.3616 34.2109
0.484 839.3671 34.2109
0.494 839.3389 34.2125
0.504 839.3430 34.2145
0.514 839.3520 34.2152
0.524 839.3760 34.2152
0.534 839.3514 34.2141
0.544 839.3609 34.2142
0.554 839.3211 34.2155
0.564 839.3336 34.2171
0.574 839.3679 34.2185
0.584 839.3343 34.2165
0.594 839.3602 34.2175
0.604 839.3840 34.2182
0.614 839.3504 34.2163
0.624 839.3724 34.2180
0.634 839.3136 34.2190
0.644 839.3614 34.2198
0.654 839.3590 34.2205
0.664 839.3746 34.2190
0.674 839.3381 34.2193
0.684 839.3567 34.2202
0.694 839.3509 34.2210
0.704 839.3728 34.2209
0.714 839.3732 34.2193
0.724 839.3627 34.2205
0.734 839.4001 34.2233
0.744 839.3568 34.2229
0.754 839.3686 34.2224
0.764 839.3634 34.2235
0.774 839.3502 34.2233
0.784 839.3362 34.2228
0.794 839.3407 34.2241
0.804 839.3882 34.2239
0.814 839.3660 34.2239
0.824 839.3811 34.2240
0.834 839.3626 34.2231
0.844 839.3991 34.2246
0.854 839.3814 34.2241
0.864 839.3832 34.2250
0.874 839.3780 34.2270
0.884 839.3401 34.2274
0.894 839.3909 34.2261
0.904 839.3808 34.2229
0.914 839.3605 34.2248
0.924 839.3799 34.2270
0.934 839.3663 34.2249
0.944 839.3621 34.2246
0.954 839.3493 34.2265
0.964 839.3562 34.2280
0.974 839.3577 34.2270
0.984 839.3521 34.2261
0.994 839.3543 34.2271
1.004 839.3519 34.2259
1.014 839.3416 34.2254
1.024 839.3382 34.2274
1.034 839.3433 34.2290
1.044 839.3673 34.2290
1.054 839.3641 34.2292
1.064 839.3396 34.2290
1.074 839.3591 34.2286
1.084 839.3810 34.2284
1.094 839.3417 34.2291
1.104 839.3641 34.2292
1.114 839.3568 34.2292
1.124 839.3526 34.2308
1.134 839.3510 34.2300
1.144 839.3441 34.2293
1.154 839.3883 34.2320
1.164 839.3680 34.2320
1.174 839.3425 34.2295
1.184 839.3415 34.2299
1.194 839.3297 34.2313
1.204 839.3624 34.2320
1.214 839.3727 34.2307
1.224 839.3351 34.2295
1.234 839.3581 34.2299
1.244 839.3740 34.2304
1.254 839.3560 34.2307
1.264 839.3262 34.2314
1.274 839.3619 34.2317
1.284 839.3580 34.2334
1.294 839.3902 34.2347
1.304 839.3803 34.2317
1.314 839.3489 34.2308
1.324 839.3701 34.2339
1.334 839.3523 34.2360
1.344 839.3533 34.2356
1.354 839.3968 34.2343
1.364 839.3701 34.2339
1.374 839.3558 34.2323
1.384 839.3716 34.2320
1.394 839.3601 34.2344
1.404 839.3683 34.2348
1.414 839.3522 34.2333
1.424 839.3675 34.2326
1.434 839.3461 34.2330
1.444 839.3464 34.2340
1.454 839.3696 34.2346
1.464 839.3699 34.2347
1.474 839.3562 34.2343
1.484 839.3578 34.2342
1.494 839.4066 34.2346
1.504 839.3702 34.2348
1.514 839.3502 34.2359
1.524 839.3344 34.2372
1.534 839.3621 34.2372
1.544 839.3768 34.2354
1.554 839.3520 34.2350
1.564 839.3918 34.2346
1.574 839.3821 34.2361
1.584 839.3827 34.2373
1.594 839.3589 34.2365
1.604 839.3230 34.2371
1.614 839.3579 34.2369
1.624 839.3700 34.2365
1.634 839.3225 34.2368
1.644 839.3610 34.2367
1.654 839.3140 34.2354
1.664 839.3499 34.2348
1.674 839.3520 34.2368
1.684 839.3479 34.2374
1.694 839.3663 34.2356
1.704 839.3396 34.2352
1.714 839.3761 34.2368
1.724 839.3532 34.2391
1.734 839.3340 34.2397
1.744 839.3711 34.2389
1.754 839.3519 34.2385
1.764 839.3917 34.2390
1.774 839.3576 34.2377
1.784 839.3598 34.2388
1.794 839.3786 34.2416
1.804 839.3516 34.2384
1.814 839.3405 34.2384
1.824 839.3696 34.2408
1.834 839.3801 34.2397
1.844 839.3363 34.2399
1.854 839.3677 34.2399
1.864 839.3592 34.2376
1.874 839.3777 34.2376
1.884 839.3711 34.2389
1.894 839.3395 34.2388
1.904 839.3595 34.2386
1.914 839.3494 34.2373
1.924 839.3726 34.2360
1.934 839.3320 34.2378
1.944 839.3308 34.2390
1.954 839.3535 34.2393
1.964 839.3540 34.2404
1.974 839.3574 34.2394
1.984 839.3392 34.2395
1.994 839.3675 34.2407
2.004 839.3646 34.2402
2.014 839.3604 34.2408
2.024 839.3754 34.2410
2.034 839.3836 34.2395
2.044 839.3458 34.2401
2.054 839.3586 34.2418
2.064 839.3686 34.2421
2.074 839.3445 34.2403
2.084 839.3604 34.2408
2.094 839.3892 34.2423
2.104 839.3548 34.2399
2.114 839.3403 34.2391
2.124 839.3432 34.2406
2.134 839.3844 34.2418
2.144 839.3438 34.2408
2.154 839.3657 34.2407
2.164 839.3246 34.2432
2.174 839.3400 34.2453
2.184 839.3933 34.2461
2.194 839.3584 34.2444
2.204 839.3581 34.2424
2.214 839.3672 34.2406
2.224 839.3490 34.2407
2.234 839.3584 34.2425
2.244 839.3378 34.2442
2.254 839.3436 34.2435
2.264 839.3291 34.2427
2.274 839.3595 34.2440
2.284 839.3642 34.2436
2.294 839.3530 34.2408
2.304 839.3625 34.2410
2.314 839.3653 34.2441
2.324 839.3532 34.2445
2.334 839.3687 34.2431
2.344 839.3660 34.2436
2.354 839.3487 34.2450
2.364 839.3331 34.2455
2.374 839.3500 34.2448
2.384 839.3624 34.2436
2.394 839.3492 34.2444
2.404 839.3592 34.2448
2.414 839.3474 34.2471
2.424 839.3894 34.2478
2.434 839.3630 34.2457
2.444 839.3619 34.2452
2.454 839.3663 34.2437
2.464 839.3840 34.2433
2.474 839.3732 34.2444
2.484 839.3458 34.2445
2.494 839.3508 34.2452
2.504 839.3371 34.2457
2.514 839.3780 34.2458
2.524 839.3730 34.2461
2.534 839.3801 34.2450
2.544 839.3364 34.2427
2.554 839.3653 34.2441
2.564 839.3770 34.2462
2.574 839.3519 34.2457
2.584 839.3767 34.2461
2.594 839.3374 34.2467
2.604 839.3382 34.2462
2.614 839.3717 34.2472
2.624 839.3572 34.2465
2.634 839.3110 34.2465
2.644 839.3517 34.2483
2.654 839.3604 34.2471
2.664 839.3675 34.2470
2.674 839.3570 34.2482
2.684 839.3768 34.2488
2.694 839.3509 34.2479
2.704 839.3831 34.2465
2.714 839.3519 34.2466
2.724 839.3483 34.2475
2.734 839.3709 34.2468
2.744 839.3585 34.2471
2.754 839.3548 34.2471
2.764 839.3398 34.2470
2.774 839.3662 34.2463
2.784 839.3691 34.2468
2.794 839.3583 34.2488
2.804 839.3670 34.2485
2.814 839.3433 34.2496
2.824 839.3631 34.2493
2.834 839.3509 34.2470
2.844 839.3852 34.2475
2.854 839.3515 34.2500
2.864 839.3479 34.2509
2.874 839.3618 34.2496
2.884 839.3306 34.2479
2.894 839.3773 34.2472
2.904 839.3433 34.2478
2.914 839.3073 34.2474
2.924 839.3981 34.2475
2.934 839.3908 34.2484
2.944 839.3782 34.2495
2.954 839.3586 34.2499
2.964 839.3282 34.2476
2.974 839.3543 34.2478
2.984 839.3687 34.2493
2.994 839.3781 34.2485
3.004 839.3658 34.2497
3.014 839.3882 34.2508
3.024 839.3301 34.2485
3.034 839.3660 34.2489
3.044 839.3959 34.2509
3.054 839.3708 34.2504
3.064 839.3531 34.2499
3.074 839.3283 34.2504
3.084 839.3571 34.2509
3.094 839.3344 34.2497
3.104 839.3850 34.2501
3.114 839.3545 34.2514
3.124 839.3917 34.2506
3.134 839.3571 34.2509
3.144 839.3643 34.2517
3.154 839.3569 34.2517
3.164 839.3740 34.2519
3.174 839.3612 34.2538
3.184 839.3566 34.2525
3.194 839.3724 34.2512
3.204 839.3493 34.2534
3.214 839.3883 34.2526
3.224 839.3347 34.2517
3.234 839.3535 34.2527
3.244 839.3593 34.2519
3.254 839.3624 34.2517
3.264 839.3938 34.2517
3.274 839.3320 34.2504
3.284 839.3663 34.2509
3.294 839.3875 34.2522
3.304 839.3722 34.2510
3.314 839.3437 34.2516
3.324 839.3762 34.2539
3.334 839.3675 34.2533
3.344 839.3553 34.2527
3.354 839.3590 34.2527
3.364 839.3640 34.2525
3.374 839.3857 34.2540
3.384 839.4111 34.2538
3.394 839.3337 34.2530
3.404 839.3744 34.2539
3.414 839.4023 34.2531
3.424 839.3633 34.2530
3.434 839.3445 34.2538
3.444 839.3393 34.2539
3.454 839.3594 34.2547
3.464 839.3649 34.2556
3.474 839.3570 34.2544
3.484 839.3789 34.2552
3.494 839.3489 34.2559
3.504 839.3261 34.2556
3.514 839.3758 34.2564
3.524 839.3942 34.2555
3.534 839.3974 34.2552
3.544 839.3544 34.2559
3.554 839.3937 34.2561
3.564 839.3489 34.2559
3.574 839.3703 34.2564
3.584 839.3589 34.2572
3.594 839.3673 34.2559
3.604 839.3710 34.2549
3.614 839.3217 34.2561
3.624 839.3731 34.2560
3.634 839.3848 34.2563
3.644 839.3465 34.2565
3.654 839.3510 34.2560
3.664 839.3673 34.2559
3.674 839.3620 34.2551
3.684 839.3903 34.2553
3.694 839.3790 34.2570
3.704 839.3571 34.2572
3.714 839.3612 34.2547
3.724 839.3797 34.2547
3.734 839.3246 34.2557
3.744 839.3631 34.2556
3.754 839.3589 34.2572
3.764 839.3286 34.2577
3.774 839.3769 34.2578
3.784 839.3709 34.2585
3.794 839.3891 34.2583
3.804 839.3721 34.2573
3.814 839.4046 34.2569
3.824 839.3819 34.2576
3.834 839.3621 34.2569
3.844 839.3629 34.2564
3.854 839.3328 34.2570
3.864 839.3592 34.2573
3.874 839.3803 34.2568
3.884 839.3463 34.2573
3.894 839.3688 34.2583
3.904 839.3735 34.2580
3.914 839.3671 34.2566
3.924 839.3951 34.2577
3.934 839.3648 34.2591
3.944 839.3680 34.2598
3.954 839.3551 34.2607
3.964 839.3704 34.2600
3.974 839.3545 34.2586
3.984 839.3680 34.2598
3.994 839.3694 34.2613
4.004 839.3902 34.2598
4.014 839.3632 34.2593
4.024 839.3550 34.2589
4.034 839.3348 34.2598
4.044 839.3803 34.2621
4.054 839.3578 34.2611
4.064 839.3302 34.2585
4.074 839.3764 34.2585
4.084 839.3728 34.2594
4.094 839.3744 34.2602
4.104 839.3585 34.2597
4.114 839.3376 34.2585
4.124 839.3603 34.2587
4.134 839.3604 34.2597
4.144 839.3316 34.2600
4.154 839.3326 34.2597
4.164 839.3577 34.2593
4.174 839.3601 34.2595
4.184 839.3559 34.2611
4.194 839.3890 34.2619
4.204 839.3617 34.2612
4.214 839.3401 34.2615
4.224 839.3906 34.2627
4.234 839.3700 34.2625
4.244 839.3776 34.2627
4.254 839.3563 34.2630
4.264 839.3396 34.2630
4.274 839.3465 34.2628
4.284 839.3787 34.2632
4.294 839.3544 34.2621
4.304 839.3643 34.2598
4.314 839.3562 34.2603
4.324 839.3902 34.2607
4.334 839.3625 34.2607
4.344 839.3343 34.2623
4.354 839.3597 34.2620
4.364 839.3462 34.2627
4.374 839.3883 34.2642
4.384 839.3806 34.2650
4.394 839.3827 34.2651
4.404 839.3748 34.2640
4.414 839.3418 34.2632
4.424 839.3460 34.2644
4.434 839.3442 34.2653
4.444 839.3497 34.2634
4.454 839.3433 34.2621
4.464 839.3539 34.2628
4.474 839.3558 34.2646
4.484 839.3669 34.2655
4.494 839.3526 34.2640
4.504 839.4023 34.2647
4.514 839.3548 34.2650
4.524 839.3378 34.2630
4.534 839.3600 34.2640
4.544 839.3622 34.2650
4.554 839.3577 34.2655
4.564 839.3485 34.2664
4.574 839.3685 34.2654
4.584 839.3592 34.2636
4.594 839.3730 34.2649
4.604 839.3788 34.2659
4.614 839.3627 34.2653
4.624 839.3374 34.2655
4.634 839.3722 34.2663
4.644 839.3479 34.2653
4.654 839.3642 34.2633
4.664 839.3497 34.2644
4.674 839.3540 34.2664
4.684 839.3556 34.2672
4.694 839.3464 34.2672
4.704 839.3665 34.2680
4.714 839.3678 34.2668
4.724 839.3556 34.2663
4.734 839.3610 34.2680
4.744 839.3551 34.2679
4.754 839.3562 34.2684
4.764 839.3855 34.2683
4.774 839.3549 34.2678
4.784 839.4161 34.2670
4.794 839.3707 34.2664
4.804 839.3757 34.2671
4.814 839.3612 34.2663
4.824 839.3482 34.2663
4.834 839.3694 34.2667
4.844 839.3390 34.2663
4.854 839.3720 34.2671
4.864 839.3377 34.2675
4.874 839.3509 34.2676
4.884 839.3742 34.2681
4.894 839.3562 34.2684
4.904 839.3427 34.2672
4.914 839.3842 34.2676
4.924 839.3916 34.2685
4.934 839.3744 34.2674
4.944 839.3349 34.2688
4.954 839.3726 34.2692
4.964 839.3333 34.2689
4.974 839.3397 34.2702
4.984 839.3549 34.2696
4.994 839.3760 34.2672
5.004 839.3715 34.2668
5.014 839.3844 34.2678
5.024 839.3562 34.2675
5.034 839.3752 34.2687
5.044 839.3375 34.2692
5.054 839.3803 34.2693
5.064 839.4003 34.2692
5.074 839.3853 34.2700
5.084 839.3474 34.2713
5.094 839.3850 34.2698
5.104 839.3753 34.2705
5.114 839.3471 34.2711
5.124 839.3566 34.2704
5.134 839.3664 34.2715
5.144 839.3754 34.2732
5.154 839.3830 34.2715
5.164 839.3391 34.2700
5.174 839.3374 34.2718
5.184 839.3545 34.2721
5.194 839.3827 34.2705
5.204 839.3618 34.2693
5.214 839.3673 34.2693
5.224 839.3611 34.2708
5.234 839.3635 34.2728
5.244 839.3210 34.2728
5.254 839.3621 34.2713
5.264 839.3659 34.2722
5.274 839.3448 34.2727
5.284 839.3576 34.2709
5.294 839.3502 34.2709
5.304 839.3476 34.2714
5.314 839.3769 34.2713
5.324 839.3645 34.2715
5.334 839.3704 34.2726
5.344 839.3994 34.2732
5.354 839.4747 34.2739
5.364 839.5121 34.2732
5.374 839.5739 34.2718
5.384 839.5908 34.2728
5.394 839.6198 34.2726
5.404 839.6219 34.2709
5.414 839.6303 34.2714
5.424 839.7687 34.2731
5.434 839.7378 34.2734
5.444 839.7518 34.2730
5.454 839.7080 34.2723
5.464 839.6982 34.2730
5.474 839.5381 34.2751
5.484 839.4415 34.2748
5.494 839.3538 34.2735
5.504 839.3213 34.2730
5.514 839.1703 34.2732
5.524 839.0579 34.2743
5.534 839.0281 34.2751
5.544 838.9267 34.2734
5.554 838.9097 34.2714
5.564 838.9045 34.2725
5.574 838.8462 34.2728
5.584 838.8467 34.2731
5.594 838.8652 34.2740
5.604 838.8064 34.2742
5.614 838.8243 34.2739
5.624 838.8027 34.2742
5.634 838.8143 34.2744
5.644 838.7795 34.2745
5.654 838.7679 34.2752
5.664 838.7330 34.2744
5.674 838.7385 34.2744
5.684 838.6745 34.2765
5.694 838.6992 34.2751
5.704 838.6575 34.2745
5.714 838.6278 34.2762
5.724 838.5647 34.2761
5.734 838.4989 34.2756
5.744 838.4397 34.2738
5.754 838.3450 34.2753
5.764 838.2830 34.2766
5.774 838.2626 34.2748
5.784 838.2046 34.2762
5.794 838.2807 34.2764
5.804 838.1821 34.2734
5.814 838.2061 34.2743
5.824 838.2561 34.2761
5.834 838.2347 34.2765
5.844 838.2841 34.2772
5.854 838.3253 34.2765
5.864 838.3126 34.2757
5.874 838.3720 34.2758
5.884 838.3657 34.2773
5.894 838.4407 34.2778
5.904 838.4090 34.2768
5.914 838.4329 34.2758
5.924 838.4809 34.2749
5.934 838.4892 34.2762
5.944 838.5098 34.2782
5.954 838.5888 34.2789
5.964 838.6088 34.2787
5.974 838.6122 34.2777
5.984 838.6640 34.2777
5.994 838.6589 34.2770
6.004 838.7318 34.2765
6.014 838.6077 34.2773
6.024 838.6254 34.2769
6.034 838.6518 34.2762
6.044 838.6586 34.2760
6.054 838.6267 34.2775
6.064 838.6072 34.2779
6.074 838.5908 34.2772
6.084 838.5515 34.2778
6.094 838.4388 34.2778
6.104 838.2706 34.2769
6.114 838.1624 34.2773
6.124 838.1255 34.2782
6.134 837.9824 34.2778
6.144 837.9278 34.2782
6.154 837.8028 34.2803
6.164 837.8067 34.2804
6.174 837.6358 34.2773
6.184 837.6076 34.2779
6.194 837.6169 34.2789
6.204 837.6298 34.2789
6.214 837.6504 34.2790
6.224 837.7386 34.2787
6.234 837.8366 34.2806
6.244 837.9822 34.2786
6.254 838.0350 34.2782
6.264 838.1512 34.2799
6.274 838.2707 34.2787
6.284 838.3269 34.2782
6.294 838.3383 34.2783
6.304 838.3918 34.2774
6.314 838.3480 34.2777
6.324 838.2644 34.2802
6.334 838.2122 34.2799
6.344 838.1990 34.2798
6.354 838.1201 34.2809
6.364 837.9683 34.2799
6.374 837.8468 34.2783
6.384 837.7771 34.2777
6.394 837.6869 34.2796
6.404 837.7296 34.2798
6.414 837.6715 34.2785
6.424 837.6507 34.2800
6.434 837.7645 34.2796
6.444 837.9223 34.2800
6.454 838.2343 34.2799
6.464 838.3716 34.2792
6.474 838.4722 34.2806
6.484 838.5062 34.2800
6.494 838.5661 34.2795
6.504 838.5231 34.2792
6.514 838.4170 34.2807
6.524 838.4141 34.2811
6.534 838.3808 34.2792
6.544 838.3355 34.2806
6.554 838.3073 34.2821
6.564 838.2463 34.2812
6.574 838.2286 34.2807
6.584 838.2096 34.2813
6.594 838.1795 34.2820
6.604 838.0942 34.2819
6.614 838.0805 34.2806
6.624 837.9931 34.2794
6.634 837.9934 34.2813
6.644 837.9269 34.2823
6.654 838.0081 34.2804
6.664 838.0596 34.2812
6.674 838.1225 34.2812
6.684 838.1984 34.2795
6.694 838.2214 34.2799
6.704 838.3146 34.2812
6.714 838.2877 34.2816
6.724 838.2547 34.2817
6.734 838.2927 34.2813
6.744 838.2085 34.2817
6.754 838.1494 34.2826
6.764 838.1651 34.2839
6.774 838.1287 34.2851
6.784 838.1426 34.2829
6.794 838.1436 34.2816
6.804 838.1819 34.2832
6.814 838.2392 34.2832
6.824 838.2925 34.2830
6.834 838.2925 34.2830
6.844 838.3524 34.2816
6.854 838.3521 34.2824
6.864 838.3730 34.2836
6.874 838.4620 34.2837
6.884 838.4836 34.2834
6.894 838.5095 34.2843
6.904 838.5214 34.2838
6.914 838.5433 34.2846
6.924 838.5072 34.2850
6.934 838.4194 34.2819
6.944 838.3934 34.2836
6.954 838.3449 34.2851
6.964 838.2608 34.2829
6.974 838.2070 34.2828
6.984 838.1418 34.2834
6.994 838.1207 34.2839
7.004 838.1405 34.2846
7.014 838.2260 34.2839
7.024 838.3105 34.2846
7.034 838.4069 34.2847
7.044 838.4243 34.2851
7.054 838.5028 34.2864
7.064 838.5448 34.2871
7.074 838.5250 34.2873
7.084 838.5503 34.2862
7.094 838.5629 34.2842
7.104 838.5589 34.2841
7.114 838.5552 34.2841
7.124 838.5927 34.2843
7.134 838.6070 34.2850
7.144 838.5629 34.2851
7.154 838.5288 34.2847
7.164 838.4832 34.2859
7.174 838.3906 34.2876
7.184 838.3512 34.2864
7.194 838.2892 34.2850
7.204 838.2034 34.2855
7.214 838.2285 34.2860
7.224 838.2642 34.2872
7.234 838.3017 34.2884
7.244 838.4376 34.2880
7.254 838.5284 34.2881
7.264 838.6718 34.2887
7.274 838.6668 34.2889
7.284 838.6760 34.2889
7.294 838.6620 34.2884
7.304 838.6160 34.2867
7.314 838.5376 34.2863
7.324 838.5410 34.2862
7.334 838.5220 34.2859
7.344 838.4708 34.2862
7.354 838.4621 34.2864
7.364 838.4682 34.2867
7.374 838.4846 34.2884
7.384 838.5091 34.2877
7.394 838.5590 34.2868
7.404 838.6248 34.2883
7.414 838.6367 34.2887
7.424 838.6916 34.2893
7.434 838.7122 34.2885
7.444 838.7103 34.2885
7.454 838.7447 34.2900
7.464 838.7304 34.2893
7.474 838.7533 34.2879
7.484 838.8014 34.2897
7.494 838.8252 34.2896
7.504 838.8177 34.2877
7.514 838.8238 34.2889
7.524 838.8012 34.2905
7.534 838.7423 34.2897
7.544 838.6560 34.2890
7.554 838.6518 34.2915
7.564 838.5254 34.2911
7.574 838.4820 34.2898
7.584 838.4153 34.2915
7.594 838.4771 34.2928
7.604 838.5104 34.2919
7.614 838.5003 34.2915
7.624 838.6096 34.2907
7.634 838.7468 34.2892
7.644 838.9012 34.2897
7.654 838.9541 34.2920
7.664 838.9829 34.2935
7.674 839.0204 34.2928
7.684 839.0222 34.2928
7.694 839.0093 34.2928
7.704 838.9369 34.2918
7.714 838.9382 34.2897
7.724 838.9176 34.2905
7.734 838.9351 34.2918
7.744 838.9057 34.2910
7.754 838.9192 34.2913
7.764 838.9243 34.2919
7.774 838.8823 34.2931
7.784 838.8976 34.2924
7.794 838.8329 34.2915
7.804 838.7757 34.2934
7.814 838.7723 34.2944
7.824 838.8108 34.2934
7.834 838.7862 34.2931
7.844 838.8277 34.2935
7.854 838.8575 34.2936
7.864 838.9507 34.2940
7.874 838.9771 34.2943
7.884 839.0777 34.2947
7.894 839.1213 34.2943
7.904 839.0616 34.2931
7.914 839.0114 34.2930
7.924 839.0444 34.2937
7.934 839.0331 34.2945
7.944 838.9471 34.2949
7.954 838.8571 34.2952
7.964 838.8354 34.2945
7.974 838.7892 34.2936
7.984 838.8193 34.2939
7.994 838.8557 34.2945
8.004 838.8488 34.2930
8.014 838.9045 34.2922
8.024 839.0057 34.2956
8.034 839.1134 34.2958
8.044 839.2002 34.2949
8.054 839.3229 34.2944
8.064 839.3609 34.2940
8.074 839.4306 34.2937
8.084 839.4934 34.2919
8.094 846.7503 34.2914
8.104 838.0610 34.2881
8.114 839.4720 34.2860
8.124 839.7967 34.2867
8.134 839.3630 34.2870
8.144 839.3688 34.2862
8.154 839.3556 34.2860
8.164 839.3377 34.2863
8.174 839.3582 34.2855
8.184 839.3400 34.2856
8.194 839.3330 34.2876
8.204 839.3850 34.2896
8.214 839.3309 34.2884
8.224 839.3129 34.2868
8.234 839.3282 34.2871
8.244 839.3501 34.2879
8.254 839.3024 34.2880
8.264 839.3388 34.2887
8.274 839.3288 34.2892
8.284 839.3394 34.2898
8.294 839.3399 34.2901
8.304 839.3188 34.2888
8.314 839.3346 34.2884
8.324 839.3345 34.2875
8.334 839.3039 34.2860
8.344 839.3039 34.2879
8.354 839.3484 34.2897
8.364 839.3431 34.2898
8.374 839.3515 34.2894
8.384 839.3196 34.2901
8.394 839.3159 34.2901
8.404 839.3486 34.2889
8.414 839.3314 34.2887
8.424 839.3097 34.2871
8.434 839.3454 34.2883
8.444 839.3384 34.2902
8.454 839.3283 34.2889
8.464 839.3241 34.2896
8.474 839.3299 34.2906
8.484 839.3415 34.2909
8.494 839.3458 34.2911
8.504 839.3418 34.2901
8.514 839.3727 34.2917
8.524 839.3480 34.2931
8.534 839.3321 34.2917
8.544 839.3254 34.2902
8.554 839.3238 34.2894
8.564 839.3373 34.2915
8.574 839.3408 34.2923
8.584 839.3239 34.2913
8.594 839.3302 34.2907
8.604 839.3359 34.2890
8.614 839.3592 34.2896
8.624 839.3281 34.2924
8.634 839.3224 34.2941
8.644 839.3446 34.2941
8.654 838.9420 34.2924
8.664 839.3466 34.2924
8.674 839.3345 34.2937
8.684 839.3688 34.2934
8.694 839.3587 34.2911
8.704 839.3748 34.2918
8.714 839.3509 34.2927
8.724 839.3519 34.2914
8.734 839.3831 34.2940
8.744 839.3551 34.2939
8.754 839.3986 34.2926
8.764 839.3644 34.2939
8.774 839.4357 34.2944
8.784 839.3934 34.2927
8.794 839.3751 34.2919
8.804 839.3781 34.2934
8.814 839.3833 34.2923
8.824 839.3614 34.2924
8.834 839.4034 34.2940
8.844 839.4071 34.2940
8.854 839.3683 34.2940
8.864 839.3842 34.2954
8.874 839.3803 34.2953
8.884 839.3944 34.2932
8.894 839.4018 34.2923
8.904 839.3791 34.2930
8.914 839.3905 34.2949
8.924 839.3988 34.2962
8.934 839.3916 34.2954
8.944 839.3528 34.2945
8.954 839.3737 34.2966
8.964 839.4220 34.2967
8.974 839.3749 34.2945
8.984 839.4283 34.2944
8.994 839.3686 34.2951
9.004 839.3650 34.2960
9.014 839.3708 34.2970
9.024 839.3927 34.2960
9.034 839.3964 34.2960
9.044 839.3668 34.2951
9.054 839.3300 34.2934
9.064 839.3599 34.2935
9.074 839.3853 34.2960
9.084 839.3555 34.2967
9.094 839.3818 34.2952
9.104 839.3787 34.2964
9.114 839.3920 34.2974
9.124 839.3545 34.2971
9.134 839.3906 34.2967
9.144 839.3872 34.2978
9.154 839.3373 34.2969
9.164 839.3557 34.2960
9.174 839.3862 34.2982
9.184 839.3321 34.2988
9.194 839.3846 34.2974
9.204 839.3893 34.2979
9.214 839.3875 34.2979
9.224 839.4009 34.2954
9.234 839.3958 34.2957
9.244 839.4017 34.2977
9.254 839.3342 34.2981
9.264 839.3690 34.2970
9.274 839.4041 34.2979
9.284 839.3920 34.2992
9.294 839.3881 34.3000
9.304 839.4216 34.2992
9.314 839.3730 34.2990
9.324 839.3673 34.3007
9.334 839.4076 34.2996
9.344 839.3831 34.2994
9.354 839.3810 34.3011
9.364 839.3834 34.3013
9.374 839.3518 34.2977
9.384 839.3714 34.2982
9.394 839.3960 34.3003
9.404 839.3820 34.2998
9.414 839.4161 34.2992
9.424 839.3831 34.2994
9.434 839.3771 34.3009
9.444 839.3520 34.3004
9.454 839.3794 34.2994
9.464 839.4068 34.3001
9.474 839.3984 34.3005
9.484 839.3290 34.3009
9.494 839.3967 34.3033
9.504 839.3947 34.3005
9.514 839.4073 34.2986
9.524 839.3678 34.3009
9.534 839.4262 34.3024
9.544 839.3478 34.3020
9.554 839.3892 34.3005
9.564 839.3789 34.3000
9.574 839.4013 34.3011
9.584 839.3660 34.3028
9.594 839.3764 34.3033
9.604 839.3579 34.3042
9.614 839.4043 34.3034
9.624 839.3802 34.3016
9.634 839.3697 34.3018
9.644 839.3782 34.3042
9.654 839.3938 34.3037
9.664 839.3900 34.3018
9.674 839.4006 34.3034
9.684 839.4015 34.3038
9.694 839.4038 34.3032
9.704 839.3825 34.3045
9.714 839.3785 34.3043
9.724 839.3832 34.3030
9.734 839.4011 34.3028
9.744 839.3927 34.3032
9.754 839.3769 34.3045
9.764 839.3951 34.3034
9.774 839.3644 34.3020
9.784 839.4062 34.3034
9.794 839.4136 34.3034
9.804 839.3909 34.3041
9.814 839.3775 34.3047
9.824 839.3952 34.3052
9.834 839.3844 34.3054
9.844 839.3827 34.3046
9.854 839.3714 34.3054
9.864 839.3862 34.3054
9.874 839.3786 34.3062
9.884 839.3466 34.3059
9.894 839.4126 34.3056
9.904 839.4097 34.3060
9.914 839.3880 34.3045
9.924 839.3896 34.3052
9.934 839.4174 34.3071
9.944 839.3448 34.3059
9.954 839.3888 34.3048
9.964 839.3714 34.3054
9.974 839.3672 34.3051
9.984 839.3923 34.3065
9.994 839.3784 34.3079
10.004 839.3673 34.3069
10.014 839.3551 34.3073
10.024 839.4013 34.3073
10.034 839.3779 34.3085
10.044 839.3860 34.3080
10.054 839.3887 34.3075
10.064 839.3628 34.3084
10.074 839.3649 34.3076
10.084 839.4045 34.3071
10.094 839.3749 34.3062
10.104 839.3878 34.3062
10.114 839.3852 34.3076
10.124 839.3779 34.3094
10.134 839.3903 34.3092
10.144 839.3663 34.3082
10.154 839.3765 34.3079
10.164 839.3865 34.3073
10.174 839.3681 34.3073
10.184 839.3566 34.3098
10.194 839.3796 34.3120
10.204 839.4047 34.3126
10.214 839.3875 34.3114
10.224 839.4167 34.3094
10.234 839.4051 34.3101
10.244 839.3640 34.3107
10.254 839.3936 34.3116
10.264 839.3920 34.3109
10.274 839.3589 34.3092
10.284 839.3885 34.3110
10.294 839.3640 34.3116
10.304 839.3811 34.3092
10.314 839.3919 34.3090
10.324 839.3685 34.3111
10.334 839.4097 34.3114
10.344 839.3853 34.3103
10.354 839.3946 34.3103
10.364 839.4107 34.3119
10.374 839.4041 34.3114
10.384 839.4065 34.3107
10.394 839.3862 34.3126
10.404 839.3711 34.3115
10.414 839.3795 34.3102
10.424 839.3926 34.3129
10.434 839.3699 34.3145
10.444 839.3894 34.3132
10.454 839.3973 34.3126
10.464 839.3828 34.3127
10.474 839.3817 34.3122
10.484 839.3582 34.3115
10.494 839.4062 34.3115
10.504 839.3580 34.3123
10.514 839.3868 34.3137
10.524 839.4086 34.3118
10.534 839.3642 34.3099
10.544 839.4034 34.3128
10.554 839.4085 34.3144
10.564 839.3802 34.3141
10.574 839.3567 34.3135
10.584 839.3712 34.3124
10.594 839.3775 34.3119
10.604 839.4008 34.3133
10.614 839.3905 34.3146
10.624 839.3681 34.3154
10.634 839.4091 34.3165
10.644 839.3572 34.3137
10.654 839.3693 34.3124
10.664 839.3804 34.3133
10.674 839.3731 34.3133
10.684 839.3837 34.3149
10.694 839.3866 34.3163
10.704 839.3631 34.3157
10.714 839.3565 34.3143
10.724 839.3800 34.3149
10.734 839.3631 34.3148
10.744 839.3754 34.3136
10.754 839.3845 34.3153
10.764 839.3710 34.3150
10.774 839.3659 34.3135
10.784 839.3739 34.3146
10.794 839.4090 34.3156
10.804 839.4143 34.3154
10.814 839.3697 34.3162
10.824 839.3700 34.3173
10.834 839.3524 34.3177
10.844 839.3624 34.3171
10.854 839.4030 34.3171
10.864 839.3423 34.3163
10.874 839.3851 34.3165
10.884 839.3862 34.3179
10.894 839.3965 34.3184
10.904 839.4031 34.3190
10.914 839.3894 34.3186
10.924 839.3946 34.3175
10.934 839.3515 34.3163
10.944 839.3743 34.3175
10.954 839.3680 34.3180
10.964 839.3650 34.3175
10.974 839.3867 34.3182
10.984 839.3743 34.3175
10.994 839.3965 34.3175
11.004 839.4073 34.3183
11.014 839.3785 34.3178
11.024 839.3801 34.3177
11.034 839.3936 34.3188
11.044 839.3764 34.3177
11.054 839.3904 34.3182
11.064 839.3995 34.3199
11.074 839.3598 34.3186
11.084 839.3662 34.3199
11.094 839.3591 34.3200
11.104 839.4197 34.3190
11.114 839.3807 34.3188
11.124 839.3495 34.3190
11.134 839.4036 34.3192
11.144 839.3723 34.3201
11.154 839.3643 34.3199
11.164 839.4203 34.3192
11.174 839.3947 34.3203
11.184 839.3517 34.3200
11.194 839.3889 34.3201
11.204 839.3934 34.3205
11.214 839.4021 34.3203
11.224 839.4053 34.3200
11.234 839.3683 34.3209
11.244 839.3866 34.3217
11.254 839.3747 34.3213
11.264 839.3765 34.3204
11.274 839.4053 34.3200
11.284 839.4029 34.3207
11.294 839.4225 34.3212
11.304 839.3593 34.3201
11.314 839.3665 34.3200
11.324 839.3725 34.3203
11.334 839.3908 34.3210
11.344 839.3813 34.3209
11.354 839.3979 34.3209
11.364 839.3560 34.3221
11.374 839.3700 34.3217
11.384 839.3546 34.3214
11.394 839.3916 34.3224
11.404 839.3861 34.3233
11.414 839.3869 34.3237
11.424 839.3890 34.3238
11.434 839.3713 34.3224
11.444 839.3868 34.3209
11.454 839.3591 34.3209
11.464 839.3526 34.3222
11.474 839.4011 34.3225
11.484 839.3745 34.3230
11.494 839.3851 34.3237
11.504 839.3647 34.3227
11.514 839.3988 34.3222
11.524 839.3711 34.3231
11.534 839.3677 34.3251
11.544 839.4086 34.3252
11.554 839.3763 34.3230
11.564 839.3820 34.3204
11.574 839.4003 34.3212
11.584 839.3542 34.3239
11.594 839.3574 34.3246
11.604 839.3999 34.3237
11.614 839.3832 34.3227
11.624 839.3312 34.3235
11.634 839.3864 34.3243
11.644 839.3888 34.3246
11.654 839.3474 34.3242
11.664 839.3745 34.3239
11.674 839.3833 34.3246
11.684 839.3743 34.3247
11.694 839.3577 34.3256
11.704 839.4311 34.3254
11.714 839.3988 34.3241
11.724 839.4031 34.3243
11.734 839.3965 34.3256
11.744 839.3910 34.3265
11.754 839.3701 34.3263
11.764 839.4060 34.3257
11.774 839.3942 34.3263
11.784 839.3614 34.3265
11.794 839.3714 34.3260
11.804 839.3801 34.3257
11.814 839.3688 34.3265
11.824 839.3808 34.3278
11.834 839.4132 34.3265
11.844 839.3915 34.3250
11.854 839.3728 34.3267
11.864 839.3884 34.3280
11.874 839.4151 34.3274
11.884 839.3562 34.3276
11.894 839.3900 34.3269
11.904 839.3841 34.3268
11.914 839.3960 34.3272
11.924 839.3710 34.3276
11.934 839.3733 34.3269
11.944 839.3733 34.3260
11.954 839.3887 34.3272
11.964 839.3802 34.3276
11.974 839.3694 34.3286
11.984 839.3858 34.3285
11.994 839.3800 34.3284
12.004 839.4041 34.3302
12.014 839.3590 34.3307
12.024 839.4020 34.3301
12.034 839.3515 34.3289
12.044 839.3467 34.3284
12.054 839.3874 34.3293
12.064 839.3959 34.3298
12.074 839.3797 34.3282
12.084 839.4006 34.3294
12.094 839.4015 34.3325
12.104 839.3590 34.3325
12.114 839.3788 34.3305
12.124 839.3676 34.3295
12.134 839.4014 34.3298
12.144 839.3521 34.3301
12.154 839.3978 34.3307
12.164 839.4229 34.3312
12.174 839.3766 34.3303
12.184 839.3883 34.3306
12.194 839.3838 34.3302
12.204 839.3890 34.3291
12.214 839.3796 34.3308
12.224 839.4094 34.3319
12.234 839.3933 34.3303
12.244 839.3759 34.3308
12.254 839.3960 34.3325
12.264 839.3983 34.3319
12.274 839.3846 34.3324
12.284 839.4155 34.3331
12.294 839.3952 34.3331
12.304 839.3886 34.3316
12.314 839.4007 34.3303
12.324 839.3885 34.3307
12.334 839.3920 34.3324
12.344 839.3802 34.3338
12.354 839.4261 34.3319
12.364 839.3729 34.3303
12.374 839.3806 34.3314
12.384 839.3926 34.3327
12.394 839.3905 34.3335
12.404 839.3770 34.3341
12.414 839.3767 34.3322
12.424 839.3864 34.3315
12.434 839.3947 34.3328
12.444 839.3567 34.3332
12.454 839.4008 34.3331
12.464 839.3540 34.3328
12.474 839.3406 34.3335
12.484 839.3638 34.3322
12.494 839.3703 34.3308
12.504 839.3675 34.3340
12.514 839.3903 34.3352
12.524 839.4005 34.3320
12.534 839.4116 34.3338
12.544 839.3726 34.3346
12.554 839.3831 34.3325
12.564 839.3855 34.3337
12.574 839.3850 34.3344
12.584 839.3734 34.3359
12.594 839.3877 34.3366
12.604 839.3623 34.3359
12.614 839.3877 34.3357
12.624 839.3958 34.3342
12.634 839.3699 34.3342
12.644 839.3757 34.3344
12.654 839.3845 34.3359
12.664 839.3758 34.3362
12.674 839.3581 34.3357
12.684 839.3935 34.3358
12.694 839.3895 34.3348
12.704 839.3922 34.3361
12.714 839.4052 34.3388
12.724 839.3967 34.3383
12.734 839.3610 34.3362
12.744 839.3581 34.3366
12.754 839.3648 34.3371
12.764 839.3859 34.3375
12.774 839.3962 34.3371
12.784 839.3893 34.3365
12.794 839.3927 34.3372
12.804 839.4067 34.3369
12.814 839.3813 34.3353
12.824 839.3845 34.3350
12.834 839.3690 34.3374
12.844 839.3728 34.3392
12.854 839.3688 34.3391
12.864 839.3773 34.3396
12.874 839.3709 34.3383
12.884 839.4057 34.3372
12.894 839.4051 34.3370
12.904 839.3861 34.3367
12.914 839.3616 34.3383
12.924 839.3785 34.3375
12.934 839.3988 34.3375
12.944 839.3790 34.3369
12.954 839.3740 34.3362
12.964 839.3624 34.3378
12.974 839.3972 34.3376
12.984 839.3928 34.3382
12.994 839.3703 34.3380
13.004 839.4051 34.3370
13.014 839.3896 34.3384
13.024 839.4121 34.3386
13.034 839.3651 34.3382
13.044 839.3976 34.3396
13.054 839.4145 34.3397
13.064 839.3860 34.3402
13.074 839.3709 34.3392
13.084 839.3413 34.3392
13.094 839.3886 34.3397
13.104 839.3971 34.3402
13.114 839.4228 34.3419
13.124 839.3895 34.3419
13.134 839.3897 34.3412
13.144 839.3860 34.3402
13.154 839.4005 34.3401
13.164 839.3974 34.3413
13.174 839.4045 34.3412
13.184 839.3881 34.3395
13.194 839.3651 34.3391
13.204 839.4013 34.3405
13.214 839.3773 34.3414
13.224 839.3699 34.3414
13.234 839.3716 34.3431
13.244 839.3732 34.3430
13.254 839.3567 34.3413
13.264 839.3845 34.3413
13.274 839.3711 34.3429
13.284 839.3842 34.3412
13.294 839.3749 34.3393
13.304 839.4037 34.3417
13.314 839.4032 34.3423
13.324 839.4119 34.3421
13.334 839.3977 34.3433
13.344 839.3658 34.3439
13.354 839.3515 34.3423
13.364 839.3749 34.3412
13.374 839.3763 34.3409
13.384 839.3871 34.3417
13.394 839.3721 34.3425
13.404 839.3684 34.3434
13.414 839.3917 34.3430
13.424 839.3953 34.3430
13.434 839.3698 34.3440
13.444 839.3866 34.3433
13.454 839.3869 34.3434
13.464 839.3925 34.3443
13.474 839.3891 34.3444
13.484 839.4083 34.3439
13.494 839.3766 34.3438
13.504 839.3687 34.3444
13.514 839.4083 34.3439
13.524 839.3706 34.3444
13.534 839.3889 34.3461
13.544 839.3943 34.3443
13.554 839.4052 34.3451
13.564 839.3968 34.3464
13.574 839.3680 34.3450
13.584 839.3617 34.3455
13.594 839.3590 34.3460
13.604 839.3849 34.3451
13.614 839.3984 34.3463
13.624 839.3902 34.3468
13.634 839.3654 34.3455
13.644 839.3685 34.3461
13.654 839.3681 34.3477
13.664 839.3807 34.3467
13.674 839.4136 34.3447
13.684 839.3561 34.3455
13.694 839.3761 34.3444
13.704 839.3946 34.3453
13.714 839.3670 34.3472
13.724 839.3628 34.3469
13.734 839.3731 34.3474
13.744 839.3651 34.3463
13.754 839.3709 34.3455
13.764 839.3870 34.3461
13.774 839.3918 34.3467
13.784 839.3958 34.3477
13.794 839.3926 34.3470
13.804 839.3646 34.3469
13.814 839.3845 34.3494
13.824 839.3713 34.3493
13.834 839.3993 34.3485
13.844 839.3752 34.3485
13.854 839.3615 34.3472
13.864 839.3358 34.3464
13.874 839.3940 34.3477
13.884 839.3581 34.3482
13.894 839.3760 34.3480
13.904 839.4061 34.3482
13.914 839.3481 34.3497
13.924 839.3745 34.3490
13.934 839.3677 34.3457
13.944 839.3633 34.3472
13.954 839.3731 34.3483
13.964 839.3884 34.3477
13.974 839.3884 34.3486
13.984 839.4006 34.3500
13.994 839.3735 34.3503
14.004 839.3877 34.3500
14.014 839.3870 34.3515
14.024 839.3601 34.3519
14.034 839.4004 34.3499
14.044 839.3715 34.3485
14.054 839.4001 34.3489
14.064 839.3948 34.3499
14.074 839.3961 34.3497
14.084 839.3916 34.3493
14.094 839.3753 34.3503
14.104 839.4028 34.3502
14.114 839.3349 34.3495
14.124 839.3679 34.3503
14.134 839.3922 34.3504
14.144 839.3692 34.3491
14.154 839.3708 34.3490
14.164 839.3755 34.3495
14.174 839.3521 34.3507
14.184 839.4097 34.3517
14.194 839.3873 34.3525
14.204 839.3833 34.3524
14.214 839.3796 34.3524
14.224 839.3831 34.3532
14.234 839.3825 34.3529
14.244 839.3923 34.3523
14.254 839.3897 34.3528
14.264 839.4034 34.3532
14.274 839.3678 34.3529
14.284 839.3923 34.3532
14.294 839.3841 34.3528
14.304 839.3691 34.3527
14.314 839.3783 34.3527
14.324 839.3788 34.3529
14.334 839.3714 34.3520
14.344 839.3725 34.3525
14.354 839.3706 34.3525
14.364 839.4019 34.3542
14.374 839.3988 34.3563
14.384 839.3525 34.3545
14.394 839.3934 34.3546
14.404 839.3974 34.3547
14.414 839.3654 34.3545
14.424 839.3646 34.3541
14.434 839.4008 34.3537
14.444 839.3945 34.3542
14.454 839.3453 34.3537
14.464 839.3902 34.3531
14.474 839.3514 34.3531
14.484 839.3897 34.3546
14.494 839.3791 34.3540
14.504 839.3670 34.3534
14.514 839.3808 34.3547
14.524 839.3858 34.3554
14.534 839.3352 34.3568
14.544 839.3900 34.3557
14.554 839.3992 34.3547
14.564 839.3913 34.3545
14.574 839.3823 34.3546
14.584 839.4094 34.3570
14.594 839.3985 34.3553
14.604 839.4105 34.3531
14.614 839.3767 34.3528
14.624 839.3612 34.3551
14.634 839.4184 34.3587
14.644 839.3753 34.3575
14.654 839.3816 34.3561
14.664 839.3951 34.3563
14.674 839.3674 34.3572
14.684 839.3780 34.3588
14.694 839.4078 34.3580
14.704 839.4070 34.3567
14.714 839.3803 34.3572
14.724 839.3870 34.3587
14.734 839.3714 34.3583
14.744 839.3998 34.3559
14.754 839.3708 34.3571
14.764 839.3809 34.3584
14.774 839.3735 34.3575
14.784 839.3577 34.3579
14.794 839.3680 34.3584
14.804 839.3999 34.3578
14.814 839.4194 34.3574
14.824 839.3927 34.3570
14.834 839.3926 34.3596
14.844 839.3644 34.3612
14.854 839.3974 34.3610
14.864 839.3741 34.3605
14.874 839.3851 34.3587
14.884 839.3959 34.3576
14.894 839.3722 34.3578
14.904 839.3709 34.3589
14.914 839.3975 34.3584
14.924 839.3654 34.3589
14.934 839.3609 34.3604
14.944 839.4161 34.3602
14.954 839.3755 34.3612
14.964 839.3789 34.3610
14.974 839.3409 34.3605
14.984 839.3915 34.3600
14.994 839.3759 34.3587
15.004 839.3664 34.3585
15.014 839.3989 34.3600
15.024 839.3771 34.3610
15.034 839.3958 34.3612
15.044 839.3850 34.3622
15.054 839.3663 34.3621
15.064 839.3784 34.3617
15.074 839.4019 34.3614
15.084 839.3942 34.3613
15.094 839.3470 34.3617
15.104 839.4030 34.3628
15.114 839.4064 34.3627
15.124 839.3789 34.3610
15.134 839.3926 34.3605
15.144 839.3929 34.3615
15.154 839.3889 34.3614
15.164 839.3662 34.3602
15.174 839.3760 34.3605
15.184 839.3652 34.3606
15.194 839.3762 34.3606
15.204 839.3905 34.3613
15.214 839.3737 34.3621
15.224 839.3945 34.3623
15.234 839.3718 34.3621
15.244 839.3710 34.3617
15.254 839.3620 34.3609
15.264 839.3940 34.3612
15.274 839.3586 34.3628
15.284 839.3927 34.3632
15.294 839.3340 34.3617
15.304 839.3710 34.3626
15.314 839.3605 34.3638
15.324 839.3349 34.3630
15.334 839.3822 34.3635
15.344 839.3924 34.3631
15.354 839.4143 34.3621
15.364 839.3977 34.3621
15.374 839.3790 34.3647
15.384 839.3796 34.3659
15.394 839.3743 34.3642
15.404 839.3827 34.3638
15.414 839.3909 34.3632
15.424 839.3594 34.3632
15.434 839.3804 34.3644
15.444 839.3698 34.3638
15.454 839.3914 34.3635
15.464 839.3616 34.3634
15.474 839.3877 34.3635
15.484 839.3653 34.3643
15.494 839.3899 34.3655
15.504 839.3996 34.3648
15.514 839.4133 34.3634
15.524 839.3772 34.3647
15.534 839.3619 34.3644
15.544 839.3671 34.3643
15.554 839.3484 34.3642
15.564 839.3582 34.3644
15.574 839.3833 34.3668
15.584 839.3707 34.3669
15.594 839.4123 34.3656
15.604 839.3572 34.3657
15.614 839.3519 34.3659
15.624 839.3662 34.3665
15.634 839.4008 34.3672
15.644 839.3889 34.3668
15.654 839.3662 34.3665
15.664 839.3646 34.3666
15.674 839.3758 34.3685
15.684 839.3902 34.3674
15.694 839.3691 34.3661
15.704 839.3688 34.3669
15.714 839.3657 34.3672
15.724 839.3858 34.3679
15.734 839.3485 34.3678
15.744 839.3805 34.3681
15.754 839.3974 34.3682
15.764 839.3987 34.3689
15.774 839.3824 34.3690
15.784 839.4130 34.3686
15.794 839.3621 34.3690
15.804 839.3855 34.3687
15.814 839.3828 34.3674
15.824 839.3469 34.3670
15.834 839.3884 34.3674
15.844 839.3987 34.3689
15.854 839.3758 34.3694
15.864 839.3470 34.3689
15.874 839.3621 34.3690
15.884 839.3710 34.3689
15.894 839.3594 34.3695
15.904 839.3863 34.3691
15.914 839.3641 34.3682
15.924 839.3826 34.3691
15.934 839.3819 34.3706
15.944 839.4093 34.3695
15.954 839.3739 34.3685
15.964 839.3864 34.3700
15.974 839.3698 34.3709
15.984 839.3774 34.3711
15.994 839.3975 34.3709
16.004 839.4186 34.3704
16.014 839.3776 34.3694
16.024 839.3510 34.3690
16.034 839.3711 34.3698
16.044 839.3575 34.3686
16.054 839.3604 34.3682
16.064 839.3320 34.3696
16.074 839.3679 34.3691
16.084 839.3745 34.3696
16.094 839.3809 34.3719
16.104 839.4025 34.3707
16.114 839.3581 34.3698
16.124 839.3861 34.3708
16.134 839.3629 34.3712
16.144 839.3669 34.3723
16.154 839.3603 34.3708
16.164 839.3494 34.3700
16.174 839.3465 34.3704
16.184 839.3669 34.3704
16.194 839.3878 34.3716
16.204 839.3967 34.3715
16.214 839.3949 34.3715
16.224 839.3500 34.3721
16.234 839.3754 34.3728
16.244 839.3976 34.3728
16.254 839.3725 34.3732
16.264 839.3987 34.3733
16.274 839.3902 34.3737
16.284 839.3815 34.3740
16.294 839.3770 34.3726
16.304 839.3575 34.3730
16.314 839.3791 34.3737
16.324 839.4142 34.3728
16.334 839.3770 34.3726
16.344 839.3915 34.3734
16.354 839.3596 34.3741
16.364 839.3903 34.3746
16.374 839.3451 34.3742
16.384 839.3680 34.3728
16.394 839.3762 34.3723
16.404 839.3950 34.3733
16.414 839.3514 34.3728
16.424 839.3828 34.3728
16.434 839.3461 34.3738
16.444 839.3839 34.3733
16.454 839.3866 34.3746
16.464 839.3794 34.3747
16.474 839.3689 34.3759
16.484 839.3732 34.3771
16.494 839.4011 34.3754
16.504 839.4021 34.3741
16.514 839.3723 34.3740
16.524 839.3876 34.3742
16.534 839.3765 34.3751
16.544 839.3908 34.3758
16.554 839.3697 34.3763
16.564 839.4004 34.3768
16.574 839.4077 34.3759
16.584 839.3737 34.3764
16.594 839.4079 34.3742
16.604 839.3731 34.3743
16.614 839.4138 34.3771
16.624 839.3875 34.3777
16.634 839.3886 34.3783
16.644 839.3521 34.3776
16.654 839.3843 34.3780
16.664 839.3682 34.3773
16.674 839.3655 34.3760
16.684 839.3676 34.3762
16.694 839.3433 34.3760
16.704 839.3809 34.3781
16.714 839.3912 34.3787
16.724 839.3629 34.3775
16.734 839.4036 34.3784
16.744 839.3838 34.3787
16.754 839.3688 34.3785
16.764 839.4020 34.3785
16.774 839.3701 34.3783
16.784 839.3668 34.3767
16.794 839.3852 34.3749
16.804 839.3671 34.3768
16.814 839.3936 34.3789
16.824 839.3891 34.3785
16.834 839.3640 34.3780
16.844 839.3674 34.3779
16.854 839.3733 34.3798
16.864 839.3720 34.3810
16.874 839.4002 34.3794
16.884 839.3693 34.3788
16.894 839.3810 34.3800
16.904 839.3696 34.3807
16.914 839.4113 34.3785
16.924 839.3701 34.3792
16.934 839.3855 34.3804
16.944 839.3691 34.3796
16.954 839.3712 34.3797
16.964 839.3942 34.3801
16.974 839.3604 34.3817
16.984 839.4058 34.3813
16.994 839.3451 34.3805
17.004 839.3622 34.3798
17.014 839.3720 34.3801
17.024 839.3733 34.3798
17.034 839.3617 34.3796
17.044 839.3982 34.3811
17.054 839.3813 34.3828
17.064 839.3686 34.3821
17.074 839.3763 34.3813
17.084 839.3741 34.3811
17.094 839.3815 34.3793
17.104 839.3828 34.3790
17.114 839.4021 34.3813
17.124 839.3960 34.3810
17.134 839.3875 34.3796
17.144 839.3890 34.3821
17.154 839.3763 34.3813
17.164 839.3728 34.3805
17.174 839.3798 34.3830
17.184 839.3702 34.3819
17.194 839.4016 34.3810
17.204 839.3887 34.3819
17.214 839.3871 34.3821
17.224 839.3961 34.3828
17.234 839.4024 34.3823
17.244 839.4040 34.3813
17.254 839.3684 34.3819
17.264 839.3755 34.3827
17.274 839.3597 34.3840
17.284 839.3690 34.3840
17.294 839.3951 34.3832
17.304 839.3663 34.3827
17.314 839.3697 34.3826
17.324 839.3568 34.3826
17.334 839.3687 34.3830
17.344 839.3697 34.3835
17.354 839.3782 34.3840
17.364 839.4218 34.3845
17.374 839.3444 34.3847
17.384 839.4236 34.3845
17.394 839.3465 34.3830
17.404 839.3650 34.3839
17.414 839.3725 34.3857
17.424 839.4076 34.3848
17.434 839.3962 34.3837
17.444 839.3549 34.3817
17.454 839.3832 34.3828
17.464 839.3949 34.3858
17.474 839.3769 34.3843
17.484 839.3808 34.3817
17.494 839.3565 34.3824
17.504 839.3864 34.3835
17.514 839.4083 34.3843
17.524 839.3735 34.3853
17.534 839.4308 34.3853
17.544 839.3764 34.3858
17.554 839.3770 34.3861
17.564 839.3941 34.3845
17.574 839.3945 34.3830
17.584 839.3888 34.3837
17.594 839.3582 34.3851
17.604 839.3928 34.3857
17.614 839.3883 34.3853
17.624 839.3703 34.3847
17.634 839.3635 34.3849
17.644 839.3411 34.3857
17.654 839.3711 34.3851
17.664 839.3540 34.3857
17.674 839.3633 34.3875
17.684 839.3839 34.3868
17.694 839.3706 34.3857
17.704 839.3614 34.3857
17.714 839.3596 34.3866
17.724 839.3866 34.3890
17.734 839.3789 34.3888
17.744 839.3779 34.3883
17.754 839.3581 34.3886
17.764 839.3678 34.3879
17.774 839.3995 34.3890
17.784 839.3747 34.3895
17.794 839.3649 34.3874
17.804 839.3981 34.3856
17.814 839.3839 34.3868
17.824 839.3884 34.3890
17.834 839.4059 34.3894
17.844 839.4341 34.3896
17.854 839.3844 34.3879
17.864 839.3670 34.3866
17.874 839.3821 34.3886
17.884 839.3628 34.3891
17.894 839.3844 34.3879
17.904 839.3816 34.3883
17.914 839.3581 34.3895
17.924 839.3541 34.3885
17.934 839.3697 34.3879
17.944 839.3887 34.3882
17.954 839.3760 34.3892
17.964 839.3946 34.3902
17.974 839.3999 34.3909
17.984 839.4144 34.3917
17.994 839.3489 34.3904
18.004 839.3753 34.3907
18.014 839.3865 34.3925
18.024 839.3778 34.3928
18.034 839.4142 34.3916
18.044 839.3431 34.3912
18.054 839.3743 34.3911
18.064 839.3724 34.3902
18.074 839.3824 34.3905
18.084 839.3581 34.3904
18.094 839.3782 34.3903
18.104 839.3785 34.3913
18.114 839.3837 34.3903
18.124 839.3491 34.3896
18.134 839.3687 34.3902
18.144 839.3817 34.3911
18.154 839.3801 34.3921
18.164 839.3843 34.3905
18.174 839.3648 34.3909
18.184 839.3350 34.3926
18.194 839.3669 34.3929
18.204 839.4023 34.3921
18.214 839.3893 34.3912
18.224 839.3822 34.3922
18.234 839.3992 34.3942
18.244 839.3812 34.3935
18.254 839.3830 34.3917
18.264 839.3497 34.3917
18.274 839.3577 34.3929
18.284 839.3831 34.3945
18.294 839.3833 34.3928
18.304 839.3759 34.3918
18.314 839.3731 34.3941
18.324 839.3696 34.3933
18.334 839.3629 34.3918
18.344 839.3659 34.3924
18.354 839.4066 34.3933
18.364 839.3651 34.3938
18.374 839.3746 34.3921
18.384 839.3794 34.3935
18.394 839.4003 34.3956
18.404 839.4061 34.3949
18.414 839.3821 34.3958
18.424 839.3990 34.3950
18.434 839.3714 34.3933
18.444 839.3804 34.3932
18.454 839.3477 34.3943
18.464 839.3760 34.3955
18.474 839.3955 34.3951
18.484 839.3715 34.3951
18.494 839.3906 34.3963
18.504 839.4009 34.3968
18.514 839.3602 34.3968
18.524 839.3729 34.3976
18.534 839.3861 34.3968
18.544 839.3885 34.3962
18.554 839.3679 34.3960
18.564 839.3964 34.3964
18.574 839.3721 34.3963
18.584 839.3623 34.3951
18.594 839.4022 34.3956
18.604 839.4294 34.3963
18.614 839.3856 34.3975
18.624 839.3814 34.3981
18.634 839.3489 34.3976
18.644 839.3698 34.3979
18.654 839.3989 34.3994
18.664 839.3669 34.3982
18.674 839.4041 34.3975
18.684 839.3948 34.3975
18.694 839.3679 34.3960
18.704 839.3563 34.3976
18.714 839.4146 34.3972
18.724 839.3647 34.3954
18.734 839.3719 34.3971
18.744 839.3754 34.3988
18.754 839.3780 34.3982
18.764 839.3632 34.3973
18.774 839.3811 34.3971
18.784 839.3787 34.3977
18.794 839.3841 34.3994
18.804 839.3635 34.3984
18.814 839.3668 34.3964
18.824 839.3656 34.3985
18.834 839.3767 34.3985
18.844 839.3650 34.3973
18.854 839.3671 34.3975
18.864 839.3791 34.3988
18.874 839.3891 34.3982
18.884 839.3901 34.3969
18.894 839.3714 34.3986
18.904 839.3835 34.3973
18.914 839.3850 34.3963
18.924 839.4062 34.3985
18.934 839.4005 34.4002
18.944 839.4055 34.3999
18.954 839.3548 34.3996
18.964 839.3881 34.4005
18.974 839.3942 34.4007
18.984 839.3841 34.4003
18.994 839.3606 34.4006
19.004 839.3485 34.4001
19.014 839.3374 34.4001
19.024 839.3789 34.4005
19.034 839.3862 34.3996
19.044 839.3852 34.3999
19.054 839.3688 34.4010
19.064 839.3916 34.4013
19.074 839.4035 34.4016
19.084 839.3599 34.4011
19.094 839.3580 34.4011
19.104 839.3914 34.4030
19.114 839.3926 34.4018
19.124 839.3493 34.4014
19.134 839.4011 34.4014
19.144 839.3604 34.4005
19.154 839.3713 34.4022
19.164 839.3872 34.4045
19.174 839.3547 34.4031
19.184 839.3589 34.4024
19.194 839.3898 34.4031
19.204 839.4048 34.4023
19.214 839.3895 34.4030
19.224 839.3710 34.4030
19.234 839.3985 34.4037
19.244 839.3967 34.4037
19.254 839.3829 34.4015
19.264 839.3874 34.4019
19.274 839.3724 34.4036
19.284 839.3486 34.4028
19.294 839.3729 34.4030
19.304 839.3848 34.4033
19.314 839.3921 34.4024
19.324 839.3763 34.4019
19.334 839.3734 34.4023
19.344 839.4035 34.4035
19.354 839.3930 34.4046
19.364 839.3650 34.4045
19.374 839.3999 34.4044
19.384 839.3846 34.4050
19.394 839.3513 34.4050
19.404 839.3956 34.4041
19.414 839.3803 34.4039
19.424 839.4018 34.4053
19.434 839.3503 34.4054
19.444 839.3872 34.4045
19.454 839.3569 34.4050
19.464 839.3848 34.4043
19.474 839.3655 34.4039
19.484 839.3640 34.4049
19.494 839.3706 34.4054
19.504 839.3867 34.4052
19.514 839.3769 34.4040
19.524 839.3730 34.4048
19.534 839.3677 34.4049
19.544 839.3643 34.4060
19.554 839.3691 34.4083
19.564 839.4116 34.4074
19.574 839.3878 34.4075
19.584 839.3997 34.4070
19.594 839.3952 34.4066
19.604 839.3654 34.4074
19.614 839.3741 34.4071
19.624 839.3986 34.4065
19.634 839.4095 34.4073
19.644 839.4071 34.4079
19.654 839.3783 34.4074
19.664 839.3669 34.4063
19.674 839.3677 34.4058
19.684 839.4016 34.4070
19.694 839.3683 34.4070
19.704 839.3672 34.4074
19.714 839.4058 34.4082
19.724 839.3955 34.4086
19.734 839.3390 34.4080
19.744 839.3863 34.4077
19.754 839.4027 34.4084
19.764 839.3789 34.4077
19.774 839.3374 34.4063
19.784 839.4000 34.4071
19.794 839.3546 34.4094
19.804 839.3813 34.4097
19.814 839.3739 34.4079
19.824 839.3715 34.4077
19.834 839.3726 34.4082
19.844 839.3686 34.4090
19.854 839.3457 34.4095
19.864 839.3565 34.4094
19.874 839.3697 34.4095
19.884 839.3937 34.4086
19.894 839.3982 34.4080
19.904 839.3644 34.4078
19.914 839.3515 34.4087
19.924 839.3710 34.4092
19.934 839.3942 34.4088
19.944 839.4260 34.4099
19.954 839.3864 34.4104
19.964 839.3871 34.4090
19.974 839.3570 34.4096
19.984 839.4078 34.4118
19.994 839.3629 34.4107
20.004 839.3964 34.4099
20.014 839.3621 34.4103
20.024 839.3982 34.4090
20.034 839.3782 34.4100
20.044 839.3946 34.4117
20.054 839.3558 34.4108
20.064 839.3869 34.4097
20.074 839.3861 34.4103
20.084 839.3877 34.4111
20.094 839.3729 34.4101
20.104 839.3840 34.4101
20.114 839.3650 34.4099
20.124 839.3803 34.4111
20.134 839.4115 34.4118
20.144 839.3600 34.4111
20.154 839.3722 34.4125
20.164 839.3873 34.4135
20.174 839.3838 34.4127
20.184 839.3643 34.4131
20.194 839.3432 34.4127
20.204 839.3714 34.4112
20.214 839.3822 34.4120
20.224 839.3632 34.4126
20.234 839.3709 34.4127
20.244 839.3986 34.4127
20.254 839.3685 34.4116
20.264 839.3874 34.4109
20.274 839.3603 34.4112
20.284 839.3748 34.4120
20.294 839.3730 34.4129
20.304 839.3659 34.4130
20.314 839.3529 34.4130
20.324 839.3564 34.4138
20.334 839.3604 34.4139
20.344 839.3799 34.4126
20.354 839.3688 34.4126
20.364 839.4013 34.4131
20.374 839.3735 34.4122
20.384 839.3799 34.4126
20.394 839.3770 34.4148
20.404 839.3390 34.4152
20.414 839.4040 34.4163
20.424 839.3687 34.4180
20.434 839.3811 34.4168
20.444 839.3712 34.4147
20.454 839.3633 34.4144
20.464 839.3480 34.4151
20.474 839.4122 34.4158
20.484 839.4092 34.4143
20.494 839.3569 34.4122
20.504 839.3740 34.4125
20.514 839.3670 34.4144
20.524 839.3700 34.4168
20.534 839.3768 34.4156
20.544 839.4127 34.4142
20.554 839.3842 34.4147
20.564 839.3763 34.4163
20.574 839.3748 34.4173
20.584 839.3594 34.4171
20.594 839.3457 34.4158
20.604 839.4150 34.4144
20.614 839.3694 34.4147
20.624 839.3736 34.4159
20.634 839.3929 34.4163
20.644 839.3821 34.4155
20.654 839.3594 34.4161
20.664 839.3626 34.4168
20.674 839.3523 34.4163
20.684 839.3947 34.4154
20.694 839.3745 34.4163
20.704 839.3787 34.4175
20.714 839.3824 34.4175
20.724 839.3782 34.4181
20.734 839.3904 34.4177
20.744 839.3534 34.4168
20.754 839.3660 34.4167
20.764 839.3967 34.4172
20.774 839.3711 34.4182
20.784 839.3766 34.4173
20.794 839.3925 34.4188
20.804 839.3514 34.4203
20.814 839.3907 34.4197
20.824 839.3880 34.4193
20.834 839.3711 34.4173
20.844 839.3555 34.4178
20.854 839.3935 34.4184
20.864 839.3579 34.4181
20.874 839.3647 34.4178
20.884 839.3800 34.4172
20.894 839.3935 34.4175
20.904 839.3745 34.4181
20.914 839.4015 34.4195
20.924 839.3790 34.4185
20.934 839.3552 34.4177
20.944 839.4208 34.4190
20.954 839.3553 34.4186
20.964 839.3972 34.4184
20.974 839.3769 34.4175
20.984 839.3711 34.4182
20.994 839.3917 34.4193
21.004 839.3447 34.4180
21.014 839.3732 34.4193
21.024 839.3936 34.4202
21.034 839.3777 34.4188
21.044 839.3478 34.4177
21.054 839.3696 34.4202
21.064 839.3551 34.4222
21.074 839.4121 34.4211
21.084 839.3987 34.4208
21.094 839.3752 34.4211
21.104 839.4018 34.4197
21.114 839.3561 34.4190
21.124 839.3798 34.4180
21.134 839.3537 34.4178
21.144 839.3647 34.4223
21.154 839.3721 34.4232
21.164 839.3858 34.4218
21.174 839.3878 34.4210
21.184 839.3600 34.4191
21.194 839.3643 34.4194
21.204 839.3545 34.4201
21.214 839.3646 34.4214
21.224 839.3776 34.4214
21.234 839.3643 34.4212
21.244 839.3926 34.4224
21.254 839.3608 34.4240
21.264 839.4186 34.4252
21.274 839.3853 34.4233
21.284 839.3604 34.4220
21.294 839.3985 34.4225
21.304 839.3602 34.4228
21.314 839.3868 34.4223
21.324 839.3518 34.4241
21.334 839.3826 34.4229
21.344 839.3952 34.4201
21.354 839.3820 34.4199
21.364 839.3676 34.4228
21.374 839.3697 34.4239
21.384 839.3449 34.4225
21.394 839.3934 34.4219
21.404 839.3662 34.4222
21.414 839.3855 34.4225
21.424 839.3610 34.4223
21.434 839.3858 34.4236
21.444 839.4133 34.4244
21.454 839.4090 34.4232
21.464 839.3763 34.4235
21.474 839.3682 34.4240
21.484 839.3869 34.4241
21.494 839.3640 34.4256
21.504 839.3820 34.4271
21.514 839.4110 34.4269
21.524 839.3914 34.4245
21.534 839.3598 34.4253
21.544 839.3852 34.4269
21.554 839.3699 34.4275
21.564 839.3696 34.4274
21.574 839.3883 34.4266
21.584 839.4004 34.4253
21.594 839.4170 34.4253
21.604 839.3777 34.4259
21.614 839.3914 34.4254
21.624 839.3632 34.4252
21.634 839.3751 34.4256
21.644 839.3532 34.4266
21.654 839.3437 34.4265
21.664 839.3996 34.4249
21.674 839.3962 34.4269
21.684 839.3730 34.4272
21.694 839.3654 34.4271
21.704 839.3892 34.4297
21.714 839.3792 34.4303
21.724 839.3903 34.4303
21.734 839.3823 34.4291
21.744 839.3778 34.4278
21.754 839.4011 34.4283
21.764 839.3525 34.4280
21.774 839.3556 34.4269
21.784 839.3754 34.4275
21.794 839.3987 34.4289
21.804 839.3807 34.4283
21.814 839.4174 34.4282
21.824 839.3963 34.4287
21.834 839.3826 34.4283
21.844 839.3440 34.4284
21.854 839.3567 34.4292
21.864 839.3889 34.4287
21.874 839.3575 34.4296
21.884 839.3523 34.4306
21.894 839.3734 34.4292
21.904 839.3837 34.4297
21.914 839.3485 34.4288
21.924 839.3781 34.4288
21.934 839.3525 34.4299
21.944 839.4204 34.4305
21.954 839.3880 34.4318
21.964 839.3695 34.4309
21.974 839.3470 34.4299
21.984 839.4006 34.4308
21.994 839.3597 34.4297
22.004 839.4040 34.4288
22.014 839.3782 34.4306
22.024 839.3769 34.4318
22.034 839.3953 34.4300
22.044 839.3884 34.4275
22.054 839.3609 34.4267
22.064 839.3609 34.4286
22.074 839.3792 34.4303
22.084 839.3821 34.4308
22.094 839.3909 34.4314
22.104 839.3856 34.4316
22.114 839.3925 34.4313
22.124 839.3801 34.4316
22.134 839.3540 34.4323
22.144 839.3542 34.4325
22.154 839.3455 34.4318
22.164 839.3792 34.4303
22.174 839.3784 34.4308
22.184 839.3769 34.4309
22.194 839.4149 34.4305
22.204 839.3751 34.4318
22.214 839.3717 34.4329
22.224 839.3724 34.4314
22.234 839.3729 34.4308
22.244 839.3391 34.4314
22.254 839.4118 34.4326
22.264 839.3597 34.4316
22.274 839.3700 34.4303
22.284 839.3695 34.4318
22.294 839.3838 34.4325
22.304 839.3706 34.4323
22.314 839.3714 34.4327
22.324 839.3540 34.4323
22.334 839.3788 34.4318
22.344 839.3825 34.4336
22.354 839.4140 34.4346
22.364 839.3635 34.4343
22.374 839.3894 34.4334
22.384 839.3584 34.4318
22.394 839.3766 34.4317
22.404 839.3600 34.4326
22.414 839.3598 34.4334
22.424 839.3643 34.4329
22.434 839.3904 34.4321
22.444 839.3730 34.4326
22.454 839.3746 34.4325
22.464 839.3349 34.4321
22.474 839.3820 34.4334
22.484 839.3739 34.4348
22.494 839.3852 34.4340
22.504 839.3957 34.4320
22.514 839.4149 34.4323
22.524 839.3864 34.4329
22.534 839.3814 34.4331
22.544 839.3986 34.4334
22.554 839.3912 34.4334
22.564 839.3789 34.4346
22.574 839.3829 34.4356
22.584 839.3884 34.4365
22.594 839.3728 34.4361
22.604 839.4127 34.4367
22.614 839.3927 34.4377
22.624 839.3613 34.4368
22.634 839.4217 34.4356
22.644 839.4074 34.4359
22.654 839.4153 34.4352
22.664 839.3665 34.4357
22.674 839.3848 34.4384
22.684 839.3795 34.4376
22.694 839.3671 34.4369
22.704 839.3581 34.4370
22.714 839.3908 34.4350
22.724 839.3824 34.4363
22.734 839.3623 34.4364
22.744 839.3710 34.4352
22.754 839.4101 34.4372
22.764 839.3599 34.4361
22.774 839.3501 34.4350
22.784 839.3694 34.4363
22.794 839.3452 34.4370
22.804 839.3613 34.4368
22.814 839.3929 34.4369
22.824 839.3621 34.4381
22.834 839.3682 34.4384
22.844 839.3611 34.4385
22.854 839.3710 34.4361
22.864 839.3733 34.4355
22.874 839.3922 34.4374
22.884 839.3874 34.4360
22.894 839.3395 34.4352
22.904 839.4141 34.4373
22.914 839.3661 34.4382
22.924 839.3888 34.4385
22.934 839.3679 34.4391
22.944 839.3902 34.4401
22.954 839.3463 34.4394
22.964 839.3613 34.4368
22.974 839.3921 34.4365
22.984 839.3745 34.4378
22.994 839.3624 34.4382
23.004 839.3473 34.4372
23.014 839.4051 34.4384
23.024 839.3616 34.4387
23.034 839.3564 34.4398
23.044 839.3883 34.4410
23.054 839.3865 34.4410
23.064 839.3656 34.4407
23.074 839.3815 34.4403
23.084 839.3633 34.4414
23.094 839.3744 34.4423
23.104 839.3894 34.4406
23.114 839.3634 34.4387
23.124 839.3798 34.4395
23.134 839.3936 34.4408
23.144 839.3958 34.4419
23.154 839.4002 34.4414
23.164 839.3683 34.4411
23.174 839.3619 34.4407
23.184 839.3846 34.4401
23.194 839.3923 34.4402
23.204 839.3561 34.4397
23.214 839.3442 34.4393
23.224 839.3801 34.4406
23.234 839.3714 34.4408
23.244 839.3638 34.4407
23.254 839.3886 34.4411
23.264 839.3823 34.4407
23.274 839.3693 34.4407
23.284 839.3807 34.4417
23.294 839.3908 34.4421
23.304 839.3992 34.4417
23.314 839.3799 34.4423
23.324 839.3546 34.4425
23.334 839.3565 34.4425
23.344 839.3873 34.4423
23.354 839.3987 34.4433
23.364 839.4166 34.4421
23.374 839.3686 34.4421
23.384 839.3831 34.4429
23.394 839.4079 34.4415
23.404 839.3887 34.4420
23.414 839.3535 34.4420
23.424 839.3863 34.4417
23.434 839.4104 34.4436
23.444 839.3721 34.4448
23.454 839.3623 34.4427
23.464 839.3781 34.4423
23.474 839.3570 34.4437
23.484 839.3972 34.4434
23.494 839.3881 34.4427
23.504 839.3568 34.4436
23.514 839.3575 34.4431
23.524 839.3594 34.4431
23.534 839.3554 34.4429
23.544 839.3573 34.4429
23.554 839.4109 34.4429
23.564 839.3694 34.4425
23.574 839.4379 34.4453
23.584 839.3627 34.4465
23.594 839.3661 34.4454
23.604 839.3848 34.4446
23.614 839.3679 34.4436
23.624 839.3948 34.4432
23.634 839.3766 34.4451
23.644 839.3711 34.4451
23.654 839.3801 34.4450
23.664 839.3941 34.4455
23.674 839.3547 34.4453
23.684 839.3941 34.4455
23.694 839.3856 34.4441
23.704 839.3647 34.4438
23.714 839.3541 34.4441
23.724 839.3903 34.4437
23.734 839.3538 34.4431
23.744 839.3695 34.4444
23.754 839.3587 34.4454
23.764 839.3872 34.4449
23.774 839.4073 34.4457
23.784 839.3988 34.4461
23.794 839.3658 34.4453
23.804 839.3650 34.4449
23.814 839.3653 34.4459
23.824 839.3471 34.4470
23.834 839.3939 34.4472
23.844 839.3604 34.4480
23.854 839.3820 34.4468
23.864 839.3402 34.4463
23.874 839.3720 34.4474
23.884 839.3883 34.4472
23.894 839.3891 34.4467
23.904 839.3923 34.4474
23.914 839.3910 34.4485
23.924 839.3569 34.4472
23.934 839.3862 34.4480
23.944 839.4043 34.4496
23.954 839.3741 34.4475
23.964 839.3923 34.4474
23.974 839.4116 34.4478
23.984 839.3804 34.4479
23.994 839.3500 34.4475
24.004 839.3839 34.4478
24.014 839.3810 34.4500
24.024 839.3836 34.4485
24.034 839.4095 34.4476
24.044 839.3850 34.4501
24.054 839.3966 34.4504
24.064 839.3905 34.4501
24.074 839.3734 34.4508
24.084 839.3895 34.4505
24.094 839.4078 34.4513
24.104 839.4001 34.4521
24.114 839.3867 34.4518
24.124 839.3602 34.4506
24.134 839.3443 34.4501
24.144 839.4019 34.4502
24.154 839.3887 34.4501
24.164 839.3773 34.4500
24.174 839.3964 34.4502
24.184 839.3650 34.4521
24.194 839.3645 34.4518
24.204 839.4019 34.4502
24.214 839.3549 34.4489
24.224 839.3831 34.4492
24.234 839.3932 34.4505
24.244 839.3945 34.4502
24.254 839.3617 34.4496
24.264 839.3651 34.4485
24.274 839.4059 34.4513
24.284 839.3988 34.4523
24.294 839.3967 34.4522
24.304 839.3689 34.4513
24.314 839.3940 34.4509
24.324 839.4081 34.4532
24.334 839.3769 34.4534
24.344 839.3611 34.4529
24.354 839.3615 34.4513
24.364 839.3940 34.4509
24.374 839.3700 34.4509
24.384 839.3716 34.4517
24.394 839.3745 34.4513
24.404 839.3956 34.4517
24.414 839.3878 34.4542
24.424 839.3717 34.4535
24.434 839.3885 34.4518
24.444 839.3970 34.4532
24.454 839.3529 34.4543
24.464 839.3960 34.4536
24.474 839.3854 34.4548
24.484 839.3794 34.4555
24.494 839.3931 34.4540
24.504 839.3494 34.4526
24.514 839.3769 34.4534
24.524 839.4020 34.4539
24.534 839.3902 34.4544
24.544 839.3765 34.4549
24.554 839.3527 34.4542
24.564 839.4089 34.4546
24.574 839.3792 34.4562
24.584 839.3712 34.4560
24.594 839.3408 34.4547
24.604 839.3828 34.4544
24.614 839.3831 34.4546
24.624 839.3942 34.4546
24.634 839.3506 34.4549
24.644 839.3699 34.4553
24.654 839.4034 34.4555
24.664 839.3968 34.4549
24.674 839.4060 34.4549
24.684 839.3440 34.4562
24.694 839.3940 34.4562
24.704 839.3900 34.4561
24.714 839.3755 34.4572
24.724 839.3390 34.4565
24.734 839.3839 34.4559
24.744 839.3916 34.4569
24.754 839.3724 34.4583
24.764 839.3428 34.4583
24.774 839.4090 34.4564
24.784 839.3752 34.4570
24.794 839.3507 34.4586
24.804 839.3866 34.4581
24.814 839.3652 34.4576
24.824 839.3628 34.4573
24.834 839.3964 34.4574
24.844 839.3747 34.4568
24.854 839.3884 34.4553
24.864 839.4003 34.4557
24.874 839.3852 34.4565
24.884 839.4193 34.4569
24.894 839.4333 34.4574
24.904 839.3758 34.4573
24.914 839.3782 34.4576
24.924 839.3797 34.4574
24.934 839.3842 34.4569
24.944 839.3852 34.4556
24.954 839.3789 34.4570
24.964 839.3745 34.4585
24.974 839.3853 34.4574
24.984 839.4067 34.4579
24.994 839.3608 34.4581
25.004 839.3823 34.4560
25.014 839.3821 34.4559
25.024 839.3438 34.4579
25.034 839.3869 34.4591
25.044 839.3989 34.4604
25.054 839.3521 34.4602
25.064 839.3877 34.4595
25.074 839.4014 34.4581
25.084 839.3615 34.4557
25.094 839.3576 34.4574
25.104 839.3795 34.4591
25.114 839.3872 34.4593
25.124 839.3529 34.4606
25.134 839.3872 34.4602
25.144 839.3790 34.4579
25.154 839.3528 34.4578
25.164 839.3606 34.4598
25.174 839.3920 34.4607
25.184 839.3796 34.4600
25.194 839.3758 34.4591
25.204 839.3936 34.4596
25.214 839.3642 34.4598
25.224 839.3780 34.4602
25.234 839.3682 34.4599
25.244 839.3949 34.4603
25.254 839.4036 34.4610
25.264 839.3959 34.4599
25.274 839.3563 34.4586
25.284 839.3719 34.4590
25.294 839.3970 34.4595
25.304 839.3723 34.4574
25.314 839.3679 34.4579
25.324 839.3883 34.4598
25.334 839.3889 34.4619
25.344 839.3828 34.4616
25.354 839.3820 34.4612
25.364 839.3923 34.4617
25.374 839.3588 34.4616
25.384 839.3720 34.4626
25.394 839.3871 34.4628
25.404 839.4082 34.4632
25.414 839.3454 34.4632
25.424 839.3691 34.4621
25.434 839.3540 34.4620
25.444 839.3900 34.4633
25.454 839.3773 34.4634
25.464 839.4048 34.4642
25.474 839.3568 34.4651
25.484 839.4156 34.4641
25.494 839.3602 34.4632
25.504 839.4037 34.4628
25.514 839.3873 34.4620
25.524 839.3852 34.4619
25.534 839.3845 34.4633
25.544 839.4096 34.4638
25.554 839.3935 34.4650
25.564 839.3602 34.4641
25.574 839.3955 34.4615
25.584 839.3858 34.4630
25.594 839.3955 34.4624
25.604 839.3950 34.4621
25.614 839.3847 34.4634
25.624 839.3720 34.4626
25.634 839.4011 34.4642
25.644 839.3755 34.4653
25.654 839.3913 34.4640
25.664 839.3927 34.4646
25.674 839.3988 34.4658
25.684 839.3819 34.4666
25.694 839.3859 34.4667
25.704 839.3977 34.4653
25.714 839.3809 34.4660
25.724 839.3711 34.4658
25.734 839.4014 34.4643
25.744 839.3943 34.4654
25.754 839.3980 34.4663
25.764 839.4032 34.4643
25.774 839.3248 34.4640
25.784 839.3753 34.4660
25.794 839.3719 34.4662
25.804 839.3914 34.4667
25.814 839.4255 34.4671
25.824 839.3918 34.4677
25.834 839.4150 34.4683
25.844 839.3693 34.4676
25.854 839.3527 34.4676
25.864 839.3865 34.4679
25.874 839.3817 34.4674
25.884 839.3682 34.4671
25.894 839.3989 34.4676
25.904 839.4002 34.4674
25.914 839.3791 34.4679
25.924 839.3516 34.4680
25.934 839.3851 34.4663
25.944 839.3568 34.4660
25.954 839.3874 34.4657
25.964 839.3664 34.4671
25.974 839.3934 34.4694
25.984 839.4213 34.4677
25.994 839.3814 34.4672
26.004 839.3997 34.4680
26.014 839.3870 34.4681
26.024 839.4073 34.4681
26.034 839.3849 34.4671
26.044 839.3598 34.4675
26.054 839.3699 34.4688
26.064 839.3849 34.4680
26.074 839.4084 34.4677
26.084 839.3654 34.4684
26.094 839.3629 34.4663
26.104 839.3722 34.4663
26.114 839.3675 34.4676
26.124 839.3632 34.4674
26.134 839.3427 34.4681
26.144 839.3891 34.4683
26.154 839.4034 34.4689
26.164 839.3480 34.4698
26.174 839.4048 34.4696
26.184 839.3633 34.4692
26.194 839.3738 34.4680
26.204 839.3931 34.4675
26.214 839.3728 34.4693
26.224 839.3760 34.4700
26.234 839.3849 34.4689
26.244 839.3984 34.4683
26.254 839.3656 34.4685
26.264 839.3831 34.4698
26.274 839.3533 34.4715
26.284 839.3801 34.4728
26.294 839.3686 34.4709
26.304 839.3929 34.4692
26.314 839.3855 34.4710
26.324 839.3710 34.4702
26.334 839.3813 34.4698
26.344 839.3773 34.4697
26.354 839.3422 34.4706
26.364 839.3917 34.4731
26.374 839.4110 34.4726
26.384 839.3911 34.4719
26.394 839.3710 34.4711
26.404 839.3927 34.4709
26.414 839.3974 34.4705
26.424 839.3617 34.4693
26.434 839.3931 34.4693
26.444 839.3850 34.4698
26.454 839.3775 34.4689
26.464 839.4001 34.4718
26.474 839.3608 34.4734
26.484 839.3626 34.4715
26.494 839.3642 34.4723
26.504 839.4170 34.4728
26.514 839.4014 34.4715
26.524 839.4139 34.4731
26.534 839.3901 34.4741
26.544 839.3708 34.4728
26.554 839.3896 34.4730
26.564 839.3983 34.4727
26.574 839.3785 34.4730
26.584 839.3651 34.4745
26.594 839.3754 34.4751
26.604 839.3901 34.4732
26.614 839.3766 34.4721
26.624 839.3635 34.4738
26.634 839.3996 34.4734
26.644 839.3674 34.4730
26.654 839.4076 34.4745
26.664 839.3997 34.4752
26.674 839.3775 34.4761
26.684 839.3788 34.4749
26.694 839.3801 34.4738
26.704 839.3801 34.4738
26.714 839.3893 34.4738
26.724 839.4084 34.4749
26.734 839.3802 34.4756
26.744 839.3967 34.4738
26.754 839.3994 34.4741
26.764 839.3638 34.4748
26.774 839.3888 34.4744
26.784 839.3844 34.4749
26.794 839.3838 34.4747
26.804 839.3854 34.4755
26.814 839.3934 34.4766
26.824 839.3417 34.4766
26.834 839.3754 34.4760
26.844 839.3789 34.4758
26.854 839.3636 34.4765
26.864 839.3952 34.4748
26.874 839.4057 34.4745
26.884 839.3796 34.4753
26.894 839.3582 34.4739
26.904 839.3783 34.4738
26.914 839.3608 34.4734
26.924 839.3779 34.4727
26.934 839.3746 34.4747
26.944 839.3704 34.4762
26.954 839.3933 34.4748
26.964 839.3688 34.4745
26.974 839.3859 34.4748
26.984 839.3611 34.4753
26.994 839.3366 34.4751
27.004 839.3630 34.4744
27.014 839.3614 34.4755
27.024 839.3648 34.4753
27.034 839.4015 34.4752
27.044 839.3755 34.4769
27.054 839.3905 34.4770
27.064 839.3789 34.4768
27.074 839.4061 34.4774
27.084 839.3908 34.4771
27.094 839.3493 34.4768
27.104 839.3710 34.4765
27.114 839.3752 34.4768
27.124 839.4122 34.4777
27.134 839.4000 34.4771
27.144 839.3720 34.4770
27.154 839.3578 34.4782
27.164 839.3974 34.4777
27.174 839.3931 34.4765
27.184 839.3976 34.4760
27.194 839.3696 34.4758
27.204 839.3725 34.4755
27.214 839.3524 34.4756
27.224 839.4032 34.4769
27.234 839.3692 34.4783
27.244 839.3864 34.4786
27.254 839.3985 34.4791
27.264 839.4062 34.4802
27.274 839.3843 34.4794
27.284 839.4025 34.4783
27.294 839.3697 34.4786
27.304 839.3819 34.4782
27.314 839.3726 34.4773
27.324 839.3765 34.4765
27.334 839.3703 34.4788
27.344 839.3500 34.4807
27.354 839.3835 34.4790
27.364 839.3544 34.4783
27.374 839.3790 34.4795
27.384 839.4142 34.4804
27.394 839.3928 34.4808
27.404 839.3877 34.4802
27.414 839.3840 34.4802
27.424 839.4058 34.4817
27.434 839.3622 34.4812
27.444 839.3431 34.4800
27.454 839.3698 34.4804
27.464 839.3848 34.4805
27.474 839.3793 34.4805
27.484 839.3642 34.4804
27.494 839.3874 34.4791
27.504 839.3805 34.4785
27.514 839.4057 34.4799
27.524 839.3978 34.4796
27.534 839.3766 34.4792
27.544 839.3999 34.4807
27.554 839.3788 34.4812
27.564 839.3967 34.4800
27.574 839.3953 34.4785
27.584 839.3840 34.4802
27.594 839.4005 34.4819
27.604 839.3648 34.4816
27.614 839.3567 34.4821
27.624 839.3477 34.4822
27.634 839.3900 34.4830
27.644 839.4156 34.4847
27.654 839.3839 34.4828
27.664 839.4052 34.4815
27.674 839.3828 34.4822
27.684 839.3572 34.4833
27.694 839.3834 34.4834
27.704 839.3799 34.4826
27.714 839.3530 34.4821
27.724 839.3682 34.4815
27.734 839.3793 34.4815
27.744 839.3827 34.4804
27.754 839.3999 34.4816
27.764 839.4106 34.4841
27.774 839.3417 34.4838
27.784 839.3802 34.4837
27.794 839.4011 34.4830
27.804 839.3862 34.4821
27.814 839.4045 34.4829
27.824 839.3818 34.4836
27.834 839.3638 34.4829
27.844 839.3519 34.4825
27.854 839.4237 34.4824
27.864 839.3904 34.4815
27.874 839.3781 34.4826
27.884 839.3781 34.4836
27.894 839.3580 34.4819
27.904 839.3751 34.4821
27.914 839.3992 34.4839
27.924 839.3660 34.4839
27.934 839.3733 34.4821
27.944 839.3654 34.4828
27.954 839.3985 34.4854
27.964 839.3868 34.4842
27.974 839.4052 34.4815
27.984 839.3952 34.4820
27.994 839.4220 34.4851
28.004 839.3845 34.4849
28.014 839.3940 34.4841
28.024 839.4254 34.4841
28.034 839.3839 34.4837
28.044 839.3834 34.4834
28.054 839.3496 34.4832
28.064 839.4093 34.4843
28.074 839.3945 34.4843
28.084 839.3776 34.4842
28.094 839.3869 34.4851
28.104 839.3861 34.4856
28.114 839.3980 34.4860
28.124 839.3702 34.4851
28.134 839.4099 34.4855
28.144 839.3521 34.4862
28.154 839.3618 34.4864
28.164 839.3840 34.4864
28.174 839.3769 34.4866
28.184 839.3523 34.4863
28.194 839.3930 34.4863
28.204 839.3790 34.4876
28.214 839.3945 34.4852
28.224 839.3605 34.4849
28.234 839.3830 34.4868
28.244 839.3703 34.4869
28.254 839.3742 34.4862
28.264 839.3827 34.4876
28.274 839.3708 34.4872
28.284 839.3906 34.4869
28.294 839.3703 34.4879
28.304 839.3806 34.4866
28.314 839.3843 34.4875
28.324 839.3601 34.4883
28.334 839.3700 34.4868
28.344 839.3410 34.4871
28.354 839.4018 34.4879
28.364 839.3565 34.4856
28.374 839.3634 34.4854
28.384 839.3729 34.4864
28.394 839.3914 34.4864
28.404 839.3481 34.4869
28.414 839.3949 34.4881
28.424 839.3505 34.4881
28.434 839.3841 34.4883
28.444 839.3744 34.4898
28.454 839.3812 34.4896
28.464 839.3614 34.4898
28.474 839.3596 34.4898
28.484 839.3693 34.4892
28.494 839.3957 34.4885
28.504 839.3646 34.4886
28.514 839.3874 34.4907
28.524 839.3919 34.4920
28.534 839.3594 34.4915
28.544 839.4003 34.4907
28.554 839.3863 34.4902
28.564 839.3863 34.4902
28.574 839.3881 34.4902
28.584 839.3660 34.4911
28.594 839.3856 34.4926
28.604 839.4101 34.4928
28.614 839.3491 34.4928
28.624 839.3979 34.4914
28.634 839.3699 34.4903
28.644 839.3968 34.4900
28.654 839.3474 34.4893
28.664 839.3456 34.4893
28.674 839.3791 34.4903
28.684 839.3525 34.4918
28.694 839.3724 34.4924
28.704 839.4082 34.4910
28.714 839.3673 34.4900
28.724 839.3953 34.4919
28.734 839.3678 34.4911
28.744 839.4034 34.4905
28.754 839.3773 34.4913
28.764 839.3845 34.4911
28.774 839.3359 34.4909
28.784 839.3496 34.4913
28.794 839.4141 34.4920
28.804 839.4038 34.4915
28.814 839.3501 34.4906
28.824 839.3950 34.4909
28.834 839.3523 34.4926
28.844 839.3892 34.4916
28.854 839.3810 34.4913
28.864 839.3681 34.4913
28.874 839.4071 34.4905
28.884 839.3905 34.4914
28.894 839.3908 34.4915
28.904 839.3847 34.4913
28.914 839.3801 34.4935
28.924 839.4052 34.4940
28.934 839.3885 34.4922
28.944 839.3422 34.4922
28.954 839.3570 34.4922
28.964 839.3982 34.4915
28.974 839.3462 34.4914
28.984 839.3821 34.4918
28.994 839.3888 34.4932
29.004 839.3677 34.4937
29.014 839.3805 34.4919
29.024 839.3971 34.4901
29.034 839.3771 34.4911
29.044 839.3776 34.4923
29.054 839.3681 34.4913
29.064 839.4035 34.4923
29.074 839.3590 34.4940
29.084 839.3748 34.4936
29.094 839.3677 34.4937
29.104 839.3880 34.4937
29.114 839.3843 34.4928
29.124 839.3657 34.4919
29.134 839.3769 34.4937
29.144 839.3918 34.4956
29.154 839.3777 34.4941
29.164 839.3878 34.4945
29.174 839.3426 34.4950
29.184 839.3854 34.4952
29.194 839.3521 34.4952
29.204 839.3809 34.4948
29.214 839.3759 34.4950
29.224 839.3590 34.4958
29.234 839.3498 34.4958
29.244 839.3899 34.4947
29.254 839.3777 34.4950
29.264 839.3833 34.4950
29.274 839.3899 34.4947
29.284 839.3643 34.4948
29.294 839.3632 34.4952
29.304 839.3408 34.4960
29.314 839.3630 34.4969
29.324 839.3654 34.4981
29.334 839.3815 34.4969
29.344 839.3659 34.4974
29.354 839.3929 34.4988
29.364 839.3604 34.4974
29.374 839.3577 34.4970
29.384 839.3638 34.4964
29.394 839.4034 34.4967
29.404 839.3773 34.4966
29.414 839.3585 34.4965
29.424 839.3985 34.4988
29.434 839.3657 34.4982
29.444 839.3543 34.4971
29.454 839.4000 34.4960
29.464 839.3661 34.4957
29.474 839.3671 34.4988
29.484 839.3599 34.4990
29.494 839.3953 34.4982
29.504 839.3903 34.4984
29.514 839.3887 34.4977
29.524 839.3800 34.4979
29.534 839.3927 34.4996
29.544 839.3705 34.4987
29.554 839.3676 34.4982
29.564 839.3832 34.4995
29.574 839.3826 34.4983
29.584 839.4048 34.4983
29.594 839.3785 34.5008
29.604 839.3468 34.5016
29.614 839.3547 34.5009
29.624 839.3763 34.4988
29.634 839.3794 34.4977
29.644 839.3847 34.4984
29.654 839.3617 34.4981
29.664 839.3778 34.4978
29.674 839.3599 34.4981
29.684 839.3705 34.4996
29.694 839.3856 34.5007
29.704 839.3679 34.5001
29.714 839.3706 34.5014
29.724 839.3869 34.5004
29.734 839.4080 34.4999
29.744 839.3680 34.5020
29.754 839.3949 34.5016
29.764 839.3862 34.5009
29.774 839.3935 34.5000
29.784 839.3573 34.4995
29.794 839.3800 34.4997
29.804 839.3695 34.5000
29.814 839.3751 34.5009
29.824 839.3893 34.5007
29.834 839.3682 34.5003
29.844 839.3659 34.5018
29.854 839.3579 34.5016
29.864 839.3777 34.5004
29.874 839.3923 34.5021
29.884 839.3603 34.5028
29.894 839.3868 34.5030
29.904 839.3685 34.5022
29.914 839.3658 34.5000
29.924 839.3838 34.5016
29.934 839.3746 34.5025
29.944 839.4028 34.5000
29.954 839.3845 34.4992
29.964 839.3468 34.5007
29.974 839.3918 34.5028
29.984 839.3796 34.5031
29.994 839.3893 34.5016
