% 21-Jul-2025 12:48:06
% Time, s	 Pressure, mBar	 Temperature, degC
0.005 838.9395 33.5382
0.015 838.8996 33.5449
0.025 838.9340 33.5529
0.035 838.9689 33.5611
0.045 838.9408 33.5684
0.055 838.9242 33.5734
0.065 838.9439 33.5812
0.075 838.9711 33.5909
0.085 838.9486 33.5983
0.095 838.9497 33.6050
0.105 838.9494 33.6109
0.115 838.9862 33.6157
0.125 838.9908 33.6231
0.135 838.9410 33.6295
0.145 838.9760 33.6342
0.155 838.9597 33.6394
0.165 838.9630 33.6454
0.175 838.9667 33.6524
0.185 838.9729 33.6572
0.195 838.9824 33.6609
0.205 838.9525 33.6664
0.215 838.9716 33.6713
0.225 838.9573 33.6757
0.235 838.9532 33.6825
0.245 838.9826 33.6871
0.255 838.9658 33.6903
0.265 838.9765 33.6937
0.275 838.9796 33.6961
0.285 838.9850 33.7005
0.295 839.0153 33.7047
0.305 839.0018 33.7078
0.315 839.0137 33.7127
0.325 838.9879 33.7176
0.335 838.9967 33.7218
0.345 839.0161 33.7251
0.355 838.9862 33.7263
0.365 838.9603 33.7268
0.375 838.9854 33.7303
0.385 838.9977 33.7363
0.395 839.0002 33.7384
0.405 839.0030 33.7397
0.415 839.0022 33.7437
0.425 838.9587 33.7453
0.435 838.9776 33.7466
0.445 839.0042 33.7499
0.455 839.0118 33.7527
0.465 839.0395 33.7548
0.475 839.0088 33.7573
0.485 839.0150 33.7604
0.495 838.9786 33.7627
0.505 838.9945 33.7643
0.515 839.0222 33.7665
0.525 839.0098 33.7674
0.535 839.0207 33.7683
0.545 838.9852 33.7703
0.555 839.0160 33.7722
0.565 839.0068 33.7747
0.575 839.0460 33.7763
0.585 838.9642 33.7767
0.595 839.0079 33.7796
0.605 838.9877 33.7820
0.615 839.0102 33.7833
0.625 838.9809 33.7830
0.635 839.0222 33.7830
0.645 839.0235 33.7854
0.655 839.0109 33.7871
0.665 839.0233 33.7896
0.675 839.0157 33.7903
0.685 839.0010 33.7919
0.695 839.0153 33.7953
0.705 839.0028 33.7963
0.715 838.9916 33.7952
0.725 839.0182 33.7959
0.735 839.0434 33.7985
0.745 839.0181 33.7993
0.755 839.0115 33.8005
0.765 839.0158 33.8017
0.775 839.0080 33.8032
0.785 839.0029 33.8050
0.795 839.0261 33.8058
0.805 839.0007 33.8040
0.815 839.0083 33.8050
0.825 839.0310 33.8065
0.835 839.0088 33.8053
0.845 839.0220 33.8082
0.855 839.0268 33.8096
0.865 839.0237 33.8099
0.875 839.0183 33.8116
0.885 839.0603 33.8145
0.895 839.0147 33.8160
0.905 839.0463 33.8156
0.915 839.0441 33.8163
0.925 839.0160 33.8157
0.935 839.0257 33.8135
0.945 839.0190 33.8155
0.955 839.0092 33.8168
0.965 839.0143 33.8167
0.975 839.0479 33.8208
0.985 839.0536 33.8209
0.995 839.0196 33.8201
1.005 839.0287 33.8210
1.015 839.0256 33.8204
1.025 839.0431 33.8210
1.035 839.0484 33.8228
1.045 838.9868 33.8225
1.055 839.0232 33.8218
1.065 839.0356 33.8226
1.075 839.0291 33.8221
1.085 839.0288 33.8220
1.095 839.0058 33.8248
1.105 839.0021 33.8255
1.115 839.0149 33.8257
1.125 839.0169 33.8275
1.135 839.0240 33.8283
1.145 839.0285 33.8279
1.155 838.9989 33.8266
1.165 839.0247 33.8278
1.175 839.0299 33.8286
1.185 839.0111 33.8282
1.195 839.0036 33.8298
1.205 838.9975 33.8320
1.215 839.0188 33.8319
1.225 839.0519 33.8297
1.235 839.0274 33.8308
1.245 839.0174 33.8330
1.255 839.0171 33.8328
1.265 839.0760 33.8318
1.275 839.0327 33.8326
1.285 839.0402 33.8353
1.295 839.0242 33.8346
1.305 839.0283 33.8339
1.315 839.0264 33.8356
1.325 839.0152 33.8363
1.335 839.0184 33.8352
1.345 839.0004 33.8352
1.355 838.9769 33.8360
1.365 839.0223 33.8353
1.375 839.0331 33.8353
1.385 839.0475 33.8363
1.395 839.0647 33.8376
1.405 839.0269 33.8376
1.415 838.9901 33.8372
1.425 839.0379 33.8368
1.435 839.0340 33.8367
1.445 839.0111 33.8387
1.455 839.0285 33.8401
1.465 839.0523 33.8395
1.475 839.0260 33.8389
1.485 839.0375 33.8401
1.495 839.0453 33.8413
1.505 839.0209 33.8391
1.515 839.0027 33.8389
1.525 839.0271 33.8412
1.535 839.0409 33.8409
1.545 838.9963 33.8393
1.555 839.0250 33.8384
1.565 839.0092 33.8377
1.575 839.0486 33.8385
1.585 839.0298 33.8399
1.595 839.0205 33.8414
1.605 838.9949 33.8421
1.615 839.0116 33.8424
1.625 839.0139 33.8426
1.635 839.0196 33.8428
1.645 839.0444 33.8444
1.655 839.0175 33.8444
1.665 839.0047 33.8452
1.675 839.0288 33.8463
1.685 839.0395 33.8463
1.695 839.0142 33.8445
1.705 839.0298 33.8442
1.715 839.0405 33.8459
1.725 839.0457 33.8485
1.735 839.0599 33.8493
1.745 839.0244 33.8486
1.755 839.0683 33.8463
1.765 839.0354 33.8461
1.775 839.0232 33.8471
1.785 839.0393 33.8462
1.795 839.0463 33.8470
1.805 839.0166 33.8474
1.815 839.0394 33.8471
1.825 839.0415 33.8473
1.835 839.0221 33.8483
1.845 838.9973 33.8477
1.855 839.0416 33.8482
1.865 839.0172 33.8503
1.875 839.0112 33.8501
1.885 839.0334 33.8503
1.895 839.0484 33.8498
1.905 839.0157 33.8487
1.915 839.0388 33.8503
1.925 839.0266 33.8497
1.935 839.0403 33.8485
1.945 839.0465 33.8506
1.955 839.0246 33.8505
1.965 839.0363 33.8491
1.975 839.0237 33.8491
1.985 839.0719 33.8507
1.995 839.0205 33.8519
2.005 839.0268 33.8515
2.015 839.0646 33.8515
2.025 839.0285 33.8523
2.035 839.0024 33.8536
2.045 839.0248 33.8540
2.055 839.0379 33.8516
2.065 839.0340 33.8515
2.075 839.0017 33.8542
2.085 839.0255 33.8509
2.095 839.0159 33.8506
2.105 839.0596 33.8526
2.115 839.0132 33.8536
2.125 839.0257 33.8527
2.135 839.0273 33.8509
2.145 839.0127 33.8534
2.155 839.0316 33.8547
2.165 839.0359 33.8542
2.175 839.0195 33.8523
2.185 839.0279 33.8538
2.195 839.0436 33.8561
2.205 839.0323 33.8542
2.215 839.0389 33.8539
2.225 839.0127 33.8560
2.235 839.0404 33.8555
2.245 839.0483 33.8567
2.255 839.0281 33.8556
2.265 839.0247 33.8548
2.275 839.0209 33.8556
2.285 839.0017 33.8542
2.295 839.0187 33.8563
2.305 839.0632 33.8587
2.315 839.0474 33.8580
2.325 839.0199 33.8577
2.335 839.0553 33.8575
2.345 839.0278 33.8555
2.355 838.9948 33.8543
2.365 839.0101 33.8556
2.375 839.0043 33.8563
2.385 839.0385 33.8563
2.395 839.0216 33.8568
2.405 839.0365 33.8571
2.415 839.0348 33.8580
2.425 839.0200 33.8587
2.435 839.0286 33.8593
2.445 839.0366 33.8597
2.455 839.0293 33.8588
2.465 839.0255 33.8596
2.475 839.0538 33.8576
2.485 839.0195 33.8567
2.495 839.0345 33.8579
2.505 839.0369 33.8581
2.515 839.0276 33.8597
2.525 839.0019 33.8577
2.535 839.0519 33.8567
2.545 839.0119 33.8573
2.555 839.0470 33.8569
2.565 839.0344 33.8587
2.575 839.0007 33.8607
2.585 839.0206 33.8616
2.595 839.0491 33.8632
2.605 839.0332 33.8633
2.615 838.9872 33.8611
2.625 839.0399 33.8596
2.635 839.0294 33.8597
2.645 839.0284 33.8601
2.655 839.0363 33.8596
2.665 839.0370 33.8608
2.675 839.0321 33.8611
2.685 838.9976 33.8600
2.695 839.0602 33.8616
2.705 839.0483 33.8593
2.715 839.0446 33.8584
2.725 838.9912 33.8604
2.735 838.9955 33.8616
2.745 839.0719 33.8629
2.755 839.0393 33.8628
2.765 839.0327 33.8613
2.775 839.0155 33.8634
2.785 839.0450 33.8638
2.795 839.0515 33.8617
2.805 839.0265 33.8636
2.815 839.0460 33.8652
2.825 839.0435 33.8657
2.835 839.0130 33.8640
2.845 839.0280 33.8634
2.855 839.0571 33.8636
2.865 839.0485 33.8629
2.875 839.0085 33.8636
2.885 839.0379 33.8638
2.895 839.0404 33.8633
2.905 839.0119 33.8617
2.915 839.0061 33.8607
2.925 839.0477 33.8625
2.935 839.0521 33.8646
2.945 839.0508 33.8649
2.955 839.0280 33.8669
2.965 839.0598 33.8666
2.975 839.0446 33.8662
2.985 839.0082 33.8669
2.995 839.0624 33.8670
3.005 839.0407 33.8678
3.015 839.0239 33.8649
3.025 839.0298 33.8652
3.035 839.0350 33.8677
3.045 839.0396 33.8656
3.055 839.0450 33.8656
3.065 839.0376 33.8664
3.075 839.0030 33.8644
3.085 838.9942 33.8662
3.095 839.0049 33.8670
3.105 839.0581 33.8658
3.115 839.0515 33.8661
3.125 839.0151 33.8650
3.135 839.0425 33.8644
3.145 839.0168 33.8658
3.155 839.0237 33.8674
3.165 839.0241 33.8667
3.175 839.0383 33.8675
3.185 839.0601 33.8694
3.195 839.0256 33.8683
3.205 839.0221 33.8675
3.215 839.0372 33.8687
3.225 839.0359 33.8690
3.235 839.0120 33.8687
3.245 839.0282 33.8687
3.255 839.0354 33.8687
3.265 839.0227 33.8678
3.275 839.0352 33.8652
3.285 839.0251 33.8664
3.295 839.0169 33.8685
3.305 839.0351 33.8669
3.315 839.0434 33.8674
3.325 838.9917 33.8685
3.335 839.0258 33.8702
3.345 839.0239 33.8693
3.355 839.0294 33.8685
3.365 839.0064 33.8713
3.375 839.0503 33.8707
3.385 839.0611 33.8690
3.395 839.0197 33.8690
3.405 839.0325 33.8682
3.415 839.0357 33.8671
3.425 839.0355 33.8679
3.435 839.0481 33.8679
3.445 839.0514 33.8695
3.455 839.0229 33.8714
3.465 839.0627 33.8698
3.475 839.0812 33.8701
3.485 839.0403 33.8711
3.495 839.0404 33.8720
3.505 839.0009 33.8720
3.515 839.0097 33.8711
3.525 839.0280 33.8713
3.535 839.0342 33.8699
3.545 839.0404 33.8703
3.555 839.0465 33.8715
3.565 839.0317 33.8705
3.575 839.0369 33.8703
3.585 839.0449 33.8707
3.595 839.0432 33.8717
3.605 839.0515 33.8722
3.615 839.0344 33.8709
3.625 838.9973 33.8703
3.635 839.0447 33.8732
3.645 839.0308 33.8735
3.655 839.0712 33.8722
3.665 839.0238 33.8727
3.675 839.0280 33.8713
3.685 839.0576 33.8717
3.695 839.0361 33.8726
3.705 839.0304 33.8724
3.715 839.0636 33.8728
3.725 839.0597 33.8727
3.735 839.0394 33.8742
3.745 839.0407 33.8748
3.755 839.0423 33.8730
3.765 839.0151 33.8728
3.775 839.0184 33.8727
3.785 839.0122 33.8723
3.795 839.0417 33.8701
3.805 839.0422 33.8703
3.815 839.0275 33.8719
3.825 839.0495 33.8730
3.835 839.0200 33.8735
3.845 839.0265 33.8714
3.855 839.0266 33.8723
3.865 839.0269 33.8751
3.875 839.0251 33.8768
3.885 839.0359 33.8768
3.895 839.0318 33.8748
3.905 839.0232 33.8742
3.915 839.0301 33.8740
3.925 839.0170 33.8738
3.935 839.0320 33.8750
3.945 839.0343 33.8743
3.955 839.0535 33.8740
3.965 839.0420 33.8746
3.975 839.0229 33.8740
3.985 839.0262 33.8756
3.995 839.0151 33.8755
4.005 839.0294 33.8746
4.015 839.0446 33.8750
4.025 839.0443 33.8748
4.035 839.0288 33.8760
4.045 839.0500 33.8750
4.055 839.0026 33.8738
4.065 839.0382 33.8754
4.075 839.0506 33.8752
4.085 839.0250 33.8742
4.095 839.0275 33.8754
4.105 839.0229 33.8758
4.115 839.0353 33.8766
4.125 839.0460 33.8783
4.135 839.0592 33.8768
4.145 839.0233 33.8751
4.155 839.0118 33.8756
4.165 839.0113 33.8754
4.175 839.0325 33.8743
4.185 838.9828 33.8755
4.195 839.0144 33.8760
4.205 839.0300 33.8748
4.215 839.0275 33.8754
4.225 839.0353 33.8766
4.235 839.0244 33.8773
4.245 839.0248 33.8767
4.255 839.0342 33.8777
4.265 839.0126 33.8777
4.275 839.0351 33.8773
4.285 838.9970 33.8780
4.295 839.0473 33.8763
4.305 839.0196 33.8759
4.315 839.0245 33.8766
4.325 839.0024 33.8780
4.335 839.0409 33.8784
4.345 839.0603 33.8773
4.355 839.0360 33.8777
4.365 839.0496 33.8783
4.375 839.0288 33.8777
4.385 839.0407 33.8783
4.395 839.0115 33.8772
4.405 839.0399 33.8762
4.415 839.0313 33.8755
4.425 839.0367 33.8772
4.435 839.0459 33.8791
4.445 839.0364 33.8771
4.455 839.0234 33.8760
4.465 839.0034 33.8759
4.475 839.0524 33.8779
4.485 839.0232 33.8785
4.495 839.0335 33.8766
4.505 839.0572 33.8767
4.515 839.0259 33.8772
4.525 839.0130 33.8771
4.535 838.9946 33.8777
4.545 839.0263 33.8783
4.555 839.0097 33.8772
4.565 839.0407 33.8766
4.575 839.0163 33.8787
4.585 839.0174 33.8792
4.595 839.0402 33.8789
4.605 839.0387 33.8791
4.615 839.0483 33.8776
4.625 839.0322 33.8785
4.635 839.0315 33.8791
4.645 839.0498 33.8792
4.655 839.0263 33.8783
4.665 839.0104 33.8767
4.675 839.0213 33.8776
4.685 839.0367 33.8772
4.695 839.0060 33.8780
4.705 839.0252 33.8777
4.715 839.0167 33.8780
4.725 839.0519 33.8776
4.735 839.0396 33.8760
4.745 839.0665 33.8777
4.755 839.0347 33.8797
4.765 839.0348 33.8807
4.775 839.0365 33.8824
4.785 839.0144 33.8821
4.795 839.0317 33.8809
4.805 839.0288 33.8821
4.815 839.0299 33.8809
4.825 839.0383 33.8797
4.835 839.0025 33.8816
4.845 839.0346 33.8815
4.855 839.0340 33.8803
4.865 839.0188 33.8799
4.875 839.0209 33.8783
4.885 839.0177 33.8793
4.895 839.0122 33.8811
4.905 839.0244 33.8817
4.915 839.0406 33.8817
4.925 839.0314 33.8825
4.935 839.0202 33.8815
4.945 839.0516 33.8792
4.955 839.0333 33.8808
4.965 839.0057 33.8822
4.975 839.0492 33.8833
4.985 839.0486 33.8848
4.995 839.0477 33.8834
5.005 839.0429 33.8820
5.015 839.0655 33.8816
5.025 839.0353 33.8809
5.035 839.0421 33.8816
5.045 839.0027 33.8808
5.055 838.9841 33.8796
5.065 839.0298 33.8817
5.075 839.0249 33.8820
5.085 839.0372 33.8819
5.095 839.0307 33.8830
5.105 839.0454 33.8832
5.115 839.0778 33.8815
5.125 839.0334 33.8800
5.135 839.0269 33.8795
5.145 839.0491 33.8797
5.155 839.0121 33.8819
5.165 839.0193 33.8819
5.175 839.0347 33.8824
5.185 839.0231 33.8820
5.195 839.0298 33.8817
5.205 839.0231 33.8820
5.215 839.0197 33.8812
5.225 839.0392 33.8811
5.235 839.0444 33.8819
5.245 839.0273 33.8822
5.255 839.0277 33.8816
5.265 839.0198 33.8821
5.275 839.0219 33.8822
5.285 839.0246 33.8836
5.295 839.0302 33.8854
5.305 839.0026 33.8842
5.315 839.0668 33.8822
5.325 838.9936 33.8816
5.335 839.0209 33.8826
5.345 839.0353 33.8826
5.355 839.0047 33.8826
5.365 839.0553 33.8828
5.375 839.0400 33.8832
5.385 839.0260 33.8842
5.395 839.0231 33.8837
5.405 839.0310 33.8832
5.415 839.0448 33.8829
5.425 839.0151 33.8816
5.435 839.0387 33.8834
5.445 839.0336 33.8853
5.455 839.0418 33.8858
5.465 839.0628 33.8873
5.475 839.0192 33.8853
5.485 839.0435 33.8849
5.495 839.0489 33.8849
5.505 839.0608 33.8837
5.515 839.0163 33.8848
5.525 839.0484 33.8846
5.535 839.0434 33.8840
5.545 839.0430 33.8846
5.555 839.0293 33.8858
5.565 839.0144 33.8865
5.575 839.0240 33.8850
5.585 839.0451 33.8848
5.595 839.0509 33.8868
5.605 839.0486 33.8865
5.615 839.0409 33.8862
5.625 839.0048 33.8853
5.635 839.0398 33.8840
5.645 839.0420 33.8833
5.655 839.0249 33.8820
5.665 839.0317 33.8826
5.675 839.0402 33.8850
5.685 839.0291 33.8849
5.695 839.0162 33.8838
5.705 839.0191 33.8844
5.715 839.0104 33.8828
5.725 839.0368 33.8842
5.735 839.0091 33.8865
5.745 839.0336 33.8853
5.755 839.0667 33.8857
5.765 839.0218 33.8857
5.775 839.0243 33.8852
5.785 839.0146 33.8840
5.795 839.0196 33.8846
5.805 839.0196 33.8864
5.815 839.0125 33.8856
5.825 839.0338 33.8854
5.835 839.0539 33.8838
5.845 839.0297 33.8834
5.855 839.0224 33.8825
5.865 839.0367 33.8833
5.875 839.0420 33.8868
5.885 839.0270 33.8882
5.895 839.0361 33.8891
5.905 838.9958 33.8870
5.915 839.0221 33.8858
5.925 839.0268 33.8864
5.935 839.0596 33.8840
5.945 839.0258 33.8850
5.955 839.0177 33.8881
5.965 839.0615 33.8866
5.975 839.0186 33.8850
5.985 839.0422 33.8842
5.995 839.0428 33.8854
6.005 839.0458 33.8869
6.015 839.0493 33.8860
6.025 839.0271 33.8874
6.035 839.0531 33.8878
6.045 839.0487 33.8874
6.055 839.0148 33.8875
6.065 839.0261 33.8869
6.075 839.0513 33.8878
6.085 839.0340 33.8890
6.095 839.0207 33.8895
6.105 839.0483 33.8881
6.115 839.0411 33.8881
6.125 839.0207 33.8895
6.135 839.0205 33.8894
6.145 839.0334 33.8878
6.155 839.0417 33.8866
6.165 839.0263 33.8870
6.175 839.0622 33.8887
6.185 839.0239 33.8885
6.195 839.0249 33.8881
6.205 839.0274 33.8875
6.215 839.0161 33.8873
6.225 839.0178 33.8890
6.235 839.0266 33.8889
6.245 839.0050 33.8889
6.255 839.0469 33.8891
6.265 839.0216 33.8882
6.275 839.0433 33.8891
6.285 839.0476 33.8913
6.295 839.0312 33.8894
6.305 839.0811 33.8874
6.315 839.0368 33.8886
6.325 839.0631 33.8891
6.335 839.5457 33.8895
6.345 839.9901 33.8889
6.355 839.1639 33.8883
6.365 838.8468 33.8889
6.375 839.0980 33.8869
6.385 839.0126 33.8882
6.395 838.7653 33.8903
6.405 838.9116 33.8898
6.415 838.8966 33.8886
6.425 839.0274 33.8875
6.435 839.1120 33.8885
6.445 838.8526 33.8899
6.455 838.7740 33.8902
6.465 838.8392 33.8895
6.475 838.7558 33.8901
6.485 838.4270 33.8902
6.495 838.3342 33.8887
6.505 838.3162 33.8887
6.515 838.1565 33.8872
6.525 838.0149 33.8865
6.535 837.7973 33.8882
6.545 837.7869 33.8893
6.555 837.9491 33.8903
6.565 837.9833 33.8903
6.575 838.0416 33.8907
6.585 838.0084 33.8903
6.595 838.0137 33.8911
6.605 838.0025 33.8918
6.615 837.9958 33.8921
6.625 837.9870 33.8913
6.635 837.9709 33.8895
6.645 837.9847 33.8893
6.655 837.9937 33.8893
6.665 837.9810 33.8910
6.675 838.0039 33.8907
6.685 837.9377 33.8891
6.695 837.9559 33.8893
6.705 837.9552 33.8898
6.715 837.9131 33.8894
6.725 837.9402 33.8886
6.735 837.9275 33.8903
6.745 837.9123 33.8917
6.755 837.9053 33.8909
6.765 837.9129 33.8902
6.775 837.9591 33.8899
6.785 837.9122 33.8907
6.795 837.9502 33.8909
6.805 837.9268 33.8909
6.815 837.9150 33.8903
6.825 837.9050 33.8907
6.835 837.8884 33.8914
6.845 837.9198 33.8901
6.855 837.8602 33.8899
6.865 837.8939 33.8906
6.875 837.8611 33.8913
6.885 837.8423 33.8909
6.895 837.8481 33.8919
6.905 837.8604 33.8935
6.915 837.8935 33.8930
6.925 837.8890 33.8926
6.935 837.8423 33.8926
6.945 837.8615 33.8923
6.955 837.8540 33.8913
6.965 837.8682 33.8903
6.975 837.8440 33.8917
6.985 837.8704 33.8914
6.995 837.8948 33.8910
7.005 837.8538 33.8921
7.015 837.8434 33.8914
7.025 837.8408 33.8910
7.035 837.8187 33.8925
7.045 837.8352 33.8935
7.055 837.8130 33.8923
7.065 837.8136 33.8909
7.075 837.8339 33.8911
7.085 837.8445 33.8936
7.095 837.8420 33.8925
7.105 837.8874 33.8918
7.115 837.8583 33.8934
7.125 837.8809 33.8913
7.135 837.8415 33.8922
7.145 837.8785 33.8944
7.155 837.8662 33.8946
7.165 837.8840 33.8936
7.175 837.8712 33.8935
7.185 837.8998 33.8943
7.195 837.8658 33.8935
7.205 837.8885 33.8923
7.215 837.8811 33.8931
7.225 837.8850 33.8932
7.235 837.8651 33.8923
7.245 837.8676 33.8918
7.255 837.8675 33.8926
7.265 837.8620 33.8943
7.275 837.8874 33.8935
7.285 837.8557 33.8930
7.295 837.8727 33.8934
7.305 837.8638 33.8943
7.315 837.8589 33.8936
7.325 837.8452 33.8914
7.335 837.8394 33.8921
7.345 837.8542 33.8931
7.355 837.8416 33.8931
7.365 837.8619 33.8934
7.375 837.8589 33.8919
7.385 837.8871 33.8917
7.395 837.8651 33.8923
7.405 837.8719 33.8930
7.415 837.8410 33.8946
7.425 837.8459 33.8926
7.435 837.8855 33.8909
7.445 837.8973 33.8931
7.455 837.8531 33.8926
7.465 837.8949 33.8919
7.475 837.8737 33.8930
7.485 837.9016 33.8943
7.495 837.8909 33.8935
7.505 837.8914 33.8928
7.515 837.8884 33.8958
7.525 837.8788 33.8972
7.535 837.8854 33.8943
7.545 837.9087 33.8934
7.555 837.8659 33.8944
7.565 837.8981 33.8952
7.575 837.8870 33.8951
7.585 837.9049 33.8942
7.595 837.8914 33.8955
7.605 837.8816 33.8951
7.615 837.8939 33.8923
7.625 837.9033 33.8934
7.635 837.9242 33.8948
7.645 837.9099 33.8948
7.655 837.9166 33.8972
7.665 837.9191 33.8950
7.675 837.9320 33.8934
7.685 837.9212 33.8951
7.695 837.9027 33.8948
7.705 837.9209 33.8950
7.715 837.8972 33.8966
7.725 837.9288 33.8962
7.735 837.9424 33.8967
7.745 837.9157 33.8968
7.755 837.9025 33.8956
7.765 837.9109 33.8954
7.775 837.8920 33.8940
7.785 837.9282 33.8932
7.795 837.9286 33.8926
7.805 837.9185 33.8938
7.815 837.8876 33.8954
7.825 837.9399 33.8946
7.835 837.9386 33.8948
7.845 837.9111 33.8963
7.855 837.9553 33.8951
7.865 837.9295 33.8956
7.875 837.9441 33.8958
7.885 837.9537 33.8943
7.895 837.9324 33.8944
7.905 837.9620 33.8948
7.915 837.9355 33.8968
7.925 837.9469 33.8971
7.935 837.9290 33.8963
7.945 837.9290 33.8980
7.955 837.9892 33.8967
7.965 837.9686 33.8946
7.975 837.9838 33.8967
7.985 838.0061 33.8962
7.995 838.0063 33.8936
8.005 838.0119 33.8955
8.015 838.0181 33.8976
8.025 838.0303 33.8966
8.035 838.0355 33.8974
8.045 838.0178 33.8975
8.055 838.0471 33.8960
8.065 838.0712 33.8955
8.075 838.0310 33.8960
8.085 838.0309 33.8977
8.095 838.0467 33.8984
8.105 838.0704 33.8968
8.115 838.0467 33.8967
8.125 838.0453 33.8960
8.135 838.0411 33.8948
8.145 838.0718 33.8958
8.155 838.0725 33.8952
8.165 838.0422 33.8954
8.175 838.0409 33.8956
8.185 838.0571 33.8974
8.195 838.1034 33.8980
8.205 838.0763 33.8971
8.215 838.0517 33.8974
8.225 838.1089 33.8972
8.235 838.0856 33.8972
8.245 838.0684 33.8976
8.255 838.0532 33.8972
8.265 838.0973 33.8968
8.275 838.1256 33.8975
8.285 838.1060 33.8967
8.295 838.1188 33.8959
8.305 838.1340 33.8963
8.315 838.1102 33.8970
8.325 838.0888 33.8962
8.335 838.1308 33.8956
8.345 838.1394 33.8963
8.355 838.1332 33.8985
8.365 838.1498 33.8996
8.375 838.1960 33.8976
8.385 838.1640 33.8960
8.395 838.1979 33.8985
8.405 838.1809 33.8999
8.415 838.1825 33.8980
8.425 838.2103 33.8967
8.435 838.1865 33.8974
8.445 838.2165 33.8988
8.455 838.2227 33.8992
8.465 838.2407 33.8992
8.475 838.2592 33.8995
8.485 838.2621 33.8983
8.495 838.2653 33.8972
8.505 838.2772 33.8977
8.515 838.2581 33.8972
8.525 838.3133 33.8987
8.535 838.2741 33.8997
8.545 838.2882 33.8970
8.555 838.2626 33.8959
8.565 838.3100 33.8988
8.575 838.3044 33.8979
8.585 838.3170 33.8979
8.595 838.2998 33.9000
8.605 838.3177 33.8991
8.615 838.3216 33.8975
8.625 838.3436 33.8968
8.635 838.3548 33.8979
8.645 838.3613 33.8984
8.655 838.4096 33.8992
8.665 838.3679 33.8981
8.675 838.3645 33.8974
8.685 838.3751 33.8999
8.695 838.3928 33.8997
8.705 838.4322 33.9005
8.715 838.4024 33.9009
8.725 838.4306 33.8980
8.735 838.4183 33.8981
8.745 838.4088 33.9005
8.755 838.4414 33.9007
8.765 838.4482 33.9013
8.775 838.4545 33.9009
8.785 838.4438 33.8992
8.795 838.4710 33.8993
8.805 838.4835 33.9001
8.815 838.5062 33.9016
8.825 838.4977 33.9009
8.835 838.5267 33.9011
8.845 838.4985 33.9013
8.855 838.5220 33.9005
8.865 838.5292 33.9023
8.875 838.5577 33.9021
8.885 838.5803 33.9000
8.895 838.5020 33.9004
8.905 838.5354 33.9009
8.915 838.5773 33.9012
8.925 838.5057 33.9013
8.935 838.5666 33.8995
8.945 838.5626 33.8984
8.955 838.6053 33.9008
8.965 838.5853 33.9016
8.975 838.5955 33.9004
8.985 838.5606 33.9009
8.995 838.6220 33.9028
9.005 838.6269 33.9034
9.015 838.6509 33.9020
9.025 838.6682 33.9008
9.035 838.6884 33.9001
9.045 838.6909 33.9013
9.055 838.6980 33.9030
9.065 838.7200 33.9024
9.075 838.7459 33.9019
9.155 837.3064 33.9090
9.165 838.6000 33.9117
9.175 838.9256 33.9049
9.185 838.9934 33.9028
9.195 839.0059 33.9017
9.205 838.9896 33.9017
9.215 839.0173 33.9025
9.225 839.0571 33.9021
9.235 839.0328 33.9017
9.245 838.9799 33.9009
9.255 839.0092 33.9016
9.265 839.0129 33.9024
9.275 839.0286 33.9015
9.285 839.0232 33.8992
9.295 838.9929 33.8993
9.305 838.9868 33.8997
9.315 839.0100 33.9003
9.325 839.0461 33.9005
9.335 839.0050 33.8988
9.345 838.9986 33.8995
9.355 839.0280 33.9012
9.365 839.0416 33.9013
9.375 839.0247 33.9019
9.385 839.0115 33.9027
9.395 839.0219 33.9019
9.405 839.0140 33.8993
9.415 839.0268 33.8997
9.425 839.0201 33.9027
9.435 839.0154 33.9023
9.445 839.0056 33.9011
9.455 839.0373 33.9025
9.465 839.0056 33.9015
9.475 839.0073 33.8993
9.485 839.0021 33.9012
9.495 839.0213 33.9015
9.505 839.0547 33.9009
9.515 839.0223 33.9023
9.525 839.0169 33.9028
9.535 839.0015 33.9005
9.545 839.0179 33.8996
9.555 839.0467 33.9032
9.565 839.0199 33.9029
9.575 839.0059 33.9025
9.585 839.0167 33.9042
9.595 839.0393 33.9025
9.605 838.9859 33.9020
9.615 839.0419 33.9038
9.625 839.0518 33.9021
9.635 838.9685 33.9013
9.645 839.0174 33.9024
9.655 839.0465 33.9024
9.665 839.0339 33.9029
9.675 839.0190 33.9032
9.685 839.0188 33.9033
9.695 839.0053 33.9020
9.705 839.0389 33.9017
9.715 839.0357 33.9019
9.725 839.0430 33.9029
9.735 839.0184 33.9029
9.745 839.0002 33.9044
9.755 839.0013 33.9052
9.765 839.0203 33.9038
9.775 838.9948 33.9036
9.785 839.0142 33.9029
9.795 839.0389 33.9038
9.805 839.0483 33.9041
9.815 839.0337 33.9040
9.825 839.0628 33.9028
9.835 839.0050 33.9024
9.845 839.0130 33.9040
9.855 839.0687 33.9029
9.865 839.0406 33.9019
9.875 839.0276 33.9029
9.885 839.0557 33.9054
9.895 839.0433 33.9056
9.905 839.0263 33.9037
9.915 839.0528 33.9041
9.925 839.0524 33.9041
9.935 839.0365 33.9053
9.945 839.0834 33.9060
9.955 839.0295 33.9048
9.965 839.0600 33.9040
9.975 839.1053 33.9036
9.985 839.0595 33.9060
9.995 839.0781 33.9066
10.005 839.0895 33.9050
10.015 839.3728 33.9042
10.045 835.6370 33.9025
10.085 837.9804 33.9016
10.095 838.9926 33.9027
10.105 839.0931 33.9040
10.115 839.0912 33.9052
10.125 839.0758 33.9054
10.135 839.0592 33.9042
10.145 839.1215 33.9029
10.155 839.1066 33.9034
10.165 839.0890 33.9060
10.175 839.0841 33.9073
10.185 839.1102 33.9066
10.195 839.1154 33.9041
10.205 839.1088 33.9029
10.215 839.1078 33.9029
10.225 839.1158 33.9020
10.235 839.1457 33.9028
10.245 839.0807 33.9032
10.255 839.0875 33.9038
10.265 839.0926 33.9053
10.275 839.1086 33.9050
10.285 839.0856 33.9034
10.295 839.0615 33.9037
10.305 839.0923 33.9050
10.315 839.0911 33.9058
10.325 839.0825 33.9078
10.335 839.1158 33.9065
10.345 839.0881 33.9042
10.355 839.1056 33.9057
10.365 839.1195 33.9073
10.375 839.1019 33.9062
10.385 839.0855 33.9061
10.395 839.1262 33.9069
10.405 839.1079 33.9053
10.415 839.1207 33.9058
10.425 839.1030 33.9060
10.435 839.1060 33.9045
10.445 839.1251 33.9073
10.455 839.1093 33.9069
10.465 839.1270 33.9048
10.475 839.1025 33.9054
10.485 839.1164 33.9052
10.495 839.1165 33.9062
10.505 839.1085 33.9070
10.515 839.3249 33.9076
10.525 842.4931 33.9074
10.535 838.2644 33.9066
10.545 837.2739 33.9068
10.555 838.8264 33.9065
10.565 839.1187 33.9070
10.575 839.1285 33.9064
10.585 839.1371 33.9062
10.595 839.1245 33.9074
10.605 839.1109 33.9072
10.615 839.0982 33.9064
10.625 839.0937 33.9060
10.635 839.1083 33.9072
10.645 839.1006 33.9065
10.655 839.1228 33.9064
10.665 839.1141 33.9073
10.675 839.1108 33.9069
10.685 839.1290 33.9074
10.695 839.1188 33.9078
10.705 839.1689 33.9068
10.715 839.1255 33.9085
10.725 839.1152 33.9089
10.735 839.1243 33.9053
10.745 839.1177 33.9066
10.755 839.1694 33.9085
10.765 839.1281 33.9082
10.775 839.1424 33.9094
10.785 839.1617 33.9113
10.795 839.6239 33.9123
10.805 840.5712 33.9115
10.815 838.6566 33.9101
10.825 837.9843 33.9099
10.835 838.8768 33.9107
10.845 839.1441 33.9101
10.855 839.1000 33.9093
10.865 839.1324 33.9095
10.875 839.1638 33.9102
10.885 839.1177 33.9102
10.895 839.0920 33.9102
10.905 839.1146 33.9099
10.915 839.1317 33.9091
10.925 839.1467 33.9082
10.935 839.1232 33.9091
10.945 839.1578 33.9091
10.955 839.1440 33.9095
10.965 839.4149 33.9110
10.975 839.4109 33.9097
10.985 838.9152 33.9080
10.995 838.8062 33.9083
11.005 839.0620 33.9095
11.015 839.1489 33.9093
11.025 839.1295 33.9115
11.035 839.1171 33.9129
11.045 839.1287 33.9097
11.055 839.1113 33.9087
11.065 839.1307 33.9098
11.075 839.1359 33.9101
11.085 839.2231 33.9098
11.095 839.2111 33.9105
11.105 839.0008 33.9107
11.115 839.0640 33.9102
11.125 839.0841 33.9095
11.135 839.1476 33.9081
11.145 839.1257 33.9091
11.155 839.1654 33.9110
11.165 839.1369 33.9114
11.175 839.1445 33.9099
11.185 839.1174 33.9106
11.195 839.0917 33.9114
11.205 839.1092 33.9101
11.215 839.1389 33.9113
11.225 839.1539 33.9113
11.235 839.1155 33.9097
11.245 839.1290 33.9098
11.255 839.1298 33.9101
11.265 839.1258 33.9099
11.275 839.1007 33.9091
11.285 839.0986 33.9093
11.295 839.1259 33.9103
11.305 839.1477 33.9111
11.315 839.1567 33.9109
11.325 839.1370 33.9115
11.335 839.1432 33.9129
11.345 839.1271 33.9114
11.355 839.1216 33.9102
11.365 839.1244 33.9115
11.375 839.1507 33.9119
11.385 839.1147 33.9109
11.395 839.1248 33.9109
11.405 839.1160 33.9107
11.415 839.1321 33.9118
11.425 839.1295 33.9136
11.435 839.1347 33.9110
11.445 839.0900 33.9102
11.455 839.0960 33.9140
11.465 839.1670 33.9150
11.475 839.1035 33.9123
11.485 839.1257 33.9119
11.495 839.1344 33.9125
11.505 839.1134 33.9125
11.515 839.1548 33.9130
11.525 839.1538 33.9122
11.535 839.1576 33.9122
11.545 839.1171 33.9118
11.555 839.1187 33.9117
11.565 839.1130 33.9118
11.575 839.1525 33.9130
11.585 839.1318 33.9134
11.595 839.1350 33.9114
11.605 839.1690 33.9117
11.615 839.1052 33.9115
11.625 839.1139 33.9101
11.635 839.1386 33.9127
11.645 839.1186 33.9148
11.655 839.1054 33.9123
11.665 839.1045 33.9127
11.675 839.1239 33.9152
11.685 839.0845 33.9151
11.695 839.1592 33.9125
11.705 839.1365 33.9111
11.715 839.1344 33.9127
11.725 839.1609 33.9135
11.735 839.1158 33.9122
11.745 839.1124 33.9121
11.755 839.1376 33.9127
11.765 839.1172 33.9126
11.775 839.1309 33.9140
11.785 839.1298 33.9154
11.795 839.1222 33.9143
11.805 839.1656 33.9135
11.815 839.1333 33.9131
11.825 839.1006 33.9143
11.835 839.1318 33.9142
11.845 839.1417 33.9122
11.855 839.0937 33.9130
11.865 839.1323 33.9148
11.875 839.1545 33.9148
11.885 839.1351 33.9136
11.895 839.1286 33.9142
11.905 839.1262 33.9136
11.915 839.1251 33.9152
11.925 839.1187 33.9171
11.935 839.1444 33.9154
11.945 839.1365 33.9143
11.955 839.1072 33.9138
11.965 839.1358 33.9125
11.975 839.0967 33.9110
11.985 839.1461 33.9131
11.995 839.1402 33.9160
12.005 839.0983 33.9154
12.015 839.1458 33.9148
12.025 839.1262 33.9136
12.035 839.1198 33.9131
12.045 839.1147 33.9135
12.055 839.1578 33.9138
12.065 839.1169 33.9143
12.075 839.1419 33.9140
12.085 839.1402 33.9148
12.095 839.1246 33.9142
12.105 839.1089 33.9129
12.115 839.0845 33.9126
12.125 839.1516 33.9123
12.135 839.1409 33.9127
12.145 839.1054 33.9136
12.155 839.1286 33.9140
12.165 839.1372 33.9142
12.175 839.1353 33.9142
12.185 839.1186 33.9135
12.195 839.1474 33.9143
12.205 839.1380 33.9152
12.215 839.1451 33.9138
12.225 839.1121 33.9131
12.235 839.1242 33.9135
12.245 839.1332 33.9138
12.255 839.1091 33.9147
12.265 839.1317 33.9158
12.275 839.1372 33.9148
12.285 839.1418 33.9155
12.295 839.1278 33.9146
12.305 839.1461 33.9126
12.315 839.1193 33.9152
12.325 839.1222 33.9159
12.335 839.1232 33.9150
12.345 839.1408 33.9164
12.355 839.1217 33.9162
12.365 839.1147 33.9144
12.375 839.1021 33.9150
12.385 839.1166 33.9146
12.395 839.1015 33.9138
12.405 839.1224 33.9151
12.415 839.0939 33.9162
12.425 839.1106 33.9146
12.435 839.1457 33.9164
12.445 839.1409 33.9170
12.455 839.1058 33.9148
12.465 839.1489 33.9155
12.475 839.1202 33.9150
12.485 839.1340 33.9142
12.495 839.1312 33.9142
12.505 839.1066 33.9134
12.515 839.1385 33.9139
12.525 839.1466 33.9162
12.535 839.1309 33.9163
12.545 839.1446 33.9166
12.555 839.1281 33.9179
12.565 839.1263 33.9164
12.575 839.1338 33.9151
12.585 839.1326 33.9151
12.595 839.1417 33.9151
12.605 839.1211 33.9166
12.615 839.1011 33.9170
12.625 839.1376 33.9155
12.635 839.1118 33.9162
12.645 839.1474 33.9166
12.655 839.1193 33.9142
12.665 839.1358 33.9156
12.675 839.1369 33.9172
12.685 839.1512 33.9172
12.695 839.1359 33.9174
12.705 839.1169 33.9176
12.715 839.1322 33.9185
12.725 839.1292 33.9182
12.735 839.1509 33.9163
12.745 839.1053 33.9166
12.755 839.1177 33.9180
12.765 839.1683 33.9170
12.775 839.1466 33.9164
12.785 839.1153 33.9192
12.795 839.1206 33.9197
12.805 839.1051 33.9171
12.815 839.1185 33.9158
12.825 839.1316 33.9152
12.835 839.1272 33.9166
12.845 839.1453 33.9178
12.855 839.1473 33.9160
12.865 839.1669 33.9148
12.875 839.1187 33.9156
12.885 839.1215 33.9158
12.895 839.1221 33.9148
12.905 839.1447 33.9154
12.915 839.1411 33.9188
12.925 839.1163 33.9200
12.935 839.0969 33.9178
12.945 839.1267 33.9163
12.955 839.1468 33.9176
12.965 839.1062 33.9185
12.975 839.1225 33.9187
12.985 839.1214 33.9168
12.995 839.1384 33.9152
13.005 839.1284 33.9158
13.015 839.1169 33.9160
13.025 839.1233 33.9183
13.035 839.1123 33.9183
13.045 839.1250 33.9167
13.055 839.1190 33.9160
13.065 839.1406 33.9156
13.075 839.1096 33.9167
13.085 839.1162 33.9162
13.095 839.1045 33.9154
13.105 839.1349 33.9166
13.115 839.1216 33.9170
13.125 839.1355 33.9174
13.135 839.1239 33.9179
13.145 839.1065 33.9158
13.155 839.1282 33.9156
13.165 839.1283 33.9166
13.175 839.1179 33.9163
13.185 839.1049 33.9163
13.195 839.1066 33.9170
13.205 839.1076 33.9184
13.215 839.1204 33.9188
13.225 839.1350 33.9196
13.235 839.1224 33.9184
13.245 839.1113 33.9164
13.255 839.1179 33.9160
13.265 839.1070 33.9163
13.275 839.1578 33.9155
13.285 839.1170 33.9147
13.295 839.0979 33.9158
13.305 839.1500 33.9182
13.315 839.1072 33.9199
13.325 839.1169 33.9195
13.335 839.0989 33.9187
13.345 839.1611 33.9188
13.355 839.1354 33.9188
13.365 839.1270 33.9178
13.375 839.1446 33.9175
13.385 839.1451 33.9183
13.395 839.1377 33.9203
13.405 839.1284 33.9188
13.415 839.1170 33.9156
13.425 839.1390 33.9174
13.435 839.1329 33.9184
13.445 839.1007 33.9179
13.455 839.1281 33.9196
13.465 839.1337 33.9201
13.475 839.1213 33.9199
13.485 839.1223 33.9201
13.495 839.1349 33.9191
13.505 839.1115 33.9193
13.515 839.1190 33.9175
13.525 839.1302 33.9174
13.535 839.1247 33.9205
13.545 839.0831 33.9199
13.555 839.1395 33.9187
13.565 839.1340 33.9179
13.575 839.1038 33.9189
13.585 839.1138 33.9208
13.595 839.1210 33.9200
13.605 839.1072 33.9196
13.615 839.1081 33.9196
13.625 839.1346 33.9179
13.635 839.1556 33.9180
13.645 839.1448 33.9191
13.655 839.1402 33.9208
13.665 839.1787 33.9207
13.675 839.1585 33.9201
13.685 839.1106 33.9192
13.695 839.1143 33.9176
13.705 839.1400 33.9199
13.715 839.1247 33.9216
13.725 839.1435 33.9201
13.735 839.1270 33.9188
13.745 839.1401 33.9195
13.755 839.1299 33.9209
13.765 839.1182 33.9209
13.775 839.1532 33.9213
13.785 839.1203 33.9208
13.795 839.1225 33.9197
13.805 839.1323 33.9209
13.815 839.1488 33.9219
13.825 839.1185 33.9221
13.835 839.1557 33.9208
13.845 839.1513 33.9185
13.855 839.1091 33.9201
13.865 839.1095 33.9204
13.875 839.1180 33.9189
13.885 839.1233 33.9203
13.895 839.1373 33.9207
13.905 839.1347 33.9204
13.915 839.1257 33.9215
13.925 839.1536 33.9219
13.935 839.1146 33.9220
13.945 839.0976 33.9221
13.955 839.1195 33.9219
13.965 839.1408 33.9215
13.975 839.1556 33.9211
13.985 839.1233 33.9221
13.995 839.1244 33.9201
14.005 839.1176 33.9192
14.015 839.1339 33.9208
14.025 839.0959 33.9221
14.035 839.1481 33.9221
14.045 839.1637 33.9217
14.055 839.1240 33.9220
14.065 839.1113 33.9216
14.075 839.0980 33.9217
14.085 839.1148 33.9216
14.095 839.1485 33.9209
14.105 839.1236 33.9219
14.115 839.1268 33.9224
14.125 839.1454 33.9235
14.135 839.1706 33.9244
14.145 839.1021 33.9225
14.155 839.0987 33.9225
14.165 839.0952 33.9223
14.175 839.1265 33.9213
14.185 839.1325 33.9204
14.195 839.1139 33.9209
14.205 839.0980 33.9212
14.215 839.0723 33.9201
14.225 839.1281 33.9203
14.235 839.1423 33.9209
14.245 839.1125 33.9221
14.255 839.1270 33.9221
14.265 839.1168 33.9229
14.275 839.1332 33.9238
14.285 839.0980 33.9231
14.295 839.1374 33.9208
14.305 839.1279 33.9211
14.315 839.1388 33.9208
14.325 839.1020 33.9209
14.335 839.1181 33.9224
14.345 839.1291 33.9233
14.355 839.1053 33.9241
14.365 839.1228 33.9236
14.375 839.1304 33.9228
14.385 839.1282 33.9231
14.395 839.1331 33.9232
14.405 839.1086 33.9227
14.415 839.1055 33.9217
14.425 839.1186 33.9197
14.435 839.1130 33.9207
14.445 839.1207 33.9193
14.455 839.0774 33.9193
14.465 839.1125 33.9212
14.475 839.1205 33.9219
14.485 839.1247 33.9242
14.495 839.1150 33.9253
14.505 839.1225 33.9242
14.515 839.1053 33.9223
14.525 839.1219 33.9208
14.535 839.1180 33.9193
14.545 839.1544 33.9213
14.555 839.1121 33.9238
14.565 839.1178 33.9232
14.575 839.1238 33.9240
14.585 839.1406 33.9236
14.595 839.1235 33.9223
14.605 839.1226 33.9208
14.615 839.1095 33.9187
14.625 839.1263 33.9197
14.635 839.1475 33.9236
14.645 839.1359 33.9229
14.655 839.1442 33.9228
14.665 839.1066 33.9238
14.675 839.1114 33.9225
14.685 839.1223 33.9227
14.695 839.1035 33.9238
14.705 839.0967 33.9268
14.715 839.1125 33.9254
14.725 839.1192 33.9224
14.735 839.1038 33.9221
14.745 839.1303 33.9233
14.755 839.1301 33.9240
14.765 839.1364 33.9236
14.775 839.1255 33.9224
14.785 839.1195 33.9216
14.795 839.1220 33.9231
14.805 839.1354 33.9240
14.815 839.1418 33.9236
14.825 839.1349 33.9229
14.835 839.1015 33.9219
14.845 839.1152 33.9216
14.855 839.1227 33.9237
14.865 839.1086 33.9244
14.875 839.1260 33.9252
14.885 839.1364 33.9256
14.895 839.1318 33.9246
14.905 839.1353 33.9261
14.915 839.1214 33.9256
14.925 839.1481 33.9242
14.935 839.1223 33.9238
14.945 839.1073 33.9223
14.955 839.1147 33.9217
14.965 839.1476 33.9223
14.975 839.1144 33.9233
14.985 839.1060 33.9252
14.995 839.1094 33.9249
15.005 839.1169 33.9238
15.015 839.1045 33.9242
15.025 839.1416 33.9250
15.035 839.1409 33.9253
15.045 839.1048 33.9252
15.055 839.1473 33.9257
15.065 839.1250 33.9254
15.075 839.1257 33.9246
15.085 839.0899 33.9249
15.095 839.1665 33.9245
15.105 839.1091 33.9231
15.115 839.0964 33.9238
15.125 839.1460 33.9257
15.135 839.0987 33.9258
15.145 839.1013 33.9264
15.155 839.1101 33.9269
15.165 839.0954 33.9260
15.175 839.1194 33.9248
15.185 839.1018 33.9253
15.195 839.1373 33.9248
15.205 839.1087 33.9240
15.215 839.1418 33.9245
15.225 839.1096 33.9254
15.235 839.1597 33.9262
15.245 839.1307 33.9268
15.255 839.1322 33.9265
15.265 839.1244 33.9242
15.275 839.1271 33.9233
15.285 839.1291 33.9249
15.295 839.0982 33.9252
15.305 839.0910 33.9262
15.315 839.1094 33.9269
15.325 839.1262 33.9261
15.335 839.1084 33.9256
15.345 839.1365 33.9248
15.355 839.1412 33.9256
15.365 839.1702 33.9254
15.375 839.1461 33.9270
15.385 839.1125 33.9268
15.395 839.1366 33.9237
15.405 839.1410 33.9246
15.415 839.1299 33.9262
15.425 839.1359 33.9262
15.435 839.1342 33.9256
15.445 839.1037 33.9268
15.455 839.1434 33.9277
15.465 839.1241 33.9265
15.475 839.1335 33.9270
15.485 839.1421 33.9272
15.495 839.1298 33.9277
15.505 839.1287 33.9280
15.515 839.0991 33.9274
15.525 839.1110 33.9278
15.535 839.1127 33.9277
15.545 839.1056 33.9280
15.555 839.1351 33.9272
15.565 839.1142 33.9254
15.575 839.1331 33.9264
15.585 839.1262 33.9284
15.595 839.1457 33.9277
15.605 839.1174 33.9284
15.615 839.1254 33.9285
15.625 839.1142 33.9262
15.635 839.1174 33.9276
15.645 839.1059 33.9281
15.655 839.1401 33.9254
15.665 839.1260 33.9264
15.675 839.0911 33.9276
15.685 839.1483 33.9270
15.695 839.1337 33.9284
15.705 839.0736 33.9285
15.715 839.1373 33.9266
15.725 839.1373 33.9260
15.735 839.1328 33.9264
15.745 839.1323 33.9270
15.755 839.0942 33.9260
15.765 839.1084 33.9265
15.775 839.0854 33.9265
15.785 839.1266 33.9266
15.795 839.1273 33.9289
15.805 839.1190 33.9288
15.815 839.1134 33.9269
15.825 839.1287 33.9265
15.835 839.1474 33.9269
15.845 839.1423 33.9252
15.855 839.1317 33.9238
15.865 839.1328 33.9236
15.875 839.1375 33.9252
15.885 839.1328 33.9260
15.895 839.1443 33.9270
15.905 839.1369 33.9295
15.915 839.0913 33.9290
15.925 839.1630 33.9268
15.935 839.1218 33.9266
15.945 839.1144 33.9280
15.955 839.1506 33.9301
15.965 839.1329 33.9302
15.975 839.1620 33.9277
15.985 839.0986 33.9256
15.995 839.1447 33.9261
16.005 839.1162 33.9282
16.015 839.1412 33.9277
16.025 839.1113 33.9276
16.035 839.1365 33.9290
16.045 839.0984 33.9289
16.055 839.1063 33.9281
16.065 839.1326 33.9306
16.075 839.1134 33.9325
16.085 839.1173 33.9291
16.095 839.1206 33.9276
16.105 839.1411 33.9299
16.115 839.0992 33.9305
16.125 839.1295 33.9289
16.135 839.1197 33.9297
16.145 839.1190 33.9309
16.155 839.1259 33.9291
16.165 839.1345 33.9281
16.175 839.1333 33.9293
16.185 839.1237 33.9307
16.195 839.1333 33.9310
16.205 839.1380 33.9294
16.215 839.1079 33.9293
16.225 839.1325 33.9288
16.235 839.1254 33.9302
16.245 839.0873 33.9301
16.255 839.1304 33.9280
16.265 839.1040 33.9302
16.275 839.0945 33.9301
16.285 839.1356 33.9290
16.295 839.1265 33.9302
16.305 839.1346 33.9290
16.315 839.1179 33.9276
16.325 839.1075 33.9281
16.335 839.1447 33.9284
16.345 839.1188 33.9298
16.355 839.1155 33.9281
16.365 839.1329 33.9280
16.375 839.1428 33.9314
16.385 839.1090 33.9299
16.395 839.1144 33.9297
16.405 839.1009 33.9295
16.415 839.1150 33.9286
16.425 839.1079 33.9299
16.435 839.1162 33.9297
16.445 839.1175 33.9290
16.455 839.1078 33.9305
16.465 839.1267 33.9310
16.475 839.1430 33.9311
16.485 839.1094 33.9309
16.495 839.1078 33.9278
16.505 839.1188 33.9289
16.515 839.1422 33.9306
16.525 839.1519 33.9293
16.535 839.1068 33.9291
16.545 839.1043 33.9301
16.555 839.1240 33.9306
16.565 839.1249 33.9286
16.575 839.1317 33.9274
16.585 839.1379 33.9288
16.595 839.0973 33.9297
16.605 839.0942 33.9299
16.615 839.1237 33.9291
16.625 839.1525 33.9293
16.635 839.1564 33.9310
16.645 839.1368 33.9305
16.655 839.1165 33.9295
16.665 839.1328 33.9284
16.675 839.1175 33.9291
16.685 839.1121 33.9305
16.695 839.1143 33.9294
16.705 839.1358 33.9298
16.715 839.1275 33.9293
16.725 839.1114 33.9313
16.735 839.1128 33.9334
16.745 839.0994 33.9317
16.755 839.1175 33.9318
16.765 839.1493 33.9310
16.775 839.1150 33.9290
16.785 839.1479 33.9299
16.795 839.1434 33.9313
16.805 839.1123 33.9313
16.815 839.1557 33.9323
16.825 839.1060 33.9314
16.835 839.1390 33.9309
16.845 839.1188 33.9318
16.855 839.0938 33.9325
16.865 839.1056 33.9321
16.875 839.0997 33.9313
16.885 839.1175 33.9327
16.895 839.1406 33.9335
16.905 839.1362 33.9321
16.915 839.1471 33.9307
16.925 839.1115 33.9305
16.935 839.1174 33.9306
16.945 839.1509 33.9318
16.955 839.1291 33.9321
16.965 839.1191 33.9293
16.975 839.1365 33.9302
16.985 839.1130 33.9325
16.995 839.1360 33.9305
17.005 839.1295 33.9313
17.015 839.1441 33.9329
17.025 839.1210 33.9325
17.035 839.1408 33.9290
17.045 839.1215 33.9284
17.055 839.1340 33.9303
17.065 839.1215 33.9309
17.075 839.1576 33.9317
17.085 839.1279 33.9311
17.095 839.1284 33.9309
17.105 839.1457 33.9317
17.115 839.1171 33.9333
17.125 839.1232 33.9327
17.135 839.1129 33.9319
17.145 839.1432 33.9321
17.155 839.1372 33.9303
17.165 839.0970 33.9297
17.175 839.1125 33.9314
17.185 839.1070 33.9323
17.195 839.1113 33.9315
17.205 839.1228 33.9319
17.215 839.1034 33.9339
17.225 839.1263 33.9327
17.235 839.1343 33.9319
17.245 839.1580 33.9331
17.255 839.1256 33.9334
17.265 839.1439 33.9333
17.275 839.1173 33.9321
17.285 839.1080 33.9335
17.295 839.0925 33.9323
17.305 839.1287 33.9314
17.315 839.1077 33.9326
17.325 839.1209 33.9321
17.335 839.1297 33.9331
17.345 839.1367 33.9338
17.355 839.1371 33.9315
17.365 839.0760 33.9326
17.375 839.1162 33.9343
17.385 839.1400 33.9327
17.395 839.1172 33.9311
17.405 839.1139 33.9310
17.415 839.1048 33.9322
17.425 839.1078 33.9323
17.435 839.0931 33.9326
17.445 839.1348 33.9311
17.455 839.1427 33.9302
17.465 839.1196 33.9327
17.475 839.1243 33.9338
17.485 839.1076 33.9321
17.495 839.1338 33.9333
17.505 839.1595 33.9343
17.515 839.1616 33.9329
17.525 839.1402 33.9330
17.535 839.1146 33.9321
17.545 839.1522 33.9291
17.555 839.1222 33.9290
17.565 839.0928 33.9318
17.575 839.1078 33.9330
17.585 839.1304 33.9331
17.595 839.1167 33.9337
17.605 839.1194 33.9343
17.615 839.1426 33.9339
17.625 839.1289 33.9342
17.635 839.1294 33.9343
17.645 839.1198 33.9335
17.655 839.1406 33.9325
17.665 839.0827 33.9315
17.675 839.1481 33.9335
17.685 839.1366 33.9350
17.695 839.1275 33.9335
17.705 839.1127 33.9314
17.715 839.1283 33.9326
17.725 839.1178 33.9339
17.735 839.1309 33.9321
17.745 839.1479 33.9342
17.755 839.1265 33.9362
17.765 839.1139 33.9333
17.775 839.1232 33.9311
17.785 839.1131 33.9318
17.795 839.1024 33.9330
17.805 839.1375 33.9318
17.815 839.1194 33.9309
17.825 839.1121 33.9315
17.835 839.0881 33.9330
17.845 839.1090 33.9331
17.855 839.1233 33.9334
17.865 839.1403 33.9338
17.875 839.1462 33.9330
17.885 839.1145 33.9330
17.895 839.1119 33.9331
17.905 839.0813 33.9326
17.915 839.1325 33.9335
17.925 839.1392 33.9348
17.935 839.1285 33.9339
17.945 839.1335 33.9313
17.955 839.1345 33.9318
17.965 839.1241 33.9350
17.975 839.1334 33.9341
17.985 839.1338 33.9327
17.995 839.1439 33.9347
18.005 839.1237 33.9359
18.015 839.1452 33.9338
18.025 839.1337 33.9355
18.035 839.1205 33.9359
18.045 839.1186 33.9339
18.055 839.1518 33.9348
18.065 839.0962 33.9338
18.075 839.1146 33.9317
18.085 839.1217 33.9327
18.095 839.0911 33.9346
18.105 839.1157 33.9339
18.115 839.1146 33.9327
18.125 839.1298 33.9334
18.135 839.0987 33.9351
18.145 839.1250 33.9356
18.155 839.1701 33.9344
18.165 839.1274 33.9335
18.175 839.0906 33.9339
18.185 839.1155 33.9331
18.195 839.1078 33.9342
18.205 839.1375 33.9359
18.215 839.0966 33.9333
18.225 839.0873 33.9330
18.235 839.1178 33.9342
18.245 839.0918 33.9329
18.255 839.1458 33.9343
18.265 839.1177 33.9358
18.275 839.1335 33.9350
18.285 839.1291 33.9360
18.295 839.1022 33.9356
18.305 839.1327 33.9338
18.315 839.1178 33.9335
18.325 839.1134 33.9331
18.335 839.1375 33.9325
18.345 839.1292 33.9341
18.355 839.1124 33.9358
18.365 839.1194 33.9327
18.375 839.1061 33.9337
18.385 839.1294 33.9366
18.395 839.1137 33.9355
18.405 839.1478 33.9351
18.415 839.1280 33.9343
18.425 839.1260 33.9351
18.435 839.1345 33.9358
18.445 839.1383 33.9354
18.455 839.1197 33.9366
18.465 839.1002 33.9360
18.475 839.1208 33.9358
18.485 839.1375 33.9356
18.495 839.1353 33.9362
18.505 839.1334 33.9362
18.515 839.1127 33.9355
18.525 839.1448 33.9372
18.535 839.1141 33.9372
18.545 839.1458 33.9354
18.555 839.1484 33.9351
18.565 839.0939 33.9370
18.575 839.1494 33.9384
18.585 839.1232 33.9368
18.595 839.1510 33.9346
18.605 839.1242 33.9348
18.615 839.1066 33.9355
18.625 839.1294 33.9346
18.635 839.1412 33.9359
18.645 839.1452 33.9358
18.655 839.1221 33.9348
18.665 839.1052 33.9354
18.675 839.1355 33.9358
18.685 839.1614 33.9372
18.695 839.1258 33.9380
18.705 839.1215 33.9375
18.715 839.1104 33.9362
18.725 839.1254 33.9371
18.735 839.1027 33.9382
18.745 839.1251 33.9379
18.755 839.1247 33.9375
18.765 839.1271 33.9368
18.775 839.1418 33.9370
18.785 839.1367 33.9375
18.795 839.1228 33.9356
18.805 839.1070 33.9368
18.815 839.0995 33.9362
18.825 839.1314 33.9341
18.835 839.1076 33.9356
18.845 839.0922 33.9368
18.855 839.1174 33.9380
18.865 839.1183 33.9367
18.875 839.1620 33.9374
18.885 839.1312 33.9376
18.895 839.1293 33.9360
18.905 839.0972 33.9344
18.915 839.1161 33.9347
18.925 839.1540 33.9375
18.935 839.0923 33.9374
18.945 839.1282 33.9371
18.955 839.1307 33.9378
18.965 839.1009 33.9364
18.975 839.1172 33.9364
18.985 839.1601 33.9378
18.995 839.1220 33.9380
19.005 839.1218 33.9379
19.015 839.1220 33.9370
19.025 839.1337 33.9371
19.035 839.1189 33.9384
19.045 839.1630 33.9376
19.055 839.1195 33.9374
19.065 839.1124 33.9364
19.075 839.1272 33.9376
19.085 839.1354 33.9380
19.095 839.1249 33.9372
19.105 839.1405 33.9388
19.115 839.1170 33.9387
19.125 839.1350 33.9386
19.135 839.1045 33.9387
19.145 839.1162 33.9417
19.155 839.1218 33.9424
19.165 839.1293 33.9393
19.175 839.1261 33.9392
19.185 839.1295 33.9392
19.195 839.1383 33.9386
19.205 839.1142 33.9408
19.215 839.1402 33.9392
19.225 839.1483 33.9363
19.235 839.1392 33.9371
19.245 839.1162 33.9371
19.255 839.1108 33.9380
19.265 839.1454 33.9393
19.275 839.1068 33.9386
19.285 839.0929 33.9370
19.295 839.1750 33.9380
19.305 839.1456 33.9388
19.315 839.1015 33.9370
19.325 839.1313 33.9358
19.335 839.1017 33.9379
19.345 839.1271 33.9392
19.355 839.1155 33.9400
19.365 839.1195 33.9393
19.375 839.1213 33.9367
19.385 839.0998 33.9387
19.395 839.1290 33.9383
19.405 839.1113 33.9359
19.415 839.1609 33.9391
19.425 839.1113 33.9405
19.435 839.1273 33.9383
19.445 839.1414 33.9388
19.455 839.1012 33.9401
19.465 839.1328 33.9403
19.475 839.1271 33.9399
19.485 839.1248 33.9409
19.495 839.1161 33.9392
19.505 839.1065 33.9375
19.515 839.1361 33.9386
19.525 839.1485 33.9387
19.535 839.1104 33.9392
19.545 839.1519 33.9387
19.555 839.1217 33.9395
19.565 839.1237 33.9393
19.575 839.1139 33.9382
19.585 839.1186 33.9387
19.595 839.1057 33.9403
19.605 839.1183 33.9400
19.615 839.1075 33.9384
19.625 839.1004 33.9399
19.635 839.1275 33.9403
19.645 839.1120 33.9384
19.655 839.1034 33.9383
19.665 839.1108 33.9392
19.675 839.1317 33.9403
19.685 839.1163 33.9395
19.695 839.0893 33.9391
19.705 839.1388 33.9396
19.715 839.1210 33.9395
19.725 839.1071 33.9395
19.735 839.1369 33.9395
19.745 839.1367 33.9404
19.755 839.1134 33.9413
19.765 839.1173 33.9408
19.775 839.1296 33.9392
19.785 839.1119 33.9393
19.795 839.1349 33.9416
19.805 839.1107 33.9420
19.815 839.1116 33.9393
19.825 839.1392 33.9416
19.835 839.1435 33.9425
19.845 839.1326 33.9401
19.855 839.1256 33.9407
19.865 839.1206 33.9388
19.875 839.0867 33.9371
19.885 839.1296 33.9399
19.895 839.1428 33.9415
19.905 839.1449 33.9399
19.915 839.1513 33.9405
19.925 839.1184 33.9401
19.935 839.1277 33.9397
19.945 839.1494 33.9427
19.955 839.1458 33.9439
19.965 839.1158 33.9412
19.975 839.1528 33.9404
19.985 839.1316 33.9397
19.995 839.1557 33.9399
20.005 839.1029 33.9415
20.015 839.1106 33.9400
20.025 839.1338 33.9411
20.035 839.1096 33.9424
20.045 839.1456 33.9404
20.055 839.1184 33.9388
20.065 839.1272 33.9397
20.075 839.1215 33.9397
20.085 839.1191 33.9400
20.095 839.1239 33.9423
20.105 839.1376 33.9433
20.115 839.1344 33.9411
20.125 839.1204 33.9399
20.135 839.1083 33.9419
20.145 839.0961 33.9427
20.155 839.1257 33.9423
20.165 839.1228 33.9405
20.175 839.1152 33.9404
20.185 839.1238 33.9412
20.195 839.1334 33.9428
20.205 839.1313 33.9443
20.215 839.1217 33.9431
20.225 839.1279 33.9419
20.235 839.1052 33.9412
20.245 839.1197 33.9440
20.255 839.1106 33.9443
20.265 839.1211 33.9427
20.275 839.1235 33.9431
20.285 839.1067 33.9408
20.295 839.1334 33.9397
20.305 839.1247 33.9404
20.315 839.1402 33.9390
20.325 839.1475 33.9388
20.335 839.1590 33.9420
20.345 839.1080 33.9424
20.355 839.1148 33.9419
20.365 839.0745 33.9428
20.375 839.1217 33.9419
20.385 839.0994 33.9391
20.395 839.0833 33.9420
20.405 839.1119 33.9452
20.415 839.1137 33.9433
20.425 839.1465 33.9417
20.435 839.1468 33.9423
20.445 839.1301 33.9449
20.455 839.1247 33.9444
20.465 839.1010 33.9415
20.475 839.1314 33.9421
20.485 839.1134 33.9427
20.495 839.1449 33.9420
20.505 839.1012 33.9425
20.515 839.1349 33.9435
20.525 839.1225 33.9443
20.535 839.1488 33.9443
20.545 839.1091 33.9436
20.555 839.1368 33.9437
20.565 839.1587 33.9435
20.575 839.0976 33.9435
20.585 839.1441 33.9433
20.595 839.1266 33.9415
20.605 839.1237 33.9432
20.615 839.1317 33.9445
20.625 839.1477 33.9443
20.635 839.1107 33.9432
20.645 839.0961 33.9441
20.655 839.1213 33.9456
20.665 839.1270 33.9437
20.675 839.0895 33.9441
20.685 839.1058 33.9443
20.695 839.0993 33.9443
20.705 839.1162 33.9450
20.715 839.1234 33.9444
20.725 839.1109 33.9456
20.735 839.1340 33.9443
20.745 839.0988 33.9424
20.755 839.1535 33.9428
20.765 839.1381 33.9427
20.775 839.1146 33.9427
20.785 839.1479 33.9437
20.795 839.1423 33.9439
20.805 839.1088 33.9421
20.815 839.1154 33.9416
20.825 839.1443 33.9437
20.835 839.1398 33.9454
20.845 839.1629 33.9437
20.855 839.1427 33.9436
20.865 839.1227 33.9457
20.875 839.1347 33.9461
20.885 839.0813 33.9439
20.895 839.1201 33.9429
20.905 839.1391 33.9443
20.915 839.1335 33.9450
20.925 839.1091 33.9436
20.935 839.1215 33.9433
20.945 839.1007 33.9443
20.955 839.1074 33.9429
20.965 839.1511 33.9454
20.975 839.1432 33.9461
20.985 839.1145 33.9443
20.995 839.1455 33.9457
21.005 839.1094 33.9460
21.015 839.1347 33.9439
21.025 839.1053 33.9417
21.035 839.1183 33.9416
21.045 839.1175 33.9437
21.055 839.1408 33.9445
21.065 839.1409 33.9423
21.075 839.1141 33.9429
21.085 839.1300 33.9449
21.095 839.1542 33.9454
21.105 839.1123 33.9464
21.115 839.1166 33.9457
21.125 839.1373 33.9448
21.135 839.1423 33.9457
21.145 839.1287 33.9462
21.155 839.1484 33.9456
21.165 839.1252 33.9435
21.175 839.1099 33.9425
21.185 839.1420 33.9435
21.195 839.1226 33.9453
21.205 839.0956 33.9452
21.215 839.0934 33.9456
21.225 839.1073 33.9470
21.235 839.1442 33.9465
21.245 839.1387 33.9461
21.255 839.1293 33.9450
21.265 839.1423 33.9472
21.275 839.1278 33.9480
21.285 839.1159 33.9437
21.295 839.1067 33.9441
21.305 839.1451 33.9466
21.315 839.1083 33.9433
21.325 839.0869 33.9433
21.335 839.1316 33.9457
21.345 839.1296 33.9464
21.355 839.1198 33.9477
21.365 839.1101 33.9468
21.375 839.1574 33.9457
21.385 839.1458 33.9450
21.395 839.1302 33.9476
21.405 839.1232 33.9470
21.415 839.1540 33.9452
21.425 839.1330 33.9464
21.435 839.1275 33.9460
21.445 839.1029 33.9452
21.455 839.1192 33.9433
21.465 839.1359 33.9441
21.475 839.1129 33.9454
21.485 839.1540 33.9460
21.495 839.0997 33.9462
21.505 839.1323 33.9441
21.515 839.1163 33.9444
21.525 839.1194 33.9462
21.535 839.1184 33.9454
21.545 839.1047 33.9466
21.555 839.1455 33.9474
21.565 839.1054 33.9460
21.575 839.1434 33.9452
21.585 839.1350 33.9445
21.595 839.1403 33.9456
21.605 839.1095 33.9454
21.615 839.1486 33.9453
21.625 839.0969 33.9472
21.635 839.1031 33.9464
21.645 839.1162 33.9461
21.655 839.1165 33.9465
21.665 839.1537 33.9460
21.675 839.1444 33.9457
21.685 839.1124 33.9454
21.695 839.1258 33.9456
21.705 839.1483 33.9476
21.715 839.1307 33.9493
21.725 839.0942 33.9492
21.735 839.1387 33.9481
21.745 839.1174 33.9448
21.755 839.1289 33.9452
21.765 839.1051 33.9472
21.775 839.1337 33.9456
21.785 839.1456 33.9453
21.795 839.1463 33.9469
21.805 839.1625 33.9480
21.815 839.1009 33.9466
21.825 839.1389 33.9453
21.835 839.1272 33.9464
21.845 839.1350 33.9461
21.855 839.1324 33.9468
21.865 839.1187 33.9486
21.875 839.1380 33.9481
21.885 839.1126 33.9470
21.895 839.1159 33.9461
21.905 839.1294 33.9484
21.915 839.1511 33.9522
21.925 839.1176 33.9505
21.935 839.1417 33.9485
21.945 839.1228 33.9486
21.955 839.1260 33.9473
21.965 839.0941 33.9458
21.975 839.1278 33.9454
21.985 839.1156 33.9466
21.995 839.1058 33.9473
22.005 839.1403 33.9454
22.015 839.1512 33.9453
22.025 839.1057 33.9484
22.035 839.1359 33.9493
22.045 839.1166 33.9488
22.055 839.1300 33.9482
22.065 839.0820 33.9469
22.075 839.1314 33.9458
22.085 839.1137 33.9452
22.095 839.1036 33.9476
22.105 839.1034 33.9486
22.115 839.1084 33.9465
22.125 839.1238 33.9449
22.135 839.1488 33.9441
22.145 839.1200 33.9456
22.155 839.1238 33.9472
22.165 839.1261 33.9465
22.175 839.1342 33.9452
22.185 839.1223 33.9454
22.195 839.1377 33.9458
22.205 839.1144 33.9460
22.215 839.1315 33.9472
22.225 839.1415 33.9480
22.235 839.1100 33.9486
22.245 839.1496 33.9492
22.255 839.1297 33.9473
22.265 839.1115 33.9473
22.275 839.0958 33.9492
22.285 839.1090 33.9485
22.295 839.1409 33.9481
22.305 839.0927 33.9493
22.315 839.0981 33.9489
22.325 839.1182 33.9498
22.335 839.1308 33.9511
22.345 839.1305 33.9507
22.355 839.1076 33.9511
22.365 839.1134 33.9494
22.375 839.1253 33.9485
22.385 839.1167 33.9493
22.395 839.1312 33.9486
22.405 839.1339 33.9472
22.415 839.1299 33.9478
22.425 839.1573 33.9489
22.435 839.1570 33.9489
22.445 839.1227 33.9490
22.455 839.1290 33.9490
22.465 839.1244 33.9489
22.475 839.1144 33.9465
22.485 839.1129 33.9476
22.495 839.1417 33.9507
22.505 839.1095 33.9492
22.515 839.1485 33.9484
22.525 839.1271 33.9497
22.535 839.1095 33.9503
22.545 839.1328 33.9497
22.555 839.1138 33.9496
22.565 839.1201 33.9503
22.575 839.1517 33.9490
22.585 839.1413 33.9494
22.595 839.1204 33.9498
22.605 839.1290 33.9499
22.615 839.1659 33.9499
22.625 839.1246 33.9492
22.635 839.1309 33.9489
22.645 839.1176 33.9481
22.655 839.1305 33.9492
22.665 839.1223 33.9492
22.675 839.1296 33.9486
22.685 839.0998 33.9499
22.695 839.1254 33.9505
22.705 839.1310 33.9489
22.715 839.1041 33.9484
22.725 839.1031 33.9517
22.735 839.1189 33.9503
22.745 839.1285 33.9469
22.755 839.1264 33.9482
22.765 839.1299 33.9505
22.775 839.1344 33.9489
22.785 839.1127 33.9466
22.795 839.1206 33.9476
22.805 839.1607 33.9480
22.815 839.1399 33.9490
22.825 839.1426 33.9492
22.835 839.1140 33.9492
22.845 839.1320 33.9496
22.855 839.1526 33.9485
22.865 839.1279 33.9470
22.875 839.1172 33.9469
22.885 839.1085 33.9486
22.895 839.1149 33.9490
22.905 839.1277 33.9464
22.915 839.1152 33.9458
22.925 839.1197 33.9478
22.935 839.1377 33.9499
22.945 839.1185 33.9513
22.955 839.1204 33.9505
22.965 839.1314 33.9505
22.975 839.1107 33.9509
22.985 839.1410 33.9485
22.995 839.1338 33.9477
23.005 839.1249 33.9478
23.015 839.1288 33.9492
23.025 839.1356 33.9510
23.035 839.1156 33.9502
23.045 839.1053 33.9489
23.055 839.1020 33.9489
23.065 839.1344 33.9474
23.075 839.1149 33.9484
23.085 839.1128 33.9502
23.095 839.1563 33.9489
23.105 839.1310 33.9488
23.115 839.1252 33.9488
23.125 839.1336 33.9497
23.135 839.1361 33.9498
23.145 839.1001 33.9488
23.155 839.0862 33.9486
23.165 839.1095 33.9489
23.175 839.1525 33.9507
23.185 839.1390 33.9517
23.195 839.1249 33.9492
23.205 839.1154 33.9490
23.215 839.1101 33.9501
23.225 839.1035 33.9509
23.235 839.1022 33.9515
23.245 839.1381 33.9513
23.255 839.1156 33.9525
23.265 839.1169 33.9525
23.275 839.1310 33.9501
23.285 839.1359 33.9492
23.295 839.1383 33.9499
23.305 839.1365 33.9496
23.315 839.1261 33.9497
23.325 839.1335 33.9511
23.335 839.1510 33.9503
23.345 839.1006 33.9506
23.355 839.1267 33.9509
23.365 839.1677 33.9499
23.375 839.1329 33.9513
23.385 839.1599 33.9510
23.395 839.1096 33.9509
23.405 839.1139 33.9533
23.415 839.1356 33.9518
23.425 839.1170 33.9501
23.435 839.1390 33.9511
23.445 839.1350 33.9521
23.455 839.1159 33.9510
23.465 839.1345 33.9501
23.475 839.1256 33.9497
23.485 839.1261 33.9503
23.495 839.1245 33.9518
23.505 839.1072 33.9501
23.515 839.0817 33.9484
23.525 839.1245 33.9496
23.535 839.1119 33.9505
23.545 839.1249 33.9502
23.555 839.1390 33.9513
23.565 839.1369 33.9502
23.575 839.1350 33.9497
23.585 839.1848 33.9526
23.595 839.1421 33.9526
23.605 839.1465 33.9511
23.615 839.1027 33.9521
23.625 839.1346 33.9515
23.635 839.1073 33.9514
23.645 839.1571 33.9521
23.655 839.0906 33.9521
23.665 839.1332 33.9514
23.675 839.1153 33.9513
23.685 839.1222 33.9529
23.695 839.1402 33.9519
23.705 839.1376 33.9517
23.715 839.1373 33.9510
23.725 839.1281 33.9497
23.735 839.0920 33.9502
23.745 839.1293 33.9492
23.755 839.1054 33.9507
23.765 839.1454 33.9522
23.775 839.1099 33.9505
23.785 839.0926 33.9519
23.795 839.1153 33.9529
23.805 839.1351 33.9527
23.815 839.1100 33.9527
23.825 839.1447 33.9506
23.835 839.1483 33.9522
23.845 839.1144 33.9521
23.855 839.0932 33.9511
23.865 839.1372 33.9518
23.875 839.1268 33.9515
23.885 839.1477 33.9535
23.895 839.1671 33.9529
23.905 839.1026 33.9523
23.915 839.1366 33.9529
23.925 839.1225 33.9511
23.935 839.1132 33.9511
23.945 839.1234 33.9514
23.955 839.1257 33.9514
23.965 839.1315 33.9515
23.975 839.1152 33.9509
23.985 839.1204 33.9513
23.995 839.1286 33.9541
24.005 839.1474 33.9529
24.015 839.1230 33.9518
24.025 839.1146 33.9537
24.035 839.1121 33.9527
24.045 839.1323 33.9529
24.055 839.1058 33.9545
24.065 839.1051 33.9542
24.075 839.1215 33.9535
24.085 839.1179 33.9529
24.095 839.0899 33.9537
24.105 839.1077 33.9545
24.115 839.1415 33.9523
24.125 839.1078 33.9527
24.135 839.1686 33.9531
24.145 839.1111 33.9534
24.155 839.1363 33.9539
24.165 839.1118 33.9533
24.175 839.1086 33.9526
24.185 839.1096 33.9531
24.195 839.1167 33.9550
24.205 839.1370 33.9550
24.215 839.1319 33.9527
24.225 839.1375 33.9518
24.235 839.1401 33.9525
24.245 839.1019 33.9527
24.255 839.1251 33.9517
24.265 839.1121 33.9517
24.275 839.1277 33.9543
24.285 839.1180 33.9538
24.295 839.1231 33.9522
24.305 839.1294 33.9527
24.315 839.1286 33.9535
24.325 839.0804 33.9538
24.335 839.1162 33.9522
24.345 839.1223 33.9514
24.355 839.1279 33.9535
24.365 839.0991 33.9542
24.375 839.1035 33.9550
24.385 839.1120 33.9556
24.395 839.0981 33.9537
24.405 839.1450 33.9542
24.415 839.1063 33.9558
24.425 839.1289 33.9527
24.435 839.1381 33.9506
24.445 839.1327 33.9534
24.455 839.1428 33.9542
24.465 839.1215 33.9537
24.475 839.1156 33.9529
24.485 839.1379 33.9529
24.495 839.1349 33.9533
24.505 839.1245 33.9530
24.515 839.1431 33.9550
24.525 839.0783 33.9559
24.535 839.1200 33.9529
24.545 839.0935 33.9525
24.555 839.1062 33.9526
24.565 839.1120 33.9526
24.575 839.1378 33.9549
24.585 839.1076 33.9533
24.595 839.1143 33.9530
24.605 839.1279 33.9525
24.615 839.1044 33.9537
24.625 839.1239 33.9547
24.635 839.1179 33.9515
24.645 839.1360 33.9523
24.655 839.1428 33.9534
24.665 839.1256 33.9527
24.675 839.1325 33.9519
24.685 839.1296 33.9530
24.695 839.1198 33.9542
24.705 839.1257 33.9526
24.715 839.1255 33.9533
24.725 839.1352 33.9546
24.735 839.1378 33.9537
24.745 839.1275 33.9535
24.755 839.1232 33.9533
24.765 839.1089 33.9542
24.775 839.0978 33.9549
24.785 839.1518 33.9552
24.795 839.1187 33.9551
24.805 839.0973 33.9546
24.815 839.1318 33.9559
24.825 839.1074 33.9562
24.835 839.1076 33.9543
24.845 839.1126 33.9538
24.855 839.1162 33.9542
24.865 839.1154 33.9535
24.875 839.0848 33.9541
24.885 839.1035 33.9550
24.895 839.1387 33.9566
24.905 839.1245 33.9575
24.915 839.1377 33.9554
24.925 839.1064 33.9529
24.935 839.1241 33.9530
24.945 839.1409 33.9551
24.955 839.1562 33.9570
24.965 839.1421 33.9576
24.975 839.1163 33.9559
24.985 839.1142 33.9555
24.995 839.1167 33.9555
25.005 839.1597 33.9533
25.015 839.1468 33.9511
25.025 839.1331 33.9521
25.035 839.1207 33.9550
25.045 839.1598 33.9555
25.055 839.1368 33.9571
25.065 839.1180 33.9583
25.075 839.1315 33.9552
25.085 839.0927 33.9554
25.095 839.1230 33.9568
25.105 839.1004 33.9541
25.115 839.1080 33.9535
25.125 839.1664 33.9543
25.135 839.0721 33.9559
25.145 839.1065 33.9554
25.155 839.1171 33.9529
25.165 839.1029 33.9552
25.175 839.1261 33.9546
25.185 839.1178 33.9542
25.195 839.1216 33.9572
25.205 839.1194 33.9567
25.215 839.1063 33.9566
25.225 839.1404 33.9552
25.235 839.1109 33.9563
25.245 839.1009 33.9567
25.255 839.1140 33.9546
25.265 839.1591 33.9564
25.275 839.1211 33.9572
25.285 839.1514 33.9564
25.295 839.1070 33.9572
25.305 839.1357 33.9567
25.315 839.1198 33.9559
25.325 839.1311 33.9566
25.335 839.1252 33.9572
25.345 839.0977 33.9563
25.355 839.1289 33.9542
25.365 839.0971 33.9546
25.375 839.1280 33.9566
25.385 839.1790 33.9584
25.395 839.1317 33.9600
25.405 839.1212 33.9599
25.415 839.1319 33.9567
25.425 839.1266 33.9541
25.435 839.0988 33.9542
25.445 839.1201 33.9562
25.455 839.1376 33.9559
25.465 839.1547 33.9539
25.475 839.1468 33.9551
25.485 839.1293 33.9554
25.495 839.1279 33.9555
25.505 839.0974 33.9567
25.515 839.1397 33.9564
25.525 839.1124 33.9566
25.535 839.0951 33.9566
25.545 839.1336 33.9566
25.555 839.1333 33.9562
25.565 839.1106 33.9560
25.575 839.1620 33.9567
25.585 839.1263 33.9554
25.595 839.0975 33.9559
25.605 839.1517 33.9579
25.615 839.1243 33.9572
25.625 839.1084 33.9555
25.635 839.1672 33.9568
25.645 839.1093 33.9584
25.655 839.1197 33.9579
25.665 839.1554 33.9574
25.675 839.1226 33.9572
25.685 839.1214 33.9584
25.695 839.1053 33.9590
25.705 839.1166 33.9591
25.715 839.1595 33.9564
25.725 839.1552 33.9566
25.735 839.1373 33.9590
25.745 839.0927 33.9591
25.755 839.1422 33.9571
25.765 839.1126 33.9560
25.775 839.1123 33.9576
25.785 839.1394 33.9575
25.795 839.1436 33.9582
25.805 839.1086 33.9567
25.815 839.1117 33.9550
25.825 839.1215 33.9570
25.835 839.1368 33.9568
25.845 839.1318 33.9556
25.855 839.1287 33.9566
25.865 839.1235 33.9567
25.875 839.1090 33.9563
25.885 839.1249 33.9559
25.895 839.1282 33.9558
25.905 839.1181 33.9567
25.915 839.1423 33.9570
25.925 839.0935 33.9566
25.935 839.1361 33.9572
25.945 839.0854 33.9576
25.955 839.1073 33.9563
25.965 839.1045 33.9574
25.975 839.1297 33.9576
25.985 839.1228 33.9568
25.995 839.1217 33.9559
26.005 839.1208 33.9558
26.015 839.1171 33.9574
26.025 839.1262 33.9568
26.035 839.0799 33.9572
26.045 839.1411 33.9571
26.055 839.1149 33.9568
26.065 839.1156 33.9584
26.075 839.1627 33.9586
26.085 839.1710 33.9590
26.095 839.1295 33.9590
26.105 839.0906 33.9574
26.115 839.1167 33.9568
26.125 839.1144 33.9582
26.135 839.1148 33.9572
26.145 839.1362 33.9555
26.155 839.1072 33.9575
26.165 839.1088 33.9575
26.175 839.1499 33.9562
26.185 839.1410 33.9574
26.195 839.1096 33.9601
26.205 839.1265 33.9590
26.215 839.1259 33.9554
26.225 839.1016 33.9549
26.235 839.1145 33.9562
26.245 839.1280 33.9576
26.255 839.0912 33.9570
26.265 839.1305 33.9560
26.275 839.1242 33.9576
26.285 839.1063 33.9584
26.295 839.1164 33.9583
26.305 839.1478 33.9592
26.315 839.1286 33.9605
26.325 839.1156 33.9600
26.335 839.1152 33.9598
26.345 839.1149 33.9601
26.355 839.1321 33.9586
26.365 839.1250 33.9582
26.375 839.1730 33.9595
26.385 839.0832 33.9594
26.395 839.1255 33.9580
26.405 839.1243 33.9590
26.415 839.1153 33.9595
26.425 839.1065 33.9582
26.435 839.0700 33.9584
26.445 839.1199 33.9574
26.455 839.1333 33.9563
26.465 839.1573 33.9562
26.475 839.1655 33.9558
26.485 839.1392 33.9567
26.495 839.1243 33.9582
26.505 839.1316 33.9574
26.515 839.1175 33.9560
26.525 839.1082 33.9572
26.535 839.1374 33.9590
26.545 839.1401 33.9582
26.555 839.1268 33.9562
26.565 839.0873 33.9568
26.575 839.1071 33.9590
26.585 839.1395 33.9601
26.595 839.1103 33.9598
26.605 839.1285 33.9592
26.615 839.1283 33.9590
26.625 839.1186 33.9582
26.635 839.1485 33.9583
26.645 839.1403 33.9599
26.655 839.1207 33.9592
26.665 839.1266 33.9579
26.675 839.1081 33.9584
26.685 839.1233 33.9594
26.695 839.1145 33.9594
26.705 839.0708 33.9594
26.715 839.1324 33.9583
26.725 839.1178 33.9575
26.735 839.1042 33.9583
26.745 839.0974 33.9588
26.755 839.1345 33.9594
26.765 839.1018 33.9598
26.775 839.0768 33.9590
26.785 839.1054 33.9566
26.795 839.1102 33.9572
26.805 839.1255 33.9594
26.815 839.0943 33.9586
26.825 839.1367 33.9583
26.835 839.1109 33.9586
26.845 839.1120 33.9567
26.855 839.1369 33.9562
26.865 839.1235 33.9599
26.875 839.1215 33.9604
26.885 839.1308 33.9576
26.895 839.1613 33.9568
26.905 839.1302 33.9576
26.915 839.1199 33.9591
26.925 839.1433 33.9587
26.935 839.1323 33.9592
26.945 839.1499 33.9598
26.955 839.1276 33.9586
26.965 839.1360 33.9591
26.975 839.0994 33.9590
26.985 839.0905 33.9586
26.995 839.1146 33.9594
27.005 839.1038 33.9595
27.015 839.1424 33.9595
27.025 839.1185 33.9592
27.035 839.1530 33.9586
27.045 839.0969 33.9595
27.055 839.1058 33.9594
27.065 839.1632 33.9583
27.075 839.1009 33.9605
27.085 839.1096 33.9603
27.095 839.1095 33.9591
27.105 839.1125 33.9600
27.115 839.1201 33.9595
27.125 839.1338 33.9578
27.135 839.1355 33.9582
27.145 839.1042 33.9596
27.155 839.0961 33.9607
27.165 839.1359 33.9596
27.175 839.1268 33.9587
27.185 839.1039 33.9604
27.195 839.1101 33.9607
27.205 839.0991 33.9588
27.215 839.0971 33.9579
27.225 839.1327 33.9594
27.235 839.0987 33.9587
27.245 839.1240 33.9592
27.255 839.1204 33.9600
27.265 839.1204 33.9588
27.275 839.1218 33.9592
27.285 839.1082 33.9576
27.295 839.0884 33.9567
27.305 839.1138 33.9560
27.315 839.0974 33.9564
27.325 839.1329 33.9590
27.335 839.0866 33.9598
27.345 839.1200 33.9604
27.355 839.1261 33.9596
27.365 839.1410 33.9588
27.375 839.1027 33.9605
27.385 839.1417 33.9605
27.395 839.1362 33.9595
27.405 839.1279 33.9599
27.415 839.1263 33.9599
27.425 839.1169 33.9591
27.435 839.1317 33.9599
27.445 839.1149 33.9605
27.455 839.1357 33.9599
27.465 839.1181 33.9621
27.475 839.1697 33.9633
27.485 839.0896 33.9609
27.495 839.1636 33.9607
27.505 839.1042 33.9604
27.515 839.1502 33.9595
27.525 839.1131 33.9616
27.535 839.1440 33.9625
27.545 839.0989 33.9615
27.555 839.0788 33.9625
27.565 839.1086 33.9623
27.575 839.1028 33.9601
27.585 839.1322 33.9612
27.595 839.1254 33.9627
27.605 839.1441 33.9613
27.615 839.1148 33.9588
27.625 839.1040 33.9588
27.635 839.1292 33.9611
27.645 839.1446 33.9623
27.655 839.1371 33.9607
27.665 839.1431 33.9598
27.675 839.1169 33.9613
27.685 839.1207 33.9609
27.695 839.1261 33.9599
27.705 839.1312 33.9628
27.715 839.1212 33.9639
27.725 839.1350 33.9616
27.735 839.1394 33.9613
27.745 839.1431 33.9613
27.755 839.1297 33.9613
27.765 839.0815 33.9609
27.775 839.1021 33.9608
27.785 839.1195 33.9620
27.795 839.1133 33.9615
27.805 839.1122 33.9616
27.815 839.1180 33.9616
27.825 839.1405 33.9605
27.835 839.1309 33.9609
27.845 839.1220 33.9607
27.855 839.0979 33.9611
27.865 839.1120 33.9620
27.875 839.1211 33.9616
27.885 839.1650 33.9600
27.895 839.1101 33.9604
27.905 839.1230 33.9619
27.915 839.1256 33.9615
27.925 839.1167 33.9609
27.935 839.1167 33.9620
27.945 839.1444 33.9633
27.955 839.0996 33.9631
27.965 839.1477 33.9631
27.975 839.1464 33.9636
27.985 839.1311 33.9635
27.995 839.0750 33.9627
28.005 839.0997 33.9621
28.015 839.1087 33.9625
28.025 839.1228 33.9636
28.035 839.1241 33.9631
28.045 839.1126 33.9623
28.055 839.1156 33.9623
28.065 839.1273 33.9635
28.075 839.0865 33.9627
28.085 839.1247 33.9616
28.095 839.1492 33.9636
28.105 839.1250 33.9623
28.115 839.0951 33.9612
28.125 839.1079 33.9636
28.135 839.1337 33.9636
28.145 839.0897 33.9617
28.155 839.1268 33.9615
28.165 839.1457 33.9620
28.175 839.1445 33.9617
28.185 839.1330 33.9604
28.195 839.0832 33.9607
28.205 839.1530 33.9627
28.215 839.1374 33.9632
28.225 839.1512 33.9628
28.235 839.1257 33.9623
28.245 839.1113 33.9615
28.255 839.1314 33.9627
28.265 839.1412 33.9640
28.275 839.1222 33.9645
28.285 839.1057 33.9641
28.295 839.1193 33.9644
28.305 839.1326 33.9632
28.315 839.1229 33.9608
28.325 839.0949 33.9624
28.335 839.1193 33.9636
28.345 839.1084 33.9624
28.355 839.1590 33.9623
28.365 839.1472 33.9623
28.375 839.1818 33.9624
28.385 839.1586 33.9628
28.395 839.1541 33.9605
28.405 839.1277 33.9621
28.415 839.1259 33.9627
28.425 839.1300 33.9621
28.435 839.1250 33.9627
28.445 839.1086 33.9604
28.455 839.1398 33.9600
28.465 839.0992 33.9617
28.475 839.1353 33.9636
28.485 839.1295 33.9640
28.495 839.1506 33.9651
28.505 839.1070 33.9625
28.515 839.1170 33.9612
28.525 839.1196 33.9615
28.535 839.1461 33.9615
28.545 839.1165 33.9635
28.555 839.1445 33.9628
28.565 839.1357 33.9627
28.575 839.1153 33.9639
28.585 839.1336 33.9643
28.595 839.1268 33.9652
28.605 839.1054 33.9658
28.615 839.1185 33.9639
28.625 839.1391 33.9628
28.635 839.1184 33.9624
28.645 839.1341 33.9628
28.655 839.1281 33.9652
28.665 839.1190 33.9648
28.675 839.1118 33.9644
28.685 839.1222 33.9662
28.695 839.1203 33.9651
28.705 839.0994 33.9635
28.715 839.1198 33.9628
28.725 839.1124 33.9620
28.735 839.1410 33.9623
28.745 839.0771 33.9644
28.755 839.1471 33.9657
28.765 839.1100 33.9637
28.775 839.1080 33.9625
28.785 839.1191 33.9643
28.795 839.1243 33.9643
28.805 839.1459 33.9632
28.815 839.1107 33.9640
28.825 839.1189 33.9635
28.835 839.1259 33.9647
28.845 839.1291 33.9645
28.855 839.1412 33.9636
28.865 839.1258 33.9640
28.875 839.1365 33.9631
28.885 839.0800 33.9643
28.895 839.1299 33.9641
28.905 839.1295 33.9625
28.915 839.1438 33.9633
28.925 839.1451 33.9633
28.935 839.1462 33.9637
28.945 839.0985 33.9651
28.955 839.1292 33.9641
28.965 839.1476 33.9631
28.975 839.1100 33.9628
28.985 839.1026 33.9632
28.995 839.1094 33.9640
29.005 839.1223 33.9645
29.015 839.1083 33.9652
29.025 839.0992 33.9658
29.035 839.1229 33.9649
29.045 839.1067 33.9656
29.055 839.1285 33.9678
29.065 839.1325 33.9665
29.075 839.1361 33.9657
29.085 839.1223 33.9651
29.095 839.1047 33.9643
29.105 839.1492 33.9668
29.115 839.1526 33.9657
29.125 839.1281 33.9641
29.135 839.0984 33.9669
29.145 839.1334 33.9660
29.155 839.1376 33.9627
29.165 839.1386 33.9644
29.175 839.1333 33.9680
29.185 839.1426 33.9673
29.195 839.1116 33.9656
29.205 839.1108 33.9658
29.215 839.1473 33.9652
29.225 839.1139 33.9649
29.235 839.1178 33.9657
29.245 839.1469 33.9652
29.255 839.0940 33.9656
29.265 839.1434 33.9686
29.275 839.1121 33.9689
29.285 839.1260 33.9668
29.295 839.1242 33.9677
29.305 839.1099 33.9661
29.315 839.0993 33.9641
29.325 839.0861 33.9664
29.335 839.1388 33.9666
29.345 839.1286 33.9661
29.355 839.1215 33.9645
29.365 839.1110 33.9629
29.375 839.1293 33.9652
29.385 839.1265 33.9665
29.395 839.1155 33.9661
29.405 839.1368 33.9668
29.415 839.1349 33.9668
29.425 839.1281 33.9677
29.435 839.1298 33.9686
29.445 839.1429 33.9657
29.455 839.1401 33.9643
29.465 839.1144 33.9645
29.475 839.1185 33.9654
29.485 839.1441 33.9656
29.495 839.1378 33.9640
29.505 839.1327 33.9644
29.515 839.1202 33.9652
29.525 839.1349 33.9651
29.535 839.1452 33.9658
29.545 839.1341 33.9669
29.555 839.1271 33.9660
29.565 839.1483 33.9662
29.575 839.1262 33.9666
29.585 839.1362 33.9664
29.595 839.0991 33.9666
29.605 839.1071 33.9660
29.615 839.1428 33.9664
29.625 839.1440 33.9665
29.635 839.1350 33.9657
29.645 839.1252 33.9658
29.655 839.0809 33.9665
29.665 839.1109 33.9681
29.675 839.1397 33.9673
29.685 839.0977 33.9645
29.695 839.1143 33.9660
29.705 839.1100 33.9665
29.715 839.0982 33.9651
29.725 839.1445 33.9654
29.735 839.1319 33.9653
29.745 839.1221 33.9651
29.755 839.1146 33.9651
29.765 839.1185 33.9647
29.775 839.1111 33.9658
29.785 839.1242 33.9673
29.795 839.0764 33.9656
29.805 839.1279 33.9644
29.815 839.1251 33.9654
29.825 839.1405 33.9660
29.835 839.1235 33.9664
29.845 839.0968 33.9670
29.855 839.1133 33.9670
29.865 839.1413 33.9666
29.875 839.1288 33.9682
29.885 839.1579 33.9666
29.895 839.1264 33.9648
29.905 839.1279 33.9668
29.915 839.1386 33.9662
29.925 839.1170 33.9677
29.935 839.1401 33.9698
29.945 839.1040 33.9677
29.955 839.1001 33.9673
29.965 839.1299 33.9674
29.975 839.1114 33.9658
29.985 839.0885 33.9654
