% 21-Jul-2025 11:49:08
% Time, s	 Pressure, mBar	 Temperature, degC
0.005 840.6783 33.7621
0.015 840.6388 33.7640
0.025 840.6479 33.7656
0.035 840.6574 33.7684
0.045 840.7093 33.7699
0.055 840.6682 33.7719
0.065 840.6545 33.7739
0.075 840.6500 33.7756
0.085 840.6924 33.7782
0.095 840.6330 33.7799
0.105 840.6451 33.7821
0.115 840.6272 33.7839
0.125 840.6973 33.7837
0.135 840.6477 33.7864
0.145 840.6855 33.7886
0.155 840.6630 33.7892
0.165 840.6645 33.7909
0.174 840.6368 33.7928
0.184 840.6287 33.7947
0.194 840.6648 33.7951
0.204 840.6437 33.7963
0.214 840.6779 33.7987
0.224 840.6652 33.7992
0.234 840.6655 33.7994
0.244 840.6673 33.8003
0.254 840.6514 33.8022
0.264 840.6604 33.8038
0.274 840.6556 33.8043
0.284 840.6775 33.8045
0.294 840.6478 33.8043
0.304 840.6818 33.8057
0.314 840.6406 33.8077
0.324 840.6739 33.8086
0.334 840.6653 33.8102
0.344 840.6551 33.8110
0.354 840.6971 33.8114
0.364 840.6637 33.8114
0.374 840.6543 33.8106
0.384 840.6535 33.8123
0.394 840.6436 33.8132
0.404 840.6568 33.8129
0.414 840.6583 33.8127
0.424 840.6550 33.8140
0.434 840.6887 33.8141
0.444 840.6952 33.8135
0.454 840.6656 33.8144
0.464 840.6630 33.8151
0.474 840.6989 33.8153
0.484 840.6494 33.8161
0.494 840.6874 33.8175
0.504 840.6492 33.8180
0.514 840.6495 33.8182
0.524 840.6770 33.8182
0.534 840.6999 33.8188
0.544 840.6846 33.8200
0.554 840.6671 33.8211
0.564 840.6332 33.8208
0.574 840.6551 33.8200
0.584 840.6489 33.8208
0.594 840.6569 33.8219
0.604 840.6336 33.8220
0.614 840.6633 33.8222
0.624 840.6413 33.8230
0.634 840.6756 33.8224
0.644 840.6810 33.8222
0.654 840.6835 33.8224
0.664 840.6619 33.8224
0.674 840.6812 33.8223
0.684 840.6710 33.8231
0.694 840.6784 33.8249
0.704 840.6390 33.8258
0.714 840.6943 33.8259
0.724 840.6977 33.8257
0.734 840.6682 33.8257
0.744 840.6640 33.8255
0.754 840.6611 33.8241
0.764 840.6239 33.8231
0.774 840.6690 33.8241
0.784 840.6666 33.8249
0.794 840.6168 33.8265
0.804 840.6463 33.8285
0.814 840.6811 33.8282
0.824 840.6789 33.8281
0.834 840.6547 33.8288
0.844 840.6426 33.8286
0.854 840.6680 33.8296
0.864 840.6873 33.8304
0.874 840.6618 33.8304
0.884 840.6788 33.8290
0.894 840.6880 33.8288
0.904 840.6658 33.8294
0.914 840.6524 33.8286
0.924 840.6387 33.8286
0.934 840.6749 33.8281
0.944 840.6777 33.8285
0.954 840.6495 33.8301
0.964 840.6463 33.8285
0.974 840.6900 33.8288
0.984 840.6805 33.8309
0.994 840.6741 33.8306
1.004 840.6597 33.8293
1.014 840.6615 33.8302
1.024 840.6635 33.8322
1.034 840.6585 33.8317
1.044 840.6762 33.8317
1.054 840.6808 33.8330
1.064 840.6626 33.8328
1.074 840.6656 33.8313
1.084 840.6885 33.8320
1.094 840.6571 33.8320
1.104 840.6529 33.8318
1.114 840.6511 33.8329
1.124 840.6694 33.8322
1.134 840.6382 33.8304
1.144 840.6504 33.8316
1.154 840.6461 33.8344
1.164 840.6914 33.8334
1.174 840.6540 33.8324
1.184 840.6833 33.8333
1.194 840.6650 33.8340
1.204 840.6668 33.8349
1.214 840.6768 33.8360
1.224 840.6742 33.8347
1.234 840.6557 33.8343
1.244 840.6503 33.8345
1.254 840.6617 33.8333
1.264 840.6336 33.8340
1.274 840.6950 33.8343
1.284 840.6734 33.8343
1.294 840.6357 33.8371
1.304 840.6850 33.8381
1.314 840.6809 33.8371
1.324 840.6779 33.8365
1.334 840.6614 33.8361
1.344 840.6796 33.8364
1.354 840.6760 33.8356
1.364 840.6306 33.8355
1.374 840.6803 33.8368
1.384 840.6515 33.8361
1.394 840.6763 33.8357
1.404 840.6654 33.8372
1.414 840.6708 33.8369
1.424 840.6828 33.8371
1.434 840.6755 33.8373
1.444 840.7012 33.8364
1.454 840.6832 33.8363
1.464 840.6722 33.8367
1.474 840.6891 33.8383
1.484 840.6600 33.8404
1.494 840.6809 33.8391
1.504 840.6373 33.8379
1.514 840.6398 33.8402
1.524 840.6630 33.8389
1.534 840.6232 33.8367
1.544 840.6433 33.8369
1.554 840.6964 33.8360
1.564 840.6738 33.8375
1.574 840.6654 33.8402
1.584 840.6850 33.8381
1.594 840.6455 33.8371
1.604 840.6998 33.8387
1.614 840.6121 33.8380
1.624 840.6712 33.8381
1.634 840.6788 33.8400
1.644 840.6708 33.8389
1.654 840.6537 33.8392
1.664 840.6457 33.8402
1.674 840.6955 33.8395
1.684 840.6664 33.8387
1.694 840.6961 33.8388
1.704 840.6896 33.8395
1.714 840.6989 33.8392
1.724 840.6663 33.8416
1.734 840.6913 33.8414
1.744 840.6646 33.8398
1.754 840.6865 33.8419
1.764 840.6587 33.8398
1.774 840.6571 33.8389
1.784 840.6829 33.8411
1.794 840.6810 33.8411
1.804 840.6838 33.8406
1.814 840.6676 33.8403
1.824 840.6885 33.8410
1.834 840.6989 33.8432
1.844 840.6738 33.8444
1.854 840.6754 33.8432
1.864 840.6763 33.8447
1.874 840.6868 33.8440
1.884 840.6961 33.8408
1.894 840.6502 33.8404
1.904 840.6857 33.8415
1.914 840.6671 33.8420
1.924 840.6823 33.8438
1.934 840.6818 33.8435
1.944 840.6604 33.8416
1.954 840.6857 33.8435
1.964 840.6950 33.8432
1.974 840.6559 33.8423
1.984 840.7129 33.8434
1.994 840.7052 33.8444
2.004 840.6740 33.8455
2.014 840.6496 33.8431
2.024 840.6806 33.8419
2.034 840.6944 33.8439
2.044 840.7099 33.8428
2.054 840.6566 33.8427
2.064 840.7014 33.8435
2.074 840.7048 33.8432
2.084 840.7135 33.8436
2.094 840.7034 33.8455
2.104 840.6780 33.8446
2.114 840.6650 33.8410
2.124 840.6583 33.8426
2.134 840.6873 33.8443
2.144 840.6696 33.8443
2.154 840.6826 33.8439
2.164 840.7005 33.8440
2.174 840.6633 33.8461
2.184 840.7219 33.8459
2.194 840.6675 33.8462
2.204 840.7041 33.8469
2.214 840.7028 33.8462
2.224 840.6478 33.8462
2.234 840.6394 33.8459
2.244 840.6317 33.8450
2.254 840.6517 33.8442
2.264 840.6848 33.8440
2.274 840.6856 33.8444
2.284 840.6705 33.8467
2.294 840.6906 33.8470
2.304 840.6673 33.8451
2.314 840.6414 33.8439
2.324 840.6580 33.8454
2.334 840.6372 33.8458
2.344 840.6670 33.8450
2.354 840.6667 33.8458
2.364 840.6517 33.8442
2.374 840.6397 33.8440
2.384 840.6386 33.8455
2.394 840.6366 33.8465
2.404 840.6601 33.8465
2.414 840.6788 33.8450
2.424 840.6946 33.8440
2.434 840.6694 33.8462
2.444 840.6503 33.8465
2.454 840.6918 33.8466
2.464 840.6764 33.8487
2.474 840.6714 33.8462
2.484 840.6579 33.8443
2.494 840.6755 33.8473
2.504 840.6518 33.8482
2.514 840.6655 33.8462
2.524 840.6377 33.8461
2.534 840.6351 33.8467
2.544 840.6549 33.8478
2.554 840.6545 33.8486
2.564 840.6789 33.8490
2.574 840.6734 33.8482
2.584 840.6350 33.8477
2.594 840.6802 33.8477
2.604 840.6858 33.8495
2.614 840.6579 33.8513
2.624 840.6889 33.8501
2.634 840.6792 33.8491
2.644 840.6693 33.8491
2.654 840.6420 33.8482
2.664 840.6494 33.8470
2.674 840.6554 33.8481
2.684 840.6863 33.8478
2.694 840.6880 33.8477
2.704 840.6454 33.8479
2.714 840.6358 33.8481
2.724 840.6685 33.8487
2.734 840.6642 33.8495
2.744 840.6793 33.8502
2.754 840.6903 33.8498
2.764 840.6963 33.8489
2.774 840.6584 33.8495
2.784 840.6858 33.8495
2.794 840.6718 33.8494
2.804 840.6679 33.8494
2.814 840.6726 33.8498
2.824 840.6473 33.8509
2.834 840.6919 33.8506
2.844 840.6328 33.8495
2.854 840.6746 33.8498
2.864 840.6733 33.8491
2.874 840.6780 33.8495
2.884 840.6510 33.8528
2.894 840.6887 33.8510
2.904 840.6724 33.8497
2.914 840.6676 33.8493
2.924 840.6689 33.8479
2.934 840.6866 33.8499
2.944 840.6789 33.8510
2.954 840.6507 33.8506
2.964 840.6699 33.8494
2.974 840.6814 33.8493
2.984 840.6656 33.8502
2.994 840.6473 33.8509
3.004 840.7144 33.8521
3.014 840.6901 33.8517
3.024 840.6885 33.8509
3.034 840.6739 33.8505
3.044 840.7007 33.8521
3.054 840.7042 33.8529
3.064 840.6596 33.8532
3.074 840.6753 33.8532
3.084 840.6741 33.8516
3.094 840.6505 33.8516
3.104 840.6592 33.8520
3.114 840.6813 33.8522
3.124 840.7007 33.8521
3.134 840.6760 33.8525
3.144 840.6566 33.8526
3.154 840.6836 33.8544
3.164 840.6671 33.8560
3.174 840.6831 33.8541
3.184 840.6866 33.8529
3.194 840.6542 33.8534
3.204 840.6244 33.8542
3.214 840.6687 33.8518
3.224 840.6891 33.8502
3.234 840.6488 33.8517
3.244 840.6622 33.8505
3.254 840.6674 33.8491
3.264 840.6649 33.8509
3.274 840.6745 33.8528
3.284 840.6617 33.8522
3.294 840.6404 33.8524
3.304 840.6608 33.8548
3.314 840.6315 33.8538
3.324 840.6827 33.8520
3.334 840.6805 33.8518
3.344 840.6757 33.8524
3.354 840.7257 33.8538
3.364 840.6733 33.8532
3.374 840.6493 33.8529
3.384 840.6765 33.8548
3.394 840.6884 33.8538
3.404 840.6559 33.8533
3.414 840.6644 33.8526
3.424 840.6486 33.8516
3.434 840.6748 33.8529
3.444 840.6625 33.8526
3.454 840.6676 33.8542
3.464 840.6713 33.8561
3.474 840.6976 33.8545
3.484 840.6603 33.8545
3.494 840.6510 33.8548
3.504 840.6514 33.8540
3.514 840.6656 33.8542
3.524 840.6562 33.8534
3.534 840.6820 33.8536
3.544 840.6473 33.8549
3.554 840.6467 33.8536
3.564 840.6701 33.8545
3.574 840.6577 33.8552
3.584 840.6662 33.8545
3.594 840.6564 33.8545
3.604 840.6769 33.8560
3.614 840.6639 33.8573
3.624 840.6500 33.8563
3.634 840.6941 33.8577
3.644 840.6488 33.8567
3.654 840.6679 33.8544
3.664 840.6653 33.8550
3.674 840.6874 33.8553
3.684 840.6771 33.8571
3.694 840.6624 33.8576
3.704 840.6637 33.8563
3.714 840.6304 33.8563
3.724 840.6712 33.8571
3.734 840.6317 33.8569
3.744 840.6772 33.8561
3.754 840.6781 33.8576
3.764 840.6533 33.8589
3.774 840.6581 33.8584
3.784 840.6268 33.8575
3.794 840.6822 33.8567
3.804 840.6344 33.8573
3.814 840.6721 33.8565
3.824 840.6274 33.8548
3.834 840.6743 33.8567
3.844 840.6472 33.8588
3.854 840.6762 33.8576
3.864 840.6656 33.8572
3.874 840.6519 33.8563
3.884 840.6694 33.8561
3.894 840.6753 33.8581
3.904 840.6543 33.8575
3.914 840.6552 33.8569
3.924 840.6505 33.8565
3.934 840.6596 33.8581
3.944 840.6620 33.8593
3.954 840.6731 33.8580
3.964 840.6857 33.8575
3.974 840.6601 33.8564
3.984 840.6395 33.8569
3.994 840.6861 33.8567
4.004 840.6680 33.8554
4.014 840.6466 33.8565
4.024 840.6898 33.8565
4.034 840.6678 33.8573
4.044 840.6561 33.8564
4.054 840.7205 33.8552
4.064 840.6596 33.8581
4.074 840.6753 33.8601
4.084 840.6729 33.8569
4.094 840.6818 33.8554
4.104 840.6234 33.8577
4.114 840.6494 33.8589
4.124 840.6550 33.8588
4.134 840.6572 33.8589
4.144 840.6600 33.8593
4.154 840.6695 33.8592
4.164 840.6464 33.8604
4.174 840.6260 33.8600
4.184 840.6821 33.8596
4.194 840.6538 33.8592
4.204 840.6909 33.8591
4.214 840.6370 33.8596
4.224 840.6620 33.8593
4.234 840.6660 33.8604
4.244 840.6917 33.8615
4.254 840.6849 33.8600
4.264 840.6489 33.8587
4.274 840.6712 33.8591
4.284 840.6857 33.8604
4.294 840.6933 33.8603
4.304 840.6608 33.8597
4.314 840.6850 33.8611
4.324 840.6433 33.8608
4.334 840.6935 33.8604
4.344 840.6769 33.8589
4.354 840.6447 33.8585
4.364 840.6639 33.8593
4.374 840.6739 33.8604
4.384 840.7027 33.8611
4.394 840.6834 33.8603
4.404 840.6822 33.8616
4.414 840.6992 33.8623
4.424 840.6866 33.8619
4.434 840.6519 33.8592
4.444 840.6638 33.8583
4.454 840.7119 33.8588
4.464 840.6659 33.8593
4.474 840.6934 33.8614
4.484 840.6755 33.8612
4.494 840.6851 33.8631
4.504 840.6559 33.8632
4.514 840.6579 33.8603
4.524 840.6774 33.8592
4.534 840.6675 33.8601
4.544 840.6586 33.8616
4.554 840.6401 33.8612
4.564 840.6583 33.8615
4.574 840.6858 33.8615
4.584 840.6620 33.8614
4.594 840.6970 33.8622
4.604 840.6497 33.8631
4.614 840.6801 33.8626
4.624 840.6698 33.8614
4.634 840.6796 33.8623
4.644 840.6560 33.8623
4.654 840.6793 33.8622
4.664 840.6611 33.8619
4.674 840.6648 33.8618
4.684 840.6352 33.8627
4.694 840.6861 33.8616
4.704 840.6195 33.8627
4.714 840.6847 33.8639
4.724 840.6792 33.8631
4.734 840.6847 33.8639
4.744 840.6662 33.8635
4.754 840.6503 33.8634
4.764 840.6452 33.8658
4.774 840.6724 33.8656
4.784 840.6657 33.8632
4.794 840.6640 33.8634
4.804 840.6862 33.8656
4.814 840.6589 33.8658
4.824 840.6652 33.8650
4.834 840.6996 33.8655
4.844 840.6743 33.8636
4.854 840.6704 33.8636
4.864 840.6333 33.8667
4.874 840.6436 33.8650
4.884 840.6601 33.8634
4.894 840.6588 33.8647
4.904 840.7008 33.8651
4.914 840.6557 33.8651
4.924 840.6537 33.8651
4.934 840.6842 33.8656
4.944 840.6673 33.8640
4.954 840.6759 33.8644
4.964 840.6525 33.8655
4.974 840.6834 33.8652
4.984 840.6501 33.8673
4.994 840.6793 33.8671
5.004 840.6609 33.8658
5.014 840.6759 33.8674
5.024 840.6485 33.8665
5.034 840.6680 33.8654
5.044 840.6592 33.8659
5.054 840.6565 33.8675
5.064 840.6570 33.8678
5.074 840.6594 33.8670
5.084 840.6563 33.8665
5.094 840.6682 33.8655
5.104 840.6573 33.8679
5.114 840.6959 33.8686
5.124 840.6939 33.8666
5.134 840.6558 33.8662
5.144 840.6719 33.8674
5.154 840.6620 33.8683
5.164 840.6858 33.8665
5.174 840.6574 33.8650
5.184 840.6838 33.8665
5.194 840.6380 33.8671
5.204 840.6740 33.8665
5.214 840.6795 33.8673
5.224 840.6253 33.8677
5.234 840.6686 33.8667
5.244 840.6651 33.8659
5.254 840.6577 33.8671
5.264 840.6896 33.8674
5.274 840.6402 33.8652
5.284 840.6456 33.8670
5.294 840.6765 33.8687
5.304 840.6845 33.8698
5.314 840.6822 33.8686
5.324 840.6939 33.8686
5.334 840.6421 33.8702
5.344 840.6566 33.8686
5.354 840.6831 33.8681
5.364 840.6860 33.8695
5.374 840.7072 33.8703
5.384 840.6619 33.8693
5.394 840.6649 33.8698
5.404 840.6714 33.8691
5.414 840.6467 33.8675
5.424 840.6680 33.8694
5.434 840.6907 33.8699
5.444 840.6790 33.8690
5.454 840.6731 33.8690
5.464 840.6810 33.8690
5.474 840.6512 33.8698
5.484 840.6666 33.8697
5.494 840.6492 33.8698
5.504 840.6653 33.8690
5.514 840.6529 33.8697
5.524 840.6601 33.8724
5.534 840.6623 33.8705
5.544 840.6824 33.8687
5.554 840.6736 33.8702
5.564 840.7021 33.8707
5.574 840.6620 33.8703
5.584 840.6835 33.8693
5.594 840.6714 33.8691
5.604 840.6615 33.8701
5.614 840.6436 33.8699
5.624 840.6615 33.8701
5.634 840.6727 33.8707
5.644 840.7194 33.8715
5.654 840.6825 33.8728
5.664 840.6639 33.8713
5.674 840.6506 33.8695
5.684 840.6479 33.8691
5.694 840.6737 33.8713
5.704 840.6985 33.8729
5.714 840.6925 33.8709
5.724 840.6948 33.8710
5.734 840.6926 33.8729
5.744 840.6695 33.8711
5.754 840.6714 33.8691
5.764 840.6537 33.8721
5.774 840.6471 33.8737
5.784 840.6544 33.8734
5.794 840.6788 33.8729
5.804 840.6621 33.8724
5.814 840.6745 33.8717
5.824 840.6538 33.8711
5.834 840.6961 33.8717
5.844 840.6694 33.8721
5.854 840.6464 33.8724
5.864 840.6460 33.8732
5.874 840.6770 33.8740
5.884 840.6799 33.8734
5.894 840.6765 33.8737
5.904 840.6655 33.8741
5.914 840.6511 33.8728
5.924 840.6820 33.8725
5.934 840.6765 33.8717
5.944 840.6301 33.8701
5.954 840.6744 33.8706
5.964 840.6934 33.8733
5.974 840.6660 33.8744
5.984 840.7001 33.8737
5.994 840.6660 33.8724
6.004 840.6300 33.8730
6.014 840.7000 33.8746
6.024 840.6883 33.8737
6.034 840.6916 33.8744
6.044 840.6816 33.8753
6.054 840.6739 33.8764
6.064 840.6887 33.8769
6.074 840.6978 33.8765
6.084 840.6426 33.8754
6.094 840.6734 33.8741
6.104 840.6977 33.8745
6.114 840.6655 33.8741
6.124 840.6782 33.8736
6.134 840.7040 33.8737
6.144 840.6721 33.8734
6.154 840.6602 33.8744
6.164 840.6972 33.8742
6.174 840.6286 33.8733
6.184 840.6488 33.8736
6.194 840.6585 33.8745
6.204 840.6464 33.8744
6.214 840.6502 33.8733
6.224 840.6863 33.8737
6.234 840.6789 33.8749
6.244 840.6728 33.8738
6.254 840.6561 33.8733
6.264 840.6785 33.8757
6.274 840.6814 33.8772
6.284 840.6527 33.8756
6.294 840.6552 33.8758
6.304 840.6478 33.8770
6.314 840.6552 33.8758
6.324 840.6634 33.8750
6.334 840.7000 33.8746
6.344 840.6878 33.8754
6.354 840.6729 33.8758
6.364 840.6832 33.8761
6.374 840.6649 33.8768
6.384 840.6954 33.8773
6.394 840.6635 33.8770
6.404 840.6868 33.8769
6.414 840.6571 33.8768
6.424 840.6586 33.8756
6.434 840.6543 33.8764
6.444 840.6773 33.8761
6.454 840.6341 33.8761
6.464 840.6953 33.8783
6.474 840.6979 33.8776
6.484 840.6368 33.8775
6.494 840.6834 33.8792
6.504 840.6769 33.8799
6.514 840.7252 33.8795
6.524 840.6423 33.8783
6.534 840.6551 33.8788
6.544 840.7046 33.8780
6.554 840.6637 33.8772
6.564 840.6456 33.8769
6.574 840.6864 33.8757
6.584 840.6890 33.8770
6.594 840.6927 33.8769
6.604 840.6823 33.8766
6.614 840.6775 33.8772
6.624 840.6559 33.8792
6.634 840.7043 33.8808
6.644 840.6906 33.8799
6.654 840.6644 33.8785
6.664 840.6588 33.8787
6.674 840.6841 33.8785
6.684 840.6598 33.8772
6.694 840.6687 33.8757
6.704 840.6963 33.8768
6.714 840.6590 33.8797
6.724 840.6972 33.8812
6.734 840.6847 33.8799
6.744 840.6488 33.8776
6.754 840.6685 33.8776
6.764 840.6418 33.8780
6.774 840.7248 33.8783
6.784 840.6481 33.8792
6.794 840.6723 33.8805
6.804 840.6718 33.8783
6.814 840.6754 33.8781
6.824 840.6777 33.8803
6.834 840.6785 33.8807
6.844 840.6732 33.8800
6.854 840.6524 33.8784
6.864 840.6774 33.8781
6.874 840.6742 33.8785
6.884 840.6725 33.8787
6.894 840.6864 33.8797
6.904 840.6569 33.8807
6.914 840.6710 33.8799
6.924 840.6586 33.8805
6.934 840.6605 33.8805
6.944 840.6872 33.8801
6.954 840.6818 33.8813
6.964 840.6480 33.8821
6.974 840.6712 33.8809
6.984 840.6728 33.8788
6.994 840.6419 33.8791
7.004 840.6868 33.8789
7.014 840.6631 33.8799
7.024 840.6931 33.8801
7.034 840.6629 33.8797
7.044 840.6628 33.8807
7.054 840.6616 33.8811
7.064 840.6625 33.8805
7.074 840.6917 33.8804
7.084 840.6727 33.8817
7.094 840.6574 33.8830
7.104 840.6788 33.8828
7.114 840.6562 33.8813
7.124 840.7002 33.8817
7.134 840.6963 33.8817
7.144 840.7008 33.8820
7.154 840.6661 33.8834
7.164 840.6967 33.8809
7.174 840.6800 33.8795
7.184 840.6696 33.8821
7.194 840.6752 33.8820
7.204 840.6962 33.8827
7.214 840.6847 33.8828
7.224 840.6814 33.8821
7.234 840.6670 33.8828
7.244 840.6631 33.8828
7.254 840.6938 33.8835
7.264 840.6908 33.8830
7.274 840.6250 33.8824
7.284 840.6526 33.8815
7.294 840.6802 33.8825
7.304 840.6784 33.8836
7.314 840.6965 33.8828
7.324 840.7071 33.8832
7.334 840.6641 33.8813
7.344 840.6857 33.8813
7.354 840.6578 33.8821
7.364 840.6773 33.8811
7.374 840.6696 33.8821
7.384 840.7015 33.8824
7.394 840.6799 33.8804
7.404 840.6790 33.8830
7.414 840.6420 33.8851
7.424 840.6598 33.8821
7.434 840.6138 33.8817
7.444 840.6800 33.8824
7.454 840.6979 33.8825
7.464 840.6638 33.8842
7.474 840.6895 33.8843
7.484 840.6373 33.8847
7.494 840.6779 33.8854
7.504 840.6907 33.8819
7.514 840.6666 33.8816
7.524 840.6902 33.8836
7.534 840.6792 33.8840
7.544 840.7122 33.8848
7.554 840.6593 33.8859
7.564 840.6770 33.8859
7.574 840.6961 33.8856
7.584 840.6733 33.8860
7.594 840.6777 33.8852
7.604 840.6318 33.8839
7.614 840.7192 33.8824
7.624 840.6603 33.8824
7.634 840.6928 33.8830
7.644 840.6553 33.8848
7.654 840.6450 33.8866
7.664 840.6846 33.8858
7.674 840.6604 33.8864
7.684 840.6900 33.8855
7.694 840.6606 33.8825
7.704 840.6514 33.8819
7.714 840.6797 33.8843
7.724 840.7155 33.8855
7.734 840.6516 33.8850
7.744 840.6306 33.8843
7.754 840.6355 33.8838
7.764 840.6797 33.8843
7.774 840.6533 33.8848
7.784 840.6678 33.8852
7.794 840.6699 33.8843
7.804 840.7003 33.8858
7.814 840.6646 33.8866
7.824 840.6584 33.8844
7.834 840.6629 33.8847
7.844 840.6849 33.8859
7.854 840.6875 33.8872
7.864 840.6577 33.8881
7.874 840.6379 33.8850
7.884 840.6257 33.8838
7.894 840.6829 33.8859
7.904 840.6096 33.8866
7.914 840.6226 33.8862
7.924 840.6676 33.8851
7.934 840.6608 33.8856
7.944 840.7230 33.8883
7.954 840.6923 33.8897
7.964 840.7114 33.8894
7.974 840.6860 33.8885
7.984 840.6838 33.8854
7.994 840.6499 33.8851
8.004 840.7014 33.8863
8.014 840.6404 33.8872
8.024 840.6696 33.8871
8.034 840.6703 33.8855
8.044 840.6407 33.8874
8.054 840.6484 33.8883
8.064 840.6690 33.8868
8.074 840.6742 33.8885
8.084 840.6491 33.8897
8.094 840.6985 33.8889
8.104 840.6690 33.8898
8.114 840.6758 33.8893
8.124 840.6523 33.8883
8.134 840.6743 33.8875
8.144 840.6311 33.8875
8.154 840.6532 33.8878
8.164 840.6340 33.8870
8.174 840.6453 33.8887
8.184 840.6449 33.8895
8.194 840.6228 33.8893
8.204 840.6771 33.8899
8.214 840.6779 33.8903
8.224 840.6391 33.8906
8.234 840.6478 33.8910
8.244 840.6528 33.8886
8.254 840.6792 33.8860
8.264 840.6390 33.8875
8.274 840.6763 33.8895
8.284 840.6547 33.8915
8.294 840.6822 33.8915
8.304 840.6500 33.8891
8.314 840.6688 33.8887
8.324 840.6209 33.8903
8.334 840.6674 33.8910
8.344 840.6528 33.8915
8.354 840.6610 33.8907
8.364 840.6318 33.8889
8.374 840.6620 33.8893
8.384 840.6291 33.8905
8.394 840.6822 33.8915
8.404 840.6466 33.8914
8.414 840.6501 33.8902
8.424 840.6779 33.8903
8.434 840.6706 33.8906
8.444 840.6929 33.8910
8.454 840.6331 33.8915
8.464 840.6776 33.8902
8.474 840.6744 33.8886
8.484 840.6592 33.8898
8.494 840.6794 33.8921
8.504 840.6788 33.8918
8.514 840.6843 33.8906
8.524 840.6848 33.8909
8.534 840.6316 33.8907
8.544 840.6720 33.8903
8.554 840.6808 33.8918
8.564 840.6524 33.8923
8.574 840.6812 33.8910
8.584 840.6555 33.8919
8.594 840.6372 33.8906
8.604 840.6356 33.8898
8.614 840.6720 33.8923
8.624 840.6387 33.8923
8.634 840.6357 33.8909
8.644 840.6785 33.8897
8.654 840.6563 33.8903
8.664 840.6589 33.8917
8.674 840.6493 33.8927
8.684 840.6593 33.8929
8.694 840.6741 33.8914
8.704 840.6477 33.8919
8.714 840.6544 33.8923
8.724 840.6513 33.8898
8.734 840.6812 33.8910
8.744 840.6504 33.8923
8.754 840.6777 33.8922
8.764 840.6389 33.8925
8.774 840.6436 33.8909
8.784 840.6665 33.8915
8.794 840.6452 33.8937
8.804 840.6677 33.8961
8.814 840.6891 33.8950
8.824 840.6711 33.8929
8.834 840.6790 33.8929
8.844 840.6811 33.8940
8.854 840.6727 33.8937
8.864 840.6642 33.8923
8.874 840.6616 33.8930
8.884 840.6172 33.8934
8.894 840.6766 33.8937
8.904 840.6484 33.8933
8.914 840.6404 33.8942
8.924 840.6679 33.8942
8.934 840.6348 33.8944
8.944 840.6592 33.8968
8.954 840.6802 33.8945
8.964 840.6608 33.8926
8.974 840.6341 33.8950
8.984 840.6784 33.8956
8.994 840.6689 33.8948
9.004 840.6555 33.8949
9.014 840.6973 33.8942
9.024 840.6710 33.8938
9.034 840.6697 33.8952
9.044 840.6962 33.8966
9.054 840.6747 33.8957
9.064 840.6340 33.8940
9.074 840.6533 33.8938
9.084 840.6336 33.8948
9.094 840.6846 33.8948
9.104 840.6692 33.8949
9.114 840.6783 33.8965
9.124 840.6367 33.8973
9.134 840.6732 33.8969
9.144 840.7013 33.8962
9.154 840.6717 33.8952
9.164 840.6422 33.8952
9.174 840.6752 33.8960
9.184 840.6478 33.8960
9.194 840.6616 33.8950
9.204 840.6527 33.8945
9.214 840.6658 33.8952
9.224 840.6603 33.8964
9.234 840.6457 33.8969
9.244 840.6911 33.8970
9.254 840.6505 33.8964
9.264 840.6334 33.8966
9.274 840.6312 33.8985
9.284 840.6622 33.8973
9.294 840.6859 33.8964
9.304 840.6593 33.8958
9.314 840.6653 33.8969
9.324 840.6475 33.8978
9.334 840.6605 33.8995
9.344 840.6823 33.9005
9.354 840.6810 33.8969
9.364 840.6667 33.8926
9.374 840.6775 33.8931
9.384 840.7212 33.8964
9.394 840.6314 33.8966
9.404 840.6655 33.8980
9.414 840.6366 33.9003
9.424 840.6549 33.8996
9.434 840.6834 33.8981
9.444 840.6593 33.8978
9.454 840.6746 33.8986
9.464 840.7002 33.8986
9.474 840.6733 33.8980
9.484 840.6674 33.8980
9.494 840.6668 33.8966
9.504 840.6450 33.8956
9.514 840.6699 33.8982
9.524 840.7073 33.9003
9.534 840.7232 33.8984
9.544 840.6608 33.8996
9.554 840.6749 33.9008
9.564 840.6692 33.8999
9.574 840.6655 33.8980
9.584 840.6403 33.8972
9.594 840.6867 33.8988
9.604 840.7091 33.9012
9.614 840.7355 33.9036
9.624 840.6844 33.9016
9.634 840.6419 33.8980
9.644 840.6854 33.8981
9.654 840.6604 33.8984
9.664 840.6489 33.8985
9.674 840.6694 33.9000
9.684 840.6994 33.8982
9.694 840.6905 33.8977
9.704 840.6958 33.9004
9.714 840.6539 33.9011
9.724 840.6897 33.8993
9.734 840.6806 33.8977
9.744 840.6722 33.8984
9.754 840.6655 33.9000
9.764 840.6884 33.9007
9.774 840.6754 33.8991
9.784 840.6561 33.8992
9.794 840.6604 33.9004
9.804 840.6782 33.8995
9.814 840.6519 33.8991
9.824 840.6763 33.8985
9.834 840.6877 33.8993
9.844 840.6913 33.9001
9.854 840.6808 33.9008
9.864 840.6477 33.9009
9.874 840.6902 33.8996
9.884 840.6814 33.8981
9.894 840.6610 33.8977
9.904 840.6534 33.9008
9.914 840.6572 33.9017
9.924 840.6495 33.8999
9.934 840.6585 33.9024
9.944 840.6717 33.9021
9.954 840.6677 33.9001
9.964 840.6544 33.9013
9.974 840.6874 33.9021
9.984 840.6461 33.9031
9.994 840.6963 33.9027
10.004 840.6783 33.9005
10.014 840.6836 33.8992
10.024 840.6606 33.9015
10.034 840.6822 33.9015
10.044 840.7228 33.8992
10.054 840.6391 33.9005
10.064 840.6658 33.9021
10.074 840.6865 33.9027
10.084 840.6557 33.9020
10.094 840.6632 33.9008
10.104 840.6592 33.9008
10.114 840.6939 33.9015
10.124 840.7081 33.9007
10.134 840.6663 33.9004
10.144 840.6686 33.8996
10.154 840.6738 33.9012
10.164 840.6593 33.9028
10.174 840.6717 33.9021
10.184 840.6657 33.9031
10.194 840.6559 33.9031
10.204 840.6570 33.9056
10.214 840.6649 33.9047
10.224 840.6331 33.9035
10.234 840.6387 33.9033
10.244 840.7049 33.9011
10.254 840.6500 33.9031
10.264 840.6659 33.9041
10.274 840.6267 33.9032
10.284 840.6839 33.9033
10.294 840.6671 33.9028
10.304 840.6621 33.9052
10.314 840.6614 33.9059
10.324 840.6897 33.9043
10.334 840.6740 33.9043
10.344 840.6753 33.9050
10.354 840.6910 33.9050
10.364 840.6857 33.9043
10.374 840.6566 33.9044
10.384 840.6751 33.9039
10.394 840.6435 33.9037
10.404 840.5903 33.9027
10.414 840.6720 33.9023
10.424 840.6648 33.9036
10.434 840.6787 33.9047
10.444 840.6750 33.9048
10.454 840.6563 33.9043
10.464 840.6881 33.9035
10.474 840.6801 33.9044
10.484 840.6779 33.9063
10.494 840.6786 33.9056
10.504 840.6431 33.9046
10.514 840.6763 33.9055
10.524 840.7115 33.9074
10.534 840.6515 33.9068
10.544 840.6648 33.9056
10.554 840.6589 33.9056
10.564 840.6895 33.9062
10.574 840.6851 33.9070
10.584 840.6828 33.9058
10.594 840.6611 33.9037
10.604 840.6615 33.9050
10.614 840.6681 33.9063
10.624 840.6583 33.9063
10.634 840.6722 33.9054
10.644 840.6576 33.9050
10.654 840.6940 33.9055
10.664 840.6827 33.9037
10.674 840.6969 33.9050
10.684 840.6324 33.9071
10.694 840.6950 33.9070
10.704 840.6778 33.9072
10.714 840.6526 33.9074
10.724 840.6810 33.9068
10.734 840.6677 33.9071
10.744 840.6849 33.9068
10.754 840.6463 33.9062
10.764 840.6584 33.9054
10.774 840.6602 33.9072
10.784 840.6694 33.9099
10.794 840.6799 33.9083
10.804 840.6751 33.9068
10.814 840.6515 33.9068
10.824 840.6562 33.9072
10.834 840.6945 33.9087
10.844 840.6739 33.9092
10.854 840.6683 33.9074
10.864 840.6791 33.9079
10.874 840.6650 33.9087
10.884 840.6544 33.9083
10.894 840.6811 33.9099
10.904 840.6699 33.9102
10.914 840.6838 33.9092
10.924 840.6856 33.9082
10.934 840.7086 33.9079
10.944 840.6832 33.9070
10.954 840.6529 33.9066
10.964 840.6733 33.9079
10.974 840.6566 33.9084
10.984 840.6770 33.9098
10.994 840.6514 33.9098
11.004 840.7171 33.9092
11.014 840.6551 33.9096
11.024 840.6434 33.9087
11.034 840.6857 33.9092
11.044 840.6859 33.9103
11.054 840.6924 33.9096
11.064 840.6676 33.9080
11.074 840.6511 33.9076
11.084 840.6868 33.9098
11.094 840.7015 33.9113
11.104 840.6865 33.9096
11.114 840.6896 33.9092
11.124 840.7016 33.9103
11.134 840.6670 33.9107
11.144 840.6895 33.9102
11.154 840.6437 33.9088
11.164 840.6791 33.9079
11.174 840.6620 33.9102
11.184 840.6826 33.9096
11.194 840.6952 33.9071
11.204 840.6761 33.9103
11.214 840.6645 33.9105
11.224 840.6541 33.9082
11.234 840.6746 33.9086
11.244 840.6946 33.9098
11.254 840.6620 33.9102
11.264 840.6945 33.9107
11.274 840.6783 33.9125
11.284 840.6777 33.9131
11.294 840.6807 33.9117
11.304 840.6783 33.9105
11.314 840.6635 33.9119
11.324 840.6470 33.9115
11.334 840.6685 33.9105
11.344 840.7106 33.9099
11.354 840.6750 33.9098
11.364 840.6785 33.9106
11.374 840.6771 33.9109
11.384 840.6700 33.9113
11.394 840.6563 33.9092
11.404 840.6696 33.9101
11.414 840.6593 33.9118
11.424 840.6981 33.9115
11.434 840.6833 33.9110
11.444 840.6501 33.9111
11.454 840.6388 33.9123
11.464 840.6699 33.9122
11.474 840.6537 33.9119
11.484 840.6410 33.9125
11.494 840.6767 33.9117
11.504 840.6555 33.9109
11.514 840.6756 33.9121
11.524 840.6673 33.9129
11.534 840.6856 33.9122
11.544 840.6445 33.9113
11.554 840.6730 33.9127
11.564 840.6855 33.9131
11.574 840.6626 33.9125
11.584 840.6782 33.9134
11.594 840.6835 33.9141
11.604 840.6616 33.9139
11.614 840.6805 33.9126
11.624 840.6770 33.9118
11.634 840.6428 33.9114
11.644 840.6889 33.9109
11.654 840.6552 33.9107
11.664 840.6595 33.9129
11.674 840.6681 33.9133
11.684 840.6574 33.9118
11.694 840.6754 33.9130
11.704 840.6752 33.9129
11.714 840.6489 33.9125
11.724 840.6473 33.9137
11.734 840.6510 33.9135
11.744 840.6599 33.9121
11.754 840.6651 33.9127
11.764 840.6633 33.9118
11.774 840.6651 33.9127
11.784 840.6200 33.9147
11.794 840.6491 33.9126
11.804 840.6833 33.9130
11.814 840.6925 33.9137
11.824 840.6710 33.9147
11.834 840.6566 33.9154
11.844 840.6471 33.9135
11.854 840.6439 33.9139
11.864 840.6871 33.9139
11.874 840.6994 33.9142
11.884 840.6662 33.9153
11.894 840.6559 33.9150
11.904 840.6450 33.9145
11.914 840.6500 33.9121
11.924 840.6423 33.9111
11.934 840.6676 33.9130
11.944 840.6560 33.9141
11.954 840.6908 33.9158
11.964 840.6441 33.9170
11.974 840.6625 33.9154
11.984 840.6484 33.9142
11.994 840.6547 33.9154
12.004 840.6530 33.9156
12.014 840.6898 33.9153
12.024 840.6639 33.9161
12.034 840.6497 33.9149
12.044 840.6586 33.9134
12.054 840.6405 33.9142
12.064 840.6684 33.9154
12.074 840.6745 33.9165
12.084 840.6838 33.9162
12.094 840.6523 33.9162
12.104 840.6842 33.9174
12.114 840.6801 33.9164
12.124 840.6553 33.9147
12.134 840.6392 33.9156
12.144 840.6575 33.9178
12.154 840.6215 33.9165
12.164 840.6632 33.9147
12.174 840.6635 33.9169
12.184 840.6289 33.9153
12.194 840.6986 33.9138
12.204 840.6577 33.9160
12.214 840.6459 33.9160
12.224 840.6563 33.9162
12.234 840.6671 33.9168
12.244 840.6551 33.9166
12.254 840.6876 33.9172
12.264 840.6580 33.9161
12.274 840.6600 33.9152
12.284 840.6876 33.9172
12.294 840.6668 33.9196
12.304 840.6821 33.9184
12.314 840.6747 33.9166
12.324 840.6553 33.9177
12.334 840.6558 33.9180
12.344 840.6761 33.9173
12.354 840.6441 33.9170
12.364 840.6305 33.9181
12.374 840.6491 33.9176
12.384 840.7096 33.9184
12.394 840.6609 33.9176
12.404 840.6525 33.9173
12.414 840.6609 33.9196
12.424 840.6407 33.9173
12.434 840.6411 33.9165
12.444 840.6650 33.9157
12.454 840.6618 33.9170
12.464 840.6603 33.9202
12.474 840.6417 33.9188
12.484 840.6771 33.9178
12.494 840.6642 33.9182
12.504 840.6771 33.9178
12.514 840.6652 33.9188
12.524 840.6430 33.9194
12.534 840.6795 33.9190
12.544 840.6881 33.9174
12.554 840.6637 33.9170
12.564 840.7252 33.9193
12.574 840.6708 33.9186
12.584 840.6784 33.9185
12.594 840.6767 33.9186
12.604 840.6134 33.9184
12.614 840.6683 33.9213
12.624 840.6459 33.9209
12.634 840.6489 33.9194
12.644 840.6807 33.9207
12.654 840.6554 33.9208
12.664 840.6761 33.9213
12.674 840.6603 33.9202
12.684 840.6847 33.9197
12.694 840.6627 33.9185
12.704 840.6406 33.9182
12.714 840.6989 33.9209
12.724 840.6251 33.9213
12.734 840.6473 33.9207
12.744 840.6539 33.9200
12.754 840.6263 33.9180
12.764 840.6656 33.9180
12.774 840.6588 33.9205
12.784 840.6490 33.9205
12.794 840.6489 33.9215
12.804 840.6483 33.9221
12.814 840.6619 33.9211
12.824 840.6646 33.9215
12.834 840.6752 33.9198
12.844 840.6790 33.9188
12.854 840.6421 33.9200
12.864 840.6592 33.9197
12.874 840.6289 33.9202
12.884 840.6162 33.9208
12.894 840.6714 33.9209
12.904 840.6294 33.9205
12.914 840.6397 33.9208
12.924 840.6567 33.9224
12.934 840.6273 33.9215
12.944 840.6653 33.9208
12.954 840.6988 33.9219
12.964 840.6632 33.9217
12.974 840.6718 33.9221
12.984 840.6726 33.9225
12.994 840.6629 33.9216
13.004 840.6645 33.9204
13.014 840.6824 33.9225
13.024 840.6826 33.9236
13.034 840.6656 33.9229
13.044 840.6597 33.9249
13.054 840.6983 33.9236
13.064 840.6763 33.9224
13.074 840.6693 33.9219
13.084 840.6481 33.9211
13.094 840.6475 33.9217
13.104 840.6786 33.9216
13.114 840.6356 33.9227
13.124 840.6375 33.9227
13.134 840.6632 33.9237
13.144 840.6425 33.9232
13.154 840.6825 33.9196
13.164 840.6546 33.9204
13.174 840.6620 33.9221
13.184 840.6730 33.9217
13.194 840.6659 33.9221
13.204 840.6207 33.9231
13.214 840.6576 33.9219
13.224 840.6462 33.9231
13.234 840.6535 33.9228
13.244 840.6625 33.9224
13.254 840.6734 33.9229
13.264 840.6471 33.9225
13.274 840.6796 33.9251
13.284 840.6226 33.9231
13.294 840.6689 33.9207
13.304 840.6712 33.9228
13.314 840.6615 33.9239
13.324 840.6525 33.9223
13.334 840.6758 33.9221
13.344 840.6487 33.9233
13.354 840.6812 33.9239
13.364 840.6452 33.9245
13.374 840.6749 33.9247
13.384 840.6651 33.9247
13.394 840.6846 33.9256
13.404 840.6982 33.9266
13.414 840.6634 33.9248
13.424 840.6450 33.9235
13.434 840.6623 33.9243
13.444 840.6530 33.9245
13.454 840.6674 33.9239
13.464 840.6782 33.9253
13.474 840.6682 33.9243
13.484 840.6514 33.9217
13.494 840.6462 33.9251
13.504 840.6766 33.9266
13.514 840.6638 33.9260
13.524 840.6651 33.9267
13.534 840.6337 33.9267
13.544 840.6668 33.9266
13.554 840.6555 33.9248
13.564 840.6659 33.9251
13.574 840.6618 33.9260
13.584 840.6593 33.9257
13.594 840.6507 33.9253
13.604 840.6653 33.9228
13.614 840.6546 33.9233
13.624 840.7068 33.9249
13.634 840.6530 33.9245
13.644 840.6606 33.9244
13.654 840.6494 33.9247
13.664 840.6271 33.9253
13.674 840.6437 33.9248
13.684 840.6534 33.9257
13.694 840.6587 33.9264
13.704 840.6456 33.9237
13.714 840.6679 33.9241
13.724 840.6813 33.9270
13.734 840.6679 33.9271
13.744 840.6420 33.9279
13.754 840.7225 33.9279
13.764 840.6741 33.9263
13.774 840.6669 33.9256
13.784 840.6402 33.9260
13.794 840.6539 33.9270
13.804 840.6707 33.9266
13.814 840.6664 33.9253
13.824 840.7017 33.9253
13.834 840.6439 33.9259
13.844 840.6655 33.9259
13.854 840.6598 33.9270
13.864 840.6159 33.9276
13.874 840.6762 33.9253
13.884 840.6869 33.9248
13.894 840.6498 33.9259
13.904 840.6833 33.9249
13.914 840.6468 33.9253
13.924 840.6573 33.9267
13.934 840.6790 33.9278
13.944 840.6888 33.9278
13.954 840.6600 33.9271
13.964 840.6650 33.9256
13.974 840.6482 33.9251
13.984 840.6267 33.9262
13.994 840.6549 33.9275
14.004 840.6811 33.9268
14.014 840.6854 33.9260
14.024 840.6658 33.9280
14.034 840.6722 33.9283
14.044 840.6264 33.9270
14.054 840.6943 33.9266
14.064 840.6497 33.9268
14.074 840.6997 33.9283
14.084 840.6793 33.9279
14.094 840.6400 33.9259
14.104 840.6902 33.9255
14.114 840.6357 33.9267
14.124 840.6906 33.9267
14.134 840.6631 33.9267
14.144 840.6516 33.9268
14.154 840.6432 33.9266
14.164 840.6765 33.9275
14.174 840.6554 33.9278
14.184 840.6442 33.9260
14.194 840.6245 33.9260
14.204 840.6568 33.9284
14.214 840.6496 33.9278
14.224 840.6462 33.9280
14.234 840.6493 33.9276
14.244 840.6299 33.9278
14.254 840.6810 33.9298
14.264 840.6666 33.9284
14.274 840.6289 33.9272
14.284 840.6537 33.9279
14.294 840.6674 33.9288
14.304 840.6475 33.9287
14.314 840.6627 33.9284
14.324 840.6501 33.9280
14.334 840.6574 33.9278
14.344 840.6756 33.9280
14.354 840.6874 33.9280
14.364 840.6357 33.9287
14.374 840.6741 33.9292
14.384 840.6955 33.9282
14.394 840.6990 33.9270
14.404 840.6918 33.9283
14.414 840.6728 33.9306
14.424 840.6767 33.9306
14.434 840.7094 33.9292
14.444 840.6844 33.9295
14.454 840.6369 33.9283
14.464 840.6530 33.9275
14.474 840.6603 33.9292
14.484 840.7048 33.9299
14.494 840.6653 33.9298
14.504 840.6517 33.9308
14.514 840.6516 33.9298
14.524 840.6692 33.9298
14.534 840.6755 33.9310
14.544 840.6275 33.9295
14.554 840.6377 33.9287
14.564 840.6641 33.9302
14.574 840.6741 33.9312
14.584 840.6750 33.9307
14.594 840.6553 33.9317
14.604 840.6744 33.9334
14.614 840.6355 33.9326
14.624 840.6829 33.9307
14.634 840.6535 33.9298
14.644 840.6607 33.9304
14.654 840.6588 33.9325
14.664 840.6732 33.9318
14.674 840.6228 33.9311
14.684 840.6411 33.9304
14.694 840.6524 33.9302
14.704 840.7181 33.9317
14.714 840.6357 33.9307
14.724 840.6488 33.9294
14.734 840.6729 33.9296
14.744 840.6571 33.9306
14.754 840.6796 33.9321
14.764 840.6765 33.9325
14.774 840.6850 33.9318
14.784 840.6409 33.9323
14.794 840.6724 33.9314
14.804 840.6467 33.9303
14.814 840.6608 33.9325
14.824 840.6663 33.9333
14.834 840.6757 33.9321
14.844 840.6480 33.9310
14.854 840.6695 33.9299
14.864 840.6394 33.9306
14.874 840.6625 33.9323
14.884 840.6840 33.9333
14.894 840.6490 33.9325
14.904 840.6588 33.9325
14.914 840.6801 33.9323
14.924 840.6731 33.9327
14.934 840.6624 33.9333
14.944 840.6741 33.9333
14.954 840.7022 33.9335
14.964 840.6677 33.9330
14.974 840.6815 33.9330
14.984 840.6623 33.9312
14.994 840.6915 33.9311
15.004 840.6429 33.9343
15.014 840.6997 33.9353
15.024 840.6757 33.9341
15.034 840.6774 33.9339
15.044 840.6511 33.9335
15.054 840.6726 33.9345
15.064 840.6554 33.9327
15.074 840.6542 33.9311
15.084 840.6343 33.9330
15.094 840.6658 33.9350
15.104 840.6571 33.9346
15.114 840.6744 33.9334
15.124 840.6477 33.9338
15.134 840.6542 33.9331
15.144 840.6602 33.9322
15.154 840.6727 33.9315
15.164 840.6686 33.9325
15.174 840.6551 33.9355
15.184 840.6463 33.9361
15.194 840.6757 33.9341
15.204 840.6536 33.9338
15.214 840.6574 33.9347
15.224 840.6770 33.9347
15.234 840.6406 33.9342
15.244 840.6681 33.9342
15.254 840.6678 33.9350
15.264 840.6384 33.9341
15.274 840.6823 33.9334
15.284 840.6561 33.9341
15.294 840.6721 33.9342
15.304 840.6792 33.9358
15.314 840.6430 33.9354
15.324 840.6339 33.9347
15.334 840.6848 33.9357
15.344 840.6907 33.9357
15.354 840.6275 33.9365
15.364 840.6496 33.9367
15.374 840.6523 33.9351
15.384 840.6715 33.9339
15.394 840.6705 33.9354
15.404 840.6708 33.9355
15.414 840.6251 33.9353
15.424 840.6294 33.9365
15.434 840.6574 33.9347
15.444 840.6430 33.9334
15.454 840.6393 33.9335
15.464 840.6608 33.9345
15.474 840.6433 33.9355
15.484 840.6527 33.9343
15.494 840.6619 33.9350
15.504 840.6757 33.9370
15.514 840.6674 33.9378
15.524 840.6781 33.9373
15.534 840.6596 33.9349
15.544 840.6715 33.9339
15.554 840.6870 33.9358
15.564 840.6616 33.9369
15.574 840.6343 33.9380
15.584 840.6588 33.9374
15.594 840.6811 33.9358
15.604 840.6521 33.9370
15.614 840.6623 33.9382
15.624 840.6574 33.9397
15.634 840.6531 33.9376
15.644 840.6640 33.9361
15.654 840.6560 33.9370
15.664 840.6252 33.9363
15.674 840.6811 33.9358
15.684 840.6648 33.9365
15.694 840.6618 33.9380
15.704 840.6422 33.9380
15.714 840.6498 33.9378
15.724 840.6918 33.9382
15.734 840.6576 33.9378
15.744 840.6459 33.9369
15.754 840.6371 33.9384
15.764 840.6343 33.9380
15.774 840.6582 33.9372
15.784 840.6526 33.9373
15.794 840.6400 33.9369
15.804 840.6469 33.9384
15.814 840.6560 33.9370
15.824 840.6488 33.9363
15.834 840.6568 33.9374
15.844 840.6638 33.9380
15.854 840.6584 33.9382
15.864 840.6394 33.9376
15.874 840.6465 33.9372
15.884 840.6550 33.9365
15.894 840.6642 33.9362
15.904 840.6814 33.9380
15.914 840.6203 33.9378
15.924 840.6898 33.9362
15.934 840.6717 33.9370
15.944 840.6835 33.9370
15.954 840.6935 33.9381
15.964 840.6961 33.9394
15.974 840.6622 33.9372
15.984 840.6583 33.9392
15.994 840.6718 33.9410
16.004 840.6783 33.9384
16.014 840.6263 33.9369
16.024 840.6356 33.9386
16.034 840.6531 33.9405
16.044 840.6414 33.9396
16.054 840.6311 33.9393
16.064 840.6671 33.9406
16.074 840.6715 33.9409
16.084 840.6406 33.9392
16.094 840.6512 33.9396
16.104 840.6721 33.9382
16.114 840.6444 33.9381
16.124 840.6385 33.9401
16.134 840.6419 33.9398
16.144 840.6833 33.9409
16.154 840.6918 33.9402
16.164 840.6520 33.9400
16.174 840.6701 33.9412
16.184 840.6707 33.9405
16.194 840.6667 33.9394
16.204 840.6784 33.9394
16.214 840.6322 33.9389
16.224 840.6444 33.9381
16.234 840.6706 33.9394
16.244 840.6567 33.9404
16.254 840.6375 33.9396
16.264 840.6583 33.9392
16.274 840.6444 33.9401
16.284 840.6128 33.9420
16.294 840.6680 33.9421
16.304 840.6365 33.9410
16.314 840.6619 33.9420
16.324 840.6709 33.9416
16.334 840.6756 33.9400
16.344 840.6784 33.9394
16.354 840.6688 33.9405
16.364 840.6460 33.9409
16.374 840.6573 33.9406
16.384 840.6419 33.9428
16.394 840.6584 33.9432
16.404 840.6864 33.9435
16.414 840.6390 33.9433
16.424 840.6567 33.9433
16.434 840.6428 33.9443
16.444 840.6574 33.9417
16.454 840.6384 33.9410
16.464 840.6542 33.9431
16.474 840.6674 33.9428
16.484 840.6610 33.9425
16.494 840.6616 33.9418
16.504 840.6641 33.9421
16.514 840.6743 33.9433
16.524 840.6581 33.9431
16.534 840.6840 33.9422
16.544 840.6285 33.9420
16.554 840.6344 33.9440
16.564 840.6453 33.9445
16.574 840.6314 33.9435
16.584 840.6687 33.9435
16.594 840.6606 33.9433
16.604 840.6655 33.9418
16.614 840.6477 33.9408
16.624 840.6549 33.9414
16.634 840.6361 33.9418
16.644 840.6375 33.9416
16.654 840.6652 33.9427
16.664 840.6708 33.9425
16.674 840.6785 33.9414
16.684 840.6733 33.9428
16.694 840.6690 33.9436
16.704 840.6572 33.9436
16.714 840.6220 33.9427
16.724 840.6311 33.9413
16.734 840.6388 33.9422
16.744 840.6829 33.9417
16.754 840.6298 33.9427
16.764 840.6883 33.9435
16.774 840.6612 33.9427
16.784 840.6819 33.9432
16.794 840.6742 33.9443
16.804 840.6582 33.9441
16.814 840.6551 33.9425
16.824 840.6334 33.9435
16.834 840.6659 33.9460
16.844 840.6551 33.9445
16.854 840.6339 33.9417
16.864 840.6495 33.9447
16.874 840.6541 33.9460
16.884 840.6605 33.9443
16.894 840.6973 33.9440
16.904 840.6729 33.9436
16.914 840.6721 33.9452
16.924 840.6588 33.9464
16.934 840.6661 33.9461
16.944 840.6458 33.9448
16.954 840.6690 33.9436
16.964 840.6861 33.9433
16.974 840.6609 33.9435
16.984 840.6838 33.9461
16.994 840.6926 33.9476
17.004 840.6346 33.9471
17.014 840.6529 33.9464
17.024 840.6292 33.9453
17.034 840.6309 33.9452
17.044 840.6297 33.9456
17.054 840.6389 33.9463
17.064 840.6516 33.9457
17.074 840.6398 33.9457
17.084 840.6355 33.9465
17.094 840.6900 33.9463
17.104 840.6309 33.9452
17.114 840.6886 33.9436
17.124 840.6851 33.9468
17.134 840.6856 33.9480
17.144 840.6464 33.9451
17.154 840.6907 33.9447
17.164 840.6755 33.9449
17.174 840.6507 33.9463
17.184 840.6817 33.9471
17.194 840.6608 33.9464
17.204 840.6800 33.9472
17.214 840.6739 33.9471
17.224 840.6472 33.9475
17.234 840.6679 33.9480
17.244 840.6473 33.9465
17.254 840.6849 33.9467
17.264 840.6879 33.9472
17.274 840.6583 33.9461
17.284 840.6768 33.9465
17.294 840.6565 33.9492
17.304 840.6430 33.9473
17.314 840.6579 33.9449
17.324 840.6795 33.9469
17.334 840.6696 33.9479
17.344 840.6467 33.9472
17.354 840.6341 33.9468
17.364 840.6503 33.9471
17.374 840.6661 33.9461
17.384 840.6427 33.9472
17.394 840.6602 33.9491
17.404 840.6540 33.9469
17.414 840.6727 33.9475
17.424 840.6613 33.9487
17.434 840.6370 33.9463
17.444 840.6713 33.9478
17.454 840.6925 33.9486
17.464 840.6708 33.9475
17.474 840.6620 33.9480
17.484 840.6336 33.9486
17.494 840.6745 33.9494
17.504 840.6439 33.9488
17.514 840.6687 33.9484
17.524 840.6488 33.9483
17.534 840.6311 33.9483
17.544 840.6684 33.9483
17.554 840.6409 33.9463
17.564 840.6470 33.9464
17.574 840.6247 33.9480
17.584 840.6566 33.9483
17.594 840.6497 33.9498
17.604 840.6854 33.9490
17.614 840.6705 33.9473
17.624 840.6421 33.9479
17.634 840.6738 33.9480
17.644 840.6499 33.9479
17.654 840.6688 33.9475
17.664 840.6612 33.9476
17.674 840.6553 33.9476
17.684 840.6348 33.9482
17.694 840.6621 33.9491
17.704 840.6782 33.9483
17.714 840.6720 33.9491
17.724 840.6654 33.9498
17.734 840.6652 33.9496
17.744 840.6610 33.9515
17.754 840.6715 33.9508
17.764 840.6604 33.9492
17.774 840.6285 33.9490
17.784 840.6738 33.9480
17.794 840.6558 33.9479
17.804 840.6841 33.9483
17.814 840.6883 33.9484
17.824 840.6493 33.9486
17.834 840.6462 33.9490
17.844 840.6627 33.9494
17.854 840.6828 33.9476
17.864 840.6375 33.9486
17.874 840.6636 33.9508
17.884 840.6490 33.9514
17.894 840.6772 33.9518
17.904 840.6538 33.9508
17.914 840.6656 33.9508
17.924 840.6623 33.9522
17.934 840.6673 33.9507
17.944 840.6472 33.9495
17.954 840.6293 33.9514
17.964 840.6296 33.9515
17.974 840.6759 33.9491
17.984 840.6439 33.9488
17.994 840.6579 33.9519
18.004 840.6357 33.9516
18.014 840.6368 33.9502
18.024 840.6861 33.9503
18.034 840.6598 33.9519
18.044 840.6854 33.9539
18.054 840.7021 33.9504
18.064 840.6816 33.9480
18.074 840.6654 33.9498
18.084 840.6725 33.9494
18.094 840.6360 33.9498
18.104 840.6433 33.9495
18.114 840.6916 33.9511
18.124 840.6520 33.9539
18.134 840.6243 33.9508
18.144 840.6809 33.9496
18.154 840.6734 33.9508
18.164 840.6584 33.9502
18.174 840.6398 33.9507
18.184 840.6534 33.9516
18.194 840.6821 33.9512
18.204 840.7080 33.9504
18.214 840.6628 33.9504
18.224 840.6865 33.9515
18.234 840.6791 33.9527
18.244 840.6935 33.9520
18.254 840.6491 33.9504
18.264 840.6565 33.9492
18.274 840.6465 33.9511
18.284 840.6953 33.9530
18.294 840.6520 33.9519
18.304 840.6646 33.9523
18.314 840.6718 33.9530
18.324 840.6522 33.9520
18.334 840.6585 33.9512
18.344 840.6399 33.9518
18.354 840.6702 33.9522
18.364 840.6484 33.9511
18.374 840.6566 33.9512
18.384 840.6646 33.9523
18.394 840.6575 33.9527
18.404 840.6448 33.9533
18.414 840.6726 33.9534
18.424 840.6381 33.9528
18.434 840.6732 33.9527
18.444 840.6729 33.9506
18.454 840.6415 33.9506
18.464 840.6527 33.9533
18.474 840.6436 33.9537
18.484 840.6354 33.9524
18.494 840.6987 33.9527
18.504 840.6511 33.9545
18.514 840.6574 33.9557
18.524 840.6448 33.9553
18.534 840.6470 33.9534
18.544 840.6637 33.9528
18.554 840.7073 33.9541
18.564 840.6766 33.9545
18.574 840.6440 33.9528
18.584 840.6697 33.9539
18.594 840.6732 33.9547
18.604 840.6537 33.9538
18.614 840.6571 33.9535
18.624 840.6661 33.9531
18.634 840.6445 33.9531
18.644 840.6659 33.9530
18.654 840.6414 33.9535
18.664 840.6469 33.9543
18.674 840.6509 33.9543
18.684 840.6436 33.9537
18.694 840.6344 33.9539
18.704 840.6552 33.9535
18.714 840.6252 33.9533
18.724 840.6592 33.9546
18.734 840.6372 33.9534
18.744 840.6316 33.9515
18.754 840.6537 33.9518
18.764 840.6131 33.9531
18.774 840.6069 33.9539
18.784 840.6573 33.9546
18.794 840.6522 33.9550
18.804 840.6580 33.9559
18.814 840.6516 33.9547
18.824 840.6499 33.9528
18.834 840.6359 33.9527
18.844 840.6530 33.9524
18.854 840.6211 33.9542
18.864 840.6761 33.9542
18.874 840.6657 33.9549
18.884 840.6647 33.9554
18.894 840.6739 33.9541
18.904 840.6434 33.9535
18.914 840.6256 33.9524
18.924 840.6473 33.9535
18.934 840.6706 33.9554
18.944 840.6377 33.9566
18.954 840.6711 33.9566
18.964 840.6421 33.9549
18.974 840.6374 33.9545
18.984 840.6234 33.9563
18.994 840.6303 33.9569
19.004 840.6435 33.9546
19.014 840.6430 33.9543
19.024 840.6378 33.9557
19.034 840.6945 33.9555
19.044 840.6589 33.9554
19.054 840.6766 33.9545
19.064 840.6642 33.9551
19.074 840.6752 33.9567
19.084 840.6517 33.9567
19.094 840.6686 33.9563
19.104 840.6760 33.9551
19.114 840.6713 33.9547
19.124 840.6229 33.9561
19.134 840.6469 33.9573
19.144 840.6709 33.9575
19.154 840.6140 33.9555
19.164 840.6350 33.9553
19.174 840.6352 33.9563
19.184 840.6388 33.9562
19.194 840.6655 33.9558
19.204 840.6664 33.9553
19.214 840.6557 33.9558
19.224 840.6703 33.9562
19.234 840.6652 33.9566
19.244 840.6833 33.9578
19.254 840.6742 33.9582
19.264 840.6506 33.9562
19.274 840.6459 33.9558
19.284 840.6319 33.9577
19.294 840.6381 33.9578
19.304 840.6584 33.9571
19.314 840.6466 33.9571
19.324 840.6641 33.9561
19.334 840.6408 33.9562
19.344 840.6624 33.9562
19.354 840.6526 33.9562
19.364 840.6634 33.9577
19.374 840.6534 33.9586
19.384 840.6481 33.9559
19.394 840.6697 33.9539
19.404 840.6616 33.9558
19.414 840.6491 33.9574
19.424 840.6262 33.9588
19.434 840.6618 33.9589
19.444 840.6822 33.9573
19.454 840.6717 33.9559
19.464 840.6608 33.9554
19.474 840.6470 33.9563
19.484 840.6748 33.9585
19.494 840.6728 33.9585
19.504 840.6215 33.9583
19.514 840.6536 33.9597
19.524 840.6580 33.9600
19.534 840.6562 33.9590
19.544 840.6473 33.9585
19.554 840.6547 33.9573
19.564 840.6927 33.9586
19.574 840.6853 33.9598
19.584 840.6706 33.9583
19.594 840.6347 33.9581
19.604 840.6731 33.9586
19.614 840.6510 33.9574
19.624 840.6336 33.9575
19.634 840.6666 33.9583
19.644 840.6746 33.9574
19.654 840.6756 33.9589
19.664 840.6828 33.9596
19.674 840.6724 33.9593
19.684 840.6507 33.9582
19.694 840.6515 33.9557
19.704 840.6556 33.9567
19.714 840.6864 33.9594
19.724 840.6344 33.9579
19.734 840.6411 33.9563
19.744 840.6747 33.9565
19.754 840.6401 33.9578
19.764 840.6209 33.9581
19.774 840.6541 33.9579
19.784 840.6634 33.9597
19.794 840.6605 33.9602
19.804 840.6562 33.9610
19.814 840.6540 33.9609
19.824 840.6474 33.9596
19.834 840.6754 33.9598
19.844 840.7159 33.9594
19.854 840.6627 33.9583
19.864 840.6367 33.9601
19.874 840.6476 33.9606
19.884 840.6688 33.9614
19.894 840.6590 33.9614
19.904 840.6625 33.9602
19.914 840.6578 33.9618
19.924 840.6976 33.9621
19.934 840.6730 33.9616
19.944 840.6544 33.9621
19.954 840.6460 33.9598
19.964 840.6310 33.9582
19.974 840.6805 33.9594
19.984 840.6781 33.9612
19.994 840.6514 33.9616
20.004 840.6232 33.9602
20.014 840.6648 33.9594
20.024 840.6777 33.9600
20.034 840.6666 33.9613
20.044 840.6556 33.9617
20.054 840.6645 33.9622
20.064 840.6837 33.9610
20.074 840.6571 33.9605
20.084 840.6401 33.9618
20.094 840.6569 33.9624
20.104 840.6689 33.9625
20.114 840.6807 33.9625
20.124 840.6264 33.9618
20.134 840.6516 33.9617
20.144 840.6433 33.9614
20.154 840.6748 33.9605
20.164 840.6796 33.9600
20.174 840.6305 33.9600
20.184 840.6703 33.9602
20.194 840.6601 33.9640
20.204 840.6818 33.9651
20.214 840.6544 33.9621
20.224 840.6612 33.9616
20.234 840.6569 33.9604
20.244 840.6746 33.9594
20.254 840.6361 33.9608
20.264 840.6527 33.9622
20.274 840.6807 33.9605
20.284 840.6562 33.9590
20.294 840.6169 33.9590
20.304 840.6387 33.9601
20.314 840.6530 33.9624
20.324 840.6718 33.9620
20.334 840.6422 33.9629
20.344 840.6641 33.9630
20.354 840.6293 33.9633
20.364 840.6377 33.9636
20.374 840.6879 33.9632
20.384 840.6808 33.9645
20.394 840.6600 33.9649
20.404 840.6720 33.9651
20.414 840.6577 33.9648
20.424 840.6473 33.9625
20.434 840.6503 33.9610
20.444 840.6567 33.9613
20.454 840.6628 33.9624
20.464 840.6480 33.9638
20.474 840.6217 33.9655
20.484 840.6601 33.9660
20.494 840.6557 33.9657
20.504 840.6753 33.9657
20.514 840.6478 33.9657
20.524 840.6601 33.9660
20.534 840.6792 33.9657
20.544 840.6634 33.9667
20.554 840.6499 33.9648
20.564 840.6453 33.9634
20.574 840.6748 33.9655
20.584 840.6643 33.9661
20.594 840.6729 33.9645
20.604 840.6496 33.9647
20.614 840.6521 33.9649
20.624 840.6961 33.9633
20.634 840.6755 33.9638
20.644 840.6824 33.9653
20.654 840.6439 33.9657
20.664 840.6947 33.9656
20.674 840.6795 33.9659
20.684 840.6739 33.9660
20.694 840.6697 33.9659
20.704 840.7000 33.9653
20.714 840.6820 33.9661
20.724 840.6814 33.9659
20.734 840.6597 33.9648
20.744 840.6998 33.9652
20.754 840.6631 33.9645
20.764 840.6702 33.9661
20.774 840.6375 33.9655
20.784 840.6467 33.9632
20.794 840.6480 33.9638
20.804 840.6902 33.9653
20.814 840.6773 33.9657
20.824 840.6805 33.9644
20.834 840.6559 33.9638
20.844 840.6555 33.9647
20.854 840.6662 33.9671
20.864 840.6689 33.9675
20.874 840.6410 33.9663
20.884 840.6727 33.9664
20.894 840.6547 33.9663
20.904 840.6431 33.9653
20.914 840.6846 33.9655
20.924 840.6870 33.9667
20.934 840.6450 33.9653
20.944 840.6413 33.9634
20.954 840.6685 33.9643
20.964 840.6729 33.9645
20.974 840.6631 33.9645
20.984 840.6704 33.9643
20.994 840.6793 33.9648
21.004 840.6601 33.9660
21.014 840.6644 33.9652
21.024 840.6682 33.9641
21.034 840.6568 33.9653
21.044 840.6862 33.9683
21.054 840.6731 33.9676
21.064 840.6601 33.9660
21.074 840.6589 33.9664
21.084 840.7124 33.9676
21.094 840.6856 33.9660
21.104 840.6558 33.9648
21.114 840.6829 33.9676
21.124 840.6469 33.9663
21.134 840.6548 33.9633
21.144 840.6783 33.9643
21.154 840.6853 33.9668
21.164 840.6422 33.9679
21.174 840.6714 33.9677
21.184 840.6234 33.9683
21.194 840.6863 33.9673
21.204 840.6476 33.9676
21.214 840.6483 33.9689
21.224 840.6689 33.9675
21.234 840.6746 33.9664
21.244 840.6811 33.9667
21.254 840.6873 33.9688
21.264 840.6883 33.9693
21.274 840.6605 33.9672
21.284 840.6648 33.9664
21.294 840.6640 33.9660
21.304 840.6633 33.9676
21.314 840.6854 33.9699
21.324 840.6530 33.9693
21.334 840.6785 33.9673
21.344 840.6667 33.9693
21.354 840.6510 33.9714
21.364 840.6709 33.9695
21.374 840.6566 33.9692
21.384 840.6737 33.9699
21.394 840.6883 33.9693
21.404 840.6544 33.9691
21.414 840.6764 33.9683
21.424 840.6638 33.9679
21.434 840.6614 33.9696
21.444 840.6680 33.9680
21.454 840.6720 33.9671
21.464 840.6629 33.9684
21.474 840.6828 33.9685
21.484 840.6461 33.9708
21.494 840.6865 33.9704
21.504 840.6692 33.9696
21.514 840.6764 33.9703
21.524 840.6416 33.9706
21.534 840.6577 33.9698
21.544 840.6273 33.9703
21.554 840.6685 33.9712
21.564 840.6635 33.9707
21.574 840.6827 33.9695
21.584 840.6603 33.9691
21.594 840.6810 33.9696
21.604 840.6924 33.9704
21.614 840.6702 33.9711
21.624 840.6531 33.9704
21.634 840.6648 33.9693
21.644 840.6637 33.9688
21.654 840.6616 33.9698
21.664 840.6789 33.9706
21.674 840.6988 33.9707
21.684 840.6524 33.9720
21.694 840.6697 33.9728
21.704 840.6667 33.9693
21.714 840.6967 33.9696
21.724 840.6957 33.9731
21.734 840.6483 33.9730
21.744 840.6640 33.9730
21.754 840.6644 33.9722
21.764 840.6614 33.9716
21.774 840.6825 33.9734
21.784 840.6932 33.9728
21.794 840.6513 33.9715
21.804 840.6726 33.9714
21.814 840.6657 33.9708
21.824 840.6754 33.9698
21.834 840.6891 33.9698
21.844 840.7283 33.9707
21.854 840.6888 33.9726
21.864 840.6899 33.9722
21.874 840.6569 33.9714
21.884 840.6737 33.9719
21.894 840.6547 33.9712
21.904 840.6833 33.9718
21.914 840.6646 33.9732
21.924 840.6516 33.9716
21.934 840.6611 33.9715
21.944 840.6686 33.9723
21.954 840.6746 33.9714
21.964 840.6685 33.9712
21.974 840.6361 33.9718
21.984 840.6657 33.9728
21.994 840.6944 33.9744
22.004 840.6570 33.9734
22.014 840.6512 33.9724
22.024 840.6896 33.9730
22.034 840.6848 33.9706
22.044 840.6590 33.9704
22.054 840.6361 33.9718
22.064 840.6550 33.9714
22.074 840.6748 33.9724
22.084 840.6778 33.9750
22.094 840.6803 33.9732
22.104 840.6688 33.9704
22.114 840.6760 33.9711
22.124 840.7030 33.9728
22.134 840.6760 33.9740
22.144 840.6643 33.9731
22.154 840.6803 33.9732
22.164 840.6449 33.9732
22.174 840.6401 33.9718
22.184 840.6597 33.9718
22.194 840.6942 33.9714
22.204 840.6075 33.9722
22.214 840.6728 33.9744
22.224 840.6515 33.9726
22.234 840.6657 33.9708
22.244 840.6860 33.9722
22.254 840.6610 33.9724
22.264 840.6805 33.9734
22.274 840.6470 33.9743
22.284 840.6692 33.9746
22.294 840.6321 33.9727
22.304 840.6686 33.9723
22.314 840.6190 33.9720
22.324 840.6725 33.9723
22.334 840.6329 33.9751
22.344 840.6468 33.9742
22.354 840.5993 33.9720
22.364 840.6630 33.9724
22.374 840.6639 33.9719
22.384 840.6821 33.9722
22.394 840.6526 33.9751
22.404 840.6927 33.9746
22.414 840.6117 33.9723
22.424 840.6309 33.9731
22.434 840.6887 33.9755
22.444 840.6633 33.9746
22.454 840.6854 33.9749
22.464 840.6680 33.9750
22.474 840.6439 33.9727
22.484 840.6484 33.9750
22.494 840.6813 33.9767
22.504 840.6829 33.9746
22.514 840.6584 33.9751
22.524 840.6595 33.9757
22.534 840.6625 33.9742
22.544 840.6515 33.9746
22.554 840.6803 33.9753
22.564 840.6460 33.9758
22.574 840.6609 33.9754
22.584 840.6184 33.9747
22.594 840.6816 33.9759
22.604 840.7322 33.9757
22.614 840.6563 33.9740
22.624 840.6572 33.9735
22.634 840.6589 33.9734
22.644 840.6845 33.9734
22.654 840.6878 33.9740
22.664 840.6578 33.9738
22.674 840.6513 33.9735
22.684 840.6594 33.9746
22.694 840.6600 33.9759
22.704 840.7048 33.9747
22.714 840.6603 33.9740
22.724 840.6553 33.9755
22.734 840.6395 33.9765
22.744 840.6738 33.9779
22.754 840.7066 33.9786
22.764 840.6612 33.9775
22.774 840.6723 33.9762
22.784 840.6626 33.9782
22.794 840.6726 33.9783
22.804 840.6684 33.9762
22.814 840.6909 33.9757
22.824 840.6566 33.9762
22.834 840.6428 33.9771
22.844 840.6436 33.9775
22.854 840.6584 33.9781
22.864 840.6599 33.9769
22.874 840.6805 33.9734
22.884 840.6807 33.9744
22.894 840.6785 33.9783
22.904 840.6843 33.9773
22.914 840.6857 33.9750
22.924 840.6477 33.9757
22.934 840.6582 33.9770
22.944 840.6503 33.9779
22.954 840.6719 33.9779
22.964 840.6966 33.9775
22.974 840.6746 33.9783
22.984 840.6584 33.9781
22.994 840.6666 33.9773
23.004 840.6797 33.9759
23.014 840.6607 33.9753
23.024 840.6832 33.9767
23.034 840.6602 33.9770
23.044 840.6531 33.9754
23.054 840.6750 33.9755
23.064 840.6722 33.9771
23.074 840.6639 33.9789
23.084 840.6865 33.9794
23.094 840.6421 33.9778
23.104 840.6731 33.9766
23.114 840.6549 33.9763
23.124 840.6636 33.9767
23.134 840.6983 33.9754
23.144 840.6345 33.9759
23.154 840.6449 33.9782
23.164 840.6584 33.9781
23.174 840.6677 33.9778
23.184 840.6496 33.9786
23.194 840.6529 33.9793
23.204 840.6508 33.9782
23.214 840.6671 33.9775
23.224 840.6704 33.9782
23.234 840.6807 33.9794
23.244 840.6831 33.9797
23.254 840.6817 33.9799
23.264 840.6694 33.9797
23.274 840.6512 33.9794
23.284 840.6517 33.9797
23.294 840.6807 33.9794
23.304 840.6637 33.9778
23.314 840.6563 33.9770
23.324 840.6687 33.9783
23.334 840.6906 33.9805
23.344 840.7050 33.9798
23.354 840.6791 33.9786
23.364 840.6965 33.9805
23.374 840.6926 33.9805
23.384 840.6744 33.9802
23.394 840.6711 33.9795
23.404 840.6716 33.9778
23.414 840.6676 33.9787
23.424 840.6750 33.9795
23.434 840.6740 33.9790
23.444 840.6533 33.9785
23.454 840.6736 33.9798
23.464 840.6726 33.9813
23.474 840.6860 33.9791
23.484 840.6610 33.9794
23.494 840.7071 33.9809
23.504 840.6864 33.9804
23.514 840.6335 33.9794
23.524 840.6647 33.9793
23.534 840.6367 33.9790
23.544 840.6475 33.9795
23.554 840.6620 33.9809
23.564 840.7024 33.9805
23.574 840.6610 33.9794
23.584 840.6901 33.9802
23.594 840.6824 33.9793
23.604 840.6598 33.9778
23.614 840.6987 33.9806
23.624 840.6752 33.9806
23.634 840.6707 33.9804
23.644 840.6875 33.9809
23.654 840.6466 33.9801
23.664 840.6592 33.9805
23.674 840.6664 33.9791
23.684 840.6630 33.9794
23.694 840.6832 33.9817
23.704 840.6616 33.9817
23.714 840.6790 33.9816
23.724 840.6629 33.9804
23.734 840.7004 33.9805
23.744 840.6742 33.9821
23.754 840.6718 33.9829
23.764 840.6481 33.9818
23.774 840.6652 33.9816
23.784 840.6953 33.9838
23.794 840.6633 33.9816
23.804 840.6764 33.9802
23.814 840.6787 33.9814
23.824 840.6579 33.9818
23.834 840.6909 33.9826
23.844 840.6527 33.9832
23.854 840.6769 33.9825
23.864 840.6671 33.9825
23.874 840.7004 33.9834
23.884 840.6473 33.9834
23.894 840.6561 33.9829
23.904 840.6642 33.9810
23.914 840.6203 33.9797
23.924 840.6689 33.9794
23.934 840.6546 33.9812
23.944 840.6781 33.9821
23.954 840.6709 33.9834
23.964 840.6918 33.9850
23.974 840.6672 33.9836
23.984 840.6323 33.9828
23.994 840.6634 33.9826
24.004 840.6759 33.9820
24.014 840.6880 33.9812
24.024 840.6756 33.9818
24.034 840.6676 33.9828
24.044 840.6442 33.9818
24.054 840.6436 33.9816
24.064 840.6794 33.9828
24.074 840.6898 33.9830
24.084 840.6535 33.9816
24.094 840.6567 33.9802
24.104 840.6667 33.9813
24.114 840.6772 33.9826
24.124 840.6438 33.9826
24.134 840.6540 33.9818
24.144 840.6372 33.9813
24.154 840.6631 33.9834
24.164 840.6493 33.9834
24.174 840.6964 33.9814
24.184 840.6495 33.9816
24.194 840.6466 33.9830
24.204 840.6608 33.9833
24.214 840.6500 33.9828
24.224 840.6717 33.9818
24.234 840.6416 33.9825
24.244 840.6864 33.9853
24.254 840.6362 33.9848
24.264 840.6735 33.9828
24.274 840.6644 33.9841
24.284 840.6640 33.9849
24.294 840.6987 33.9856
24.304 840.6397 33.9865
24.314 840.6552 33.9854
24.324 840.6508 33.9852
24.334 840.6561 33.9849
24.344 840.6258 33.9854
24.354 840.6874 33.9838
24.364 840.6632 33.9825
24.374 840.6787 33.9844
24.384 840.6369 33.9841
24.394 840.6590 33.9844
24.404 840.6853 33.9848
24.414 840.6355 33.9844
24.424 840.6666 33.9842
24.434 840.6514 33.9845
24.444 840.6501 33.9838
24.454 840.6387 33.9830
24.464 840.6862 33.9842
24.474 840.6466 33.9850
24.484 840.6508 33.9852
24.494 840.6649 33.9844
24.504 840.6192 33.9841
24.514 840.6406 33.9840
24.524 840.6660 33.9849
24.534 840.6585 33.9861
24.544 840.6515 33.9865
24.554 840.6588 33.9863
24.564 840.6674 33.9867
24.574 840.6477 33.9876
24.584 840.6528 33.9872
24.594 840.6393 33.9853
24.604 840.6418 33.9856
24.614 840.6693 33.9876
24.624 840.6604 33.9871
24.634 840.6783 33.9872
24.644 840.6926 33.9875
24.654 840.7140 33.9864
24.664 840.6734 33.9857
24.674 840.6521 33.9859
24.684 840.6580 33.9838
24.694 840.5958 33.9832
24.704 840.6359 33.9856
24.714 840.6535 33.9856
24.724 840.6535 33.9856
24.734 840.6965 33.9854
24.744 840.6649 33.9864
24.754 840.6631 33.9875
24.764 840.6910 33.9867
24.774 840.6439 33.9867
24.784 840.6934 33.9879
24.794 840.6262 33.9887
24.804 840.6553 33.9875
24.814 840.7033 33.9849
24.824 840.6826 33.9864
24.834 840.6659 33.9879
24.844 840.6752 33.9876
24.854 840.6650 33.9884
24.864 840.6761 33.9871
24.874 840.6750 33.9865
24.884 840.6834 33.9868
24.894 840.6705 33.9872
24.904 840.6914 33.9879
24.914 840.6812 33.9887
24.924 840.6427 33.9891
24.934 840.6731 33.9885
24.944 840.6202 33.9876
24.954 840.6993 33.9879
24.964 840.6588 33.9883
24.974 840.6739 33.9889
24.984 840.6602 33.9889
24.994 840.6842 33.9872
25.004 840.6985 33.9875
25.014 840.6777 33.9879
25.024 840.6750 33.9865
25.034 840.6678 33.9859
25.044 840.6681 33.9860
25.054 840.6626 33.9872
25.064 840.6620 33.9879
25.074 840.6792 33.9867
25.084 840.6668 33.9873
25.094 840.6581 33.9869
25.104 840.6759 33.9860
25.114 840.6768 33.9884
25.124 840.6709 33.9884
25.134 840.6637 33.9877
25.144 840.6506 33.9891
25.154 840.6234 33.9892
25.164 840.6816 33.9879
25.174 840.6455 33.9875
25.184 840.6957 33.9871
25.194 840.6633 33.9885
25.204 840.6616 33.9887
25.214 840.6663 33.9871
25.224 840.6447 33.9871
25.234 840.6990 33.9877
25.244 840.6616 33.9887
25.254 840.6685 33.9892
25.264 840.6657 33.9897
25.274 840.6726 33.9883
25.284 840.6433 33.9864
25.294 840.6668 33.9873
25.304 840.6970 33.9907
25.314 840.6483 33.9899
25.324 840.6866 33.9884
25.334 840.6938 33.9891
25.344 840.6461 33.9888
25.354 840.6777 33.9899
25.364 840.6518 33.9907
25.374 840.6876 33.9889
25.384 840.6408 33.9891
25.394 840.7044 33.9895
25.404 840.6768 33.9884
25.414 840.6952 33.9888
25.424 840.6443 33.9899
25.434 840.6641 33.9909
25.444 840.6847 33.9904
25.454 840.6441 33.9897
25.464 840.6331 33.9901
25.474 840.6695 33.9907
25.484 840.6754 33.9907
25.494 840.6614 33.9905
25.504 840.6545 33.9891
25.514 840.6717 33.9888
25.524 840.6565 33.9891
25.534 840.6385 33.9889
25.544 840.7213 33.9891
25.554 840.6470 33.9883
25.564 840.6951 33.9897
25.574 840.6725 33.9892
25.584 840.6232 33.9881
25.594 840.6891 33.9887
25.604 840.6912 33.9897
25.614 840.6661 33.9909
25.624 840.6497 33.9916
25.634 840.6629 33.9914
25.644 840.6779 33.9909
25.654 840.6483 33.9919
25.664 840.6668 33.9923
25.674 840.6893 33.9918
25.684 840.6398 33.9905
25.694 840.6459 33.9907
25.704 840.6573 33.9915
25.714 840.6631 33.9924
25.724 840.6595 33.9916
25.734 840.6442 33.9908
25.744 840.6322 33.9927
25.754 840.6987 33.9946
25.764 840.6851 33.9936
25.774 840.7106 33.9916
25.784 840.6646 33.9912
25.794 840.6804 33.9912
25.804 840.6852 33.9907
25.814 840.6676 33.9897
25.824 840.6399 33.9896
25.834 840.6649 33.9893
25.844 840.6832 33.9887
25.854 840.6243 33.9907
25.864 840.6494 33.9924
25.874 840.6831 33.9916
25.884 840.6416 33.9915
25.894 840.6916 33.9909
25.904 840.6439 33.9907
25.914 840.6610 33.9914
25.924 840.6635 33.9916
25.934 840.6635 33.9916
25.944 840.6517 33.9916
25.954 840.6444 33.9919
25.964 840.6480 33.9918
25.974 840.6623 33.9920
25.984 840.6331 33.9922
25.994 840.6736 33.9918
26.004 840.6727 33.9923
26.014 840.6410 33.9922
26.024 840.6831 33.9916
26.034 840.6685 33.9922
26.044 840.6393 33.9923
26.054 840.6844 33.9923
26.064 840.6751 33.9926
26.074 840.6983 33.9914
26.084 840.6249 33.9930
26.094 840.6813 33.9947
26.104 840.6588 33.9932
26.114 840.6697 33.9938
26.124 840.6486 33.9920
26.134 840.6773 33.9907
26.144 840.6340 33.9916
26.154 840.6785 33.9923
26.164 840.6499 33.9927
26.174 840.6611 33.9924
26.184 840.6611 33.9924
26.194 840.6850 33.9926
26.204 840.6695 33.9927
26.214 840.6228 33.9919
26.224 840.6746 33.9923
26.234 840.6490 33.9932
26.244 840.6596 33.9936
26.254 840.6587 33.9942
26.264 840.6631 33.9944
26.274 840.6444 33.9939
26.284 840.6843 33.9932
26.294 840.6731 33.9935
26.304 840.6714 33.9936
26.314 840.6810 33.9926
26.324 840.6864 33.9923
26.334 840.6685 33.9922
26.344 840.6705 33.9942
26.354 840.6416 33.9964
26.364 840.6567 33.9942
26.374 840.6581 33.9919
26.384 840.6617 33.9927
26.394 840.6946 33.9944
26.404 840.6614 33.9946
26.414 840.6586 33.9951
26.424 840.6474 33.9944
26.434 840.6317 33.9924
26.444 840.6665 33.9942
26.454 840.6726 33.9952
26.464 840.7074 33.9950
26.474 840.6287 33.9959
26.484 840.6622 33.9950
26.494 840.6237 33.9934
26.504 840.6632 33.9935
26.514 840.7020 33.9932
26.524 840.6756 33.9938
26.534 840.6542 33.9939
26.544 840.6767 33.9934
26.554 840.6502 33.9948
26.564 840.6749 33.9944
26.574 840.6841 33.9931
26.584 840.6511 33.9943
26.594 840.6393 33.9943
26.604 840.6669 33.9914
26.614 840.6587 33.9942
26.624 840.6577 33.9956
26.634 840.6489 33.9942
26.644 840.7041 33.9963
26.654 840.6431 33.9952
26.664 840.6264 33.9947
26.674 840.6543 33.9959
26.684 840.6353 33.9952
26.694 840.6621 33.9939
26.704 840.6793 33.9927
26.714 840.6756 33.9958
26.724 840.6691 33.9964
26.734 840.6541 33.9928
26.744 840.6169 33.9939
26.754 840.6740 33.9950
26.764 840.6354 33.9943
26.774 840.6792 33.9936
26.784 840.6137 33.9952
26.794 840.6836 33.9969
26.804 840.6829 33.9955
26.814 840.6663 33.9960
26.824 840.6795 33.9958
26.834 840.6447 33.9960
26.844 840.6675 33.9956
26.854 840.6504 33.9950
26.864 840.6604 33.9960
26.874 840.6558 33.9947
26.884 840.6730 33.9944
26.894 840.6829 33.9955
26.904 840.6248 33.9939
26.914 840.6531 33.9943
26.924 840.6513 33.9974
26.934 840.6615 33.9966
26.944 840.6818 33.9959
26.954 840.6592 33.9964
26.964 840.6285 33.9958
26.974 840.6607 33.9962
26.984 840.6703 33.9981
26.994 840.6578 33.9967
27.004 840.6681 33.9950
27.014 840.6177 33.9963
27.024 840.6649 33.9963
27.034 840.6316 33.9954
27.044 840.6580 33.9948
27.054 840.6147 33.9958
27.064 840.6743 33.9971
27.074 840.6611 33.9974
27.084 840.6881 33.9971
27.094 840.6675 33.9977
27.104 840.6423 33.9978
27.114 840.6287 33.9959
27.124 840.6512 33.9954
27.134 840.6418 33.9966
27.144 840.6688 33.9963
27.154 840.6640 33.9969
27.164 840.6603 33.9970
27.174 840.6646 33.9982
27.184 840.6702 34.0010
27.194 840.6610 34.0003
27.204 840.6564 33.9970
27.214 840.6504 33.9950
27.224 840.6408 33.9960
27.234 840.6901 33.9962
27.244 840.6882 33.9962
27.254 840.6762 33.9981
27.264 840.6572 33.9974
27.274 840.6384 33.9969
27.284 840.6528 33.9962
27.294 840.6468 33.9951
27.304 840.6017 33.9971
27.314 840.6624 33.9981
27.324 840.6462 33.9978
27.334 840.6644 33.9981
27.344 840.6351 33.9991
27.354 840.6492 33.9983
27.364 840.6608 33.9973
27.374 840.6598 33.9987
27.384 840.6669 33.9983
27.394 840.6395 33.9994
27.404 840.6766 34.0013
27.414 840.6666 34.0002
27.424 840.6629 33.9983
27.434 840.6817 33.9989
27.444 840.6827 33.9994
27.454 840.6452 33.9993
27.464 840.6318 34.0005
27.474 840.6721 33.9990
27.484 840.6292 33.9991
27.494 840.6446 33.9990
27.504 840.6622 33.9979
27.514 840.6510 33.9993
27.524 840.6506 34.0010
27.534 840.6363 34.0007
27.544 840.6474 33.9994
27.554 840.6626 33.9991
27.564 840.6122 33.9985
27.574 840.6686 33.9982
27.584 840.6842 33.9991
27.594 840.6965 33.9994
27.604 840.6078 33.9993
27.614 840.6777 33.9989
27.624 840.6461 33.9987
27.634 840.6529 33.9982
27.644 840.6349 33.9960
27.654 840.6661 33.9979
27.664 840.6542 34.0009
27.674 840.6021 34.0003
27.684 840.6403 33.9998
27.694 840.6246 33.9998
27.704 840.6921 33.9982
27.714 840.6400 33.9977
27.724 840.6530 33.9993
27.734 840.6541 33.9998
27.744 840.6555 33.9995
27.754 840.6652 34.0005
27.764 840.6394 34.0003
27.774 840.6481 34.0007
27.784 840.6449 34.0011
27.794 840.6600 33.9998
27.804 840.6830 34.0015
27.814 840.6497 34.0015
27.824 840.6441 34.0007
27.834 840.6731 34.0025
27.844 840.6476 34.0025
27.854 840.6410 34.0011
27.864 840.6684 34.0021
27.874 840.6694 34.0026
27.884 840.6819 34.0020
27.894 840.6480 34.0017
27.904 840.6220 34.0005
27.914 840.6296 34.0003
27.924 840.6372 34.0002
27.934 840.6630 34.0003
27.944 840.6601 34.0009
27.954 840.6225 34.0007
27.964 840.6680 34.0009
27.974 840.6325 33.9998
27.984 840.6381 33.9997
27.994 840.7082 34.0003
28.004 840.6509 34.0002
28.014 840.6695 33.9997
28.024 840.6470 34.0022
28.034 840.6623 34.0040
28.044 840.6688 34.0033
28.054 840.6493 34.0044
28.064 840.6566 34.0041
28.074 840.6647 34.0022
28.084 840.6499 34.0017
28.094 840.6481 34.0028
28.104 840.6621 34.0029
28.114 840.6733 34.0036
28.124 840.6683 34.0030
28.134 840.6360 34.0006
28.144 840.6519 34.0017
28.154 840.6469 34.0032
28.164 840.6563 34.0020
28.174 840.6384 34.0018
28.184 840.6379 34.0015
28.194 840.6388 34.0010
28.204 840.6372 34.0022
28.214 840.6523 34.0029
28.224 840.6985 34.0034
28.234 840.6392 34.0042
28.244 840.6443 34.0038
28.254 840.6355 34.0024
28.264 840.7044 34.0034
28.274 840.6708 34.0053
28.284 840.6801 34.0050
28.294 840.6425 34.0049
28.304 840.6461 34.0028
28.314 840.6791 34.0015
28.324 840.6176 34.0022
28.334 840.6767 34.0033
28.344 840.6541 34.0038
28.354 840.6266 34.0018
28.364 840.6401 34.0017
28.374 840.6443 34.0038
28.384 840.6134 34.0041
28.394 840.6642 34.0040
28.404 840.6096 34.0032
28.414 840.6438 34.0015
28.424 840.6350 34.0021
28.434 840.6393 34.0033
28.444 840.6362 34.0037
28.454 840.6430 34.0032
28.464 840.6414 34.0024
28.474 840.6231 34.0030
28.484 840.6577 34.0046
28.494 840.6468 34.0041
28.504 840.6661 34.0049
28.514 840.6529 34.0072
28.524 840.6368 34.0060
28.534 840.6645 34.0041
28.544 840.6506 34.0050
28.554 840.6739 34.0049
28.564 840.6408 34.0030
28.574 840.6458 34.0036
28.584 840.6336 34.0044
28.594 840.6607 34.0032
28.604 840.6665 34.0041
28.614 840.6524 34.0069
28.624 840.6844 34.0062
28.634 840.6641 34.0029
28.644 840.6202 34.0036
28.654 840.6322 34.0046
28.664 840.6811 34.0056
28.674 840.6660 34.0058
28.684 840.6529 34.0052
28.694 840.6767 34.0073
28.704 840.6594 34.0065
28.714 840.6554 34.0054
28.724 840.6512 34.0053
28.734 840.6753 34.0056
28.744 840.6537 34.0056
28.754 840.6188 34.0038
28.764 840.6447 34.0030
28.774 840.6565 34.0050
28.784 840.6655 34.0076
28.794 840.6557 34.0076
28.804 840.6406 34.0089
28.814 840.6884 34.0083
28.824 840.6518 34.0066
28.834 840.7043 34.0064
28.844 840.6677 34.0057
28.854 840.6751 34.0045
28.864 840.6448 34.0021
28.874 840.6543 34.0029
28.884 840.6331 34.0061
28.894 840.6572 34.0064
28.904 840.6463 34.0058
28.914 840.6546 34.0070
28.924 840.6651 34.0064
28.934 840.6635 34.0056
28.944 840.6703 34.0070
28.954 840.6683 34.0070
28.964 840.6581 34.0058
28.974 840.6662 34.0040
28.984 840.6447 34.0050
28.994 840.6596 34.0076
29.004 840.6758 34.0058
29.014 840.6768 34.0064
29.024 840.6401 34.0066
29.034 840.6794 34.0057
29.044 840.6869 34.0065
29.054 840.6660 34.0058
29.064 840.6704 34.0061
29.074 840.6617 34.0066
29.084 840.6225 34.0057
29.094 840.6682 34.0060
29.104 840.6349 34.0050
29.114 840.6728 34.0053
29.124 840.6600 34.0068
29.134 840.6790 34.0045
29.144 840.6650 34.0044
29.154 840.6481 34.0077
29.164 840.6652 34.0095
29.174 840.6662 34.0089
29.184 840.6832 34.0076
29.194 840.6759 34.0069
29.204 840.6492 34.0073
29.214 840.6279 34.0075
29.224 840.6271 34.0070
29.234 840.6707 34.0062
29.244 840.6623 34.0060
29.254 840.6484 34.0049
29.264 840.6349 34.0050
29.274 840.6421 34.0057
29.284 840.6535 34.0045
29.294 840.6573 34.0054
29.304 840.6559 34.0057
29.314 840.6353 34.0062
29.324 840.6432 34.0083
29.334 840.6627 34.0072
29.344 840.6611 34.0064
29.354 840.6470 34.0072
29.364 840.6560 34.0068
29.374 840.6897 34.0069
29.384 840.6889 34.0085
29.394 840.6718 34.0088
29.404 840.6509 34.0072
29.414 840.6729 34.0064
29.424 840.6123 34.0065
29.434 840.6589 34.0062
29.444 840.6231 34.0080
29.454 840.6506 34.0100
29.464 840.6397 34.0095
29.474 840.6536 34.0085
29.484 840.6716 34.0077
29.494 840.6652 34.0075
29.504 840.6859 34.0080
29.514 840.6433 34.0103
29.524 840.6367 34.0089
29.534 840.6677 34.0077
29.544 840.6477 34.0085
29.554 840.6487 34.0091
29.564 840.6852 34.0096
29.574 840.6390 34.0081
29.584 840.6656 34.0066
29.594 840.6368 34.0060
29.604 840.6517 34.0076
29.614 840.6305 34.0088
29.624 840.6590 34.0103
29.634 840.6863 34.0092
29.644 840.6523 34.0079
29.654 840.6490 34.0092
29.664 840.6398 34.0085
29.674 840.6542 34.0079
29.684 840.6659 34.0088
29.694 840.6560 34.0097
29.704 840.6514 34.0084
29.714 840.6241 34.0085
29.724 840.6443 34.0108
29.734 840.6688 34.0103
29.744 840.6659 34.0088
29.754 840.6861 34.0091
29.764 840.6681 34.0089
29.774 840.6685 34.0081
29.784 840.6378 34.0095
29.794 840.6663 34.0100
29.804 840.6892 34.0087
29.814 840.6337 34.0084
29.824 840.6235 34.0092
29.834 840.6504 34.0089
29.844 840.6353 34.0092
29.854 840.6519 34.0107
29.864 840.6490 34.0112
29.874 840.6507 34.0111
29.884 840.6476 34.0115
29.894 840.6733 34.0105
29.904 840.6390 34.0081
29.914 840.6165 34.0087
29.924 840.6312 34.0101
29.934 840.6383 34.0097
29.944 840.6660 34.0079
29.954 840.6546 34.0091
29.964 840.6558 34.0107
29.974 840.6363 34.0097
29.984 840.6583 34.0089
29.994 840.6358 34.0095
