% 21-Jul-2025 13:07:30
% Time, s	 Pressure, mBar	 Temperature, degC
0.005 838.7875 33.4575
0.015 838.7893 33.4619
0.025 838.7865 33.4623
0.035 838.7860 33.4620
0.045 838.7765 33.4644
0.055 838.7640 33.4688
0.065 838.7976 33.4729
0.075 838.7687 33.4754
0.085 838.8096 33.4761
0.095 838.7819 33.4783
0.105 838.7882 33.4796
0.115 838.7881 33.4804
0.125 838.7876 33.4811
0.135 838.7745 33.4825
0.145 838.7682 33.4839
0.155 838.8020 33.4855
0.165 838.7583 33.4886
0.174 838.8107 33.4931
0.184 838.8071 33.4949
0.194 838.7960 33.4947
0.204 838.7740 33.4954
0.214 838.8158 33.4947
0.224 838.8170 33.4962
0.234 838.7755 33.4987
0.244 838.8083 33.5007
0.254 838.7936 33.4996
0.264 838.7820 33.4975
0.274 838.7799 33.4991
0.284 838.7812 33.5015
0.294 838.7817 33.5035
0.304 838.8577 33.5055
0.314 838.7754 33.5065
0.324 838.7793 33.5067
0.334 838.7959 33.5060
0.344 838.7829 33.5067
0.354 838.7845 33.5092
0.364 838.8107 33.5097
0.374 838.8008 33.5101
0.384 838.7897 33.5117
0.394 838.8226 33.5102
0.404 838.8044 33.5101
0.414 838.8312 33.5135
0.424 838.7982 33.5141
0.434 838.7873 33.5131
0.444 838.7868 33.5155
0.454 838.8056 33.5177
0.464 838.7755 33.5170
0.474 838.8117 33.5171
0.484 838.7774 33.5179
0.494 838.7868 33.5155
0.504 838.7888 33.5147
0.514 838.7918 33.5179
0.524 838.7782 33.5200
0.534 838.7952 33.5187
0.544 838.8060 33.5170
0.554 838.8047 33.5190
0.564 838.8140 33.5218
0.574 838.7759 33.5224
0.584 838.7783 33.5210
0.594 838.8091 33.5194
0.604 838.7721 33.5188
0.614 838.8139 33.5208
0.624 838.8026 33.5206
0.634 838.8074 33.5203
0.644 838.8192 33.5216
0.654 838.7907 33.5218
0.664 838.8135 33.5215
0.674 838.7972 33.5223
0.684 838.7707 33.5243
0.694 838.7657 33.5253
0.704 838.7900 33.5267
0.714 838.7989 33.5257
0.724 838.8162 33.5263
0.734 838.8177 33.5261
0.744 838.7702 33.5257
0.754 838.7814 33.5251
0.764 838.7883 33.5249
0.774 838.7734 33.5273
0.784 838.8071 33.5280
0.794 838.7806 33.5273
0.804 838.8386 33.5276
0.814 838.8199 33.5272
0.824 838.8135 33.5276
0.834 838.8017 33.5297
0.844 838.8272 33.5281
0.854 838.8342 33.5272
0.864 838.7793 33.5267
0.874 838.8092 33.5281
0.884 838.8136 33.5302
0.894 838.8307 33.5316
0.904 838.7894 33.5298
0.914 838.7778 33.5277
0.924 838.8017 33.5280
0.934 838.7799 33.5279
0.944 838.7941 33.5304
0.954 838.8004 33.5317
0.964 838.8140 33.5313
0.974 838.8082 33.5302
0.984 838.8046 33.5320
0.994 838.7928 33.5324
1.004 838.8447 33.5305
1.014 838.7891 33.5297
1.024 838.7867 33.5312
1.034 838.8074 33.5325
1.044 838.8245 33.5312
1.054 838.8108 33.5306
1.064 838.8025 33.5318
1.074 838.8182 33.5325
1.084 838.7945 33.5314
1.094 838.7703 33.5310
1.104 838.7796 33.5312
1.114 838.8250 33.5314
1.124 838.8042 33.5336
1.134 838.8304 33.5332
1.144 838.7960 33.5313
1.154 838.8208 33.5329
1.164 838.7840 33.5342
1.174 838.7967 33.5351
1.184 838.8049 33.5347
1.194 838.7774 33.5345
1.204 838.8283 33.5330
1.214 838.7920 33.5320
1.224 838.7897 33.5343
1.234 838.8273 33.5351
1.244 838.8118 33.5346
1.254 838.8150 33.5336
1.264 838.7892 33.5341
1.274 838.8020 33.5359
1.284 838.8035 33.5341
1.294 838.8015 33.5322
1.304 838.8030 33.5338
1.314 838.8338 33.5357
1.324 838.8438 33.5362
1.334 838.7890 33.5366
1.344 838.7963 33.5358
1.354 838.8078 33.5353
1.364 838.8039 33.5369
1.374 838.8124 33.5375
1.384 838.8070 33.5349
1.394 838.7870 33.5330
1.404 838.8101 33.5355
1.414 838.8080 33.5371
1.424 838.8014 33.5374
1.434 838.7880 33.5370
1.444 838.8009 33.5354
1.454 838.7941 33.5365
1.464 838.8010 33.5363
1.474 838.7957 33.5373
1.484 838.8185 33.5387
1.494 838.8153 33.5381
1.504 838.8215 33.5358
1.514 838.8006 33.5353
1.524 838.7957 33.5390
1.534 838.7986 33.5395
1.544 838.8182 33.5386
1.554 838.8395 33.5385
1.564 838.7909 33.5375
1.574 838.8083 33.5373
1.584 838.7704 33.5381
1.594 838.7975 33.5390
1.604 838.7837 33.5375
1.614 838.7899 33.5379
1.624 838.7671 33.5382
1.634 838.7896 33.5378
1.644 838.8035 33.5402
1.654 838.8060 33.5396
1.664 838.7984 33.5403
1.674 838.8063 33.5415
1.684 838.8424 33.5390
1.694 838.8058 33.5378
1.704 838.7869 33.5365
1.714 838.7934 33.5370
1.724 838.8375 33.5410
1.734 838.8015 33.5400
1.744 838.7800 33.5366
1.754 838.8051 33.5383
1.764 838.8159 33.5410
1.774 838.8255 33.5395
1.784 838.8106 33.5392
1.794 838.7919 33.5398
1.804 838.7997 33.5383
1.814 838.8133 33.5379
1.824 838.8090 33.5367
1.834 838.7798 33.5374
1.844 838.7856 33.5385
1.854 838.8161 33.5402
1.864 838.8255 33.5412
1.874 838.8458 33.5398
1.884 838.8335 33.5416
1.894 838.8153 33.5398
1.904 838.7779 33.5382
1.914 838.7896 33.5395
1.924 838.7847 33.5398
1.934 838.7969 33.5404
1.944 838.8119 33.5434
1.954 838.7922 33.5416
1.964 838.8143 33.5385
1.974 838.8001 33.5411
1.984 838.8097 33.5423
1.994 838.8207 33.5424
2.004 838.7960 33.5418
2.014 838.7864 33.5406
2.024 838.7984 33.5403
2.034 838.7962 33.5392
2.044 838.8113 33.5387
2.054 838.8253 33.5420
2.064 838.8310 33.5422
2.074 838.8088 33.5392
2.084 838.8113 33.5387
2.094 838.7661 33.5403
2.104 838.8002 33.5403
2.114 838.8103 33.5391
2.124 838.7690 33.5408
2.134 838.7796 33.5416
2.144 838.7926 33.5392
2.154 838.7654 33.5408
2.164 838.7948 33.5420
2.174 838.8086 33.5400
2.184 838.8088 33.5410
2.194 838.7888 33.5391
2.204 838.8375 33.5392
2.214 838.7945 33.5402
2.224 838.8077 33.5404
2.234 838.8423 33.5424
2.244 838.8100 33.5407
2.254 838.7762 33.5408
2.264 838.8283 33.5435
2.274 838.8106 33.5436
2.284 838.7948 33.5420
2.294 838.8345 33.5439
2.304 838.8116 33.5449
2.314 838.8084 33.5426
2.324 838.8132 33.5414
2.334 838.8186 33.5414
2.344 838.8155 33.5416
2.354 838.8035 33.5419
2.364 838.8225 33.5424
2.374 838.8109 33.5420
2.384 838.8052 33.5410
2.394 838.8189 33.5398
2.404 838.8013 33.5391
2.414 838.8042 33.5414
2.424 838.8171 33.5441
2.434 838.7924 33.5435
2.444 838.8106 33.5436
2.454 838.7906 33.5452
2.464 838.8232 33.5436
2.474 838.7758 33.5424
2.484 838.7931 33.5430
2.494 838.8270 33.5411
2.504 838.8097 33.5423
2.514 838.8130 33.5439
2.524 838.7902 33.5441
2.534 838.8213 33.5427
2.544 838.7972 33.5406
2.554 838.8460 33.5434
2.564 838.7994 33.5460
2.574 838.8223 33.5449
2.584 838.7956 33.5424
2.594 838.8204 33.5414
2.604 838.8130 33.5422
2.614 838.8174 33.5443
2.624 838.8040 33.5439
2.634 838.8271 33.5438
2.644 838.8213 33.5444
2.654 838.8328 33.5422
2.664 838.7951 33.5404
2.674 838.8166 33.5422
2.684 838.7995 33.5452
2.694 838.8195 33.5444
2.704 838.8131 33.5404
2.714 838.8259 33.5406
2.724 838.8094 33.5422
2.734 838.8318 33.5426
2.744 838.7902 33.5441
2.754 838.8203 33.5448
2.764 838.8116 33.5449
2.774 838.7931 33.5430
2.784 838.8031 33.5426
2.794 838.8256 33.5439
2.804 838.7708 33.5435
2.814 838.8366 33.5440
2.824 838.8055 33.5455
2.834 838.8186 33.5440
2.844 838.8050 33.5435
2.854 838.7927 33.5436
2.864 838.8158 33.5418
2.874 838.8075 33.5430
2.884 838.8165 33.5456
2.894 838.8027 33.5459
2.904 838.8263 33.5434
2.914 838.7947 33.5438
2.924 838.7901 33.5432
2.934 838.8002 33.5420
2.944 838.8157 33.5435
2.954 838.8236 33.5447
2.964 838.7852 33.5452
2.974 838.8088 33.5436
2.984 838.8005 33.5448
2.994 838.7951 33.5448
3.004 838.7851 33.5426
3.014 838.8189 33.5441
3.024 838.7852 33.5452
3.034 838.8123 33.5444
3.044 838.8146 33.5447
3.054 838.8044 33.5449
3.064 838.8298 33.5451
3.074 838.8044 33.5449
3.084 838.8062 33.5432
3.094 838.8011 33.5434
3.104 838.8174 33.5443
3.114 838.8283 33.5452
3.124 838.8171 33.5459
3.134 838.8326 33.5447
3.144 838.8159 33.5444
3.154 838.8197 33.5463
3.164 838.8209 33.5477
3.174 838.8236 33.5464
3.184 838.8087 33.5444
3.194 838.8447 33.5453
3.204 838.8298 33.5468
3.214 838.8209 33.5460
3.224 838.8323 33.5445
3.234 838.8271 33.5438
3.244 838.7942 33.5452
3.254 838.7963 33.5463
3.264 838.7993 33.5451
3.274 838.8108 33.5445
3.284 838.8251 33.5463
3.294 838.8143 33.5463
3.304 838.7907 33.5444
3.314 838.8131 33.5448
3.324 838.7834 33.5452
3.334 838.8054 33.5445
3.344 838.8359 33.5463
3.354 838.8238 33.5483
3.364 838.8082 33.5468
3.374 838.8037 33.5455
3.384 838.8164 33.5464
3.394 838.7880 33.5475
3.404 838.7901 33.5476
3.414 838.7995 33.5469
3.424 838.8222 33.5475
3.434 838.7909 33.5480
3.444 838.7999 33.5463
3.454 838.7992 33.5468
3.464 838.8318 33.5469
3.474 838.8126 33.5472
3.484 838.8375 33.5471
3.494 838.8101 33.5477
3.504 838.8087 33.5488
3.514 838.8220 33.5483
3.524 838.8330 33.5501
3.534 838.8096 33.5475
3.544 838.8041 33.5448
3.554 838.8067 33.5469
3.564 838.7918 33.5467
3.574 838.8247 33.5469
3.584 838.8161 33.5480
3.594 838.7852 33.5479
3.604 838.8084 33.5487
3.614 838.8232 33.5480
3.624 838.8023 33.5465
3.634 838.7984 33.5464
3.644 838.8360 33.5472
3.654 838.8256 33.5465
3.664 838.8041 33.5465
3.674 838.8296 33.5476
3.684 838.8216 33.5489
3.694 838.8378 33.5498
3.704 838.8253 33.5481
3.714 838.8201 33.5473
3.724 838.8098 33.5493
3.734 838.8198 33.5489
3.744 838.8313 33.5467
3.754 838.8234 33.5472
3.764 838.8004 33.5483
3.774 838.8100 33.5485
3.784 838.7974 33.5485
3.794 838.8228 33.5487
3.804 838.8108 33.5489
3.814 838.8022 33.5483
3.824 838.8231 33.5488
3.834 838.7985 33.5491
3.844 838.8384 33.5484
3.854 838.7963 33.5480
3.864 838.7961 33.5488
3.874 838.8046 33.5485
3.884 838.7777 33.5468
3.894 838.8168 33.5475
3.904 838.8021 33.5491
3.914 838.8090 33.5472
3.924 838.7942 33.5452
3.934 838.8127 33.5481
3.944 838.8180 33.5489
3.954 838.8122 33.5479
3.964 838.8095 33.5492
3.974 838.8385 33.5510
3.984 838.8149 33.5492
3.994 838.8234 33.5472
4.004 838.8036 33.5472
4.014 838.8052 33.5471
4.024 838.8175 33.5496
4.034 838.7884 33.5502
4.044 838.8034 33.5497
4.054 838.8286 33.5497
4.064 838.7923 33.5469
4.074 838.7787 33.5447
4.084 838.7845 33.5457
4.094 838.7982 33.5489
4.104 838.7920 33.5485
4.114 838.8125 33.5463
4.124 838.8187 33.5484
4.134 838.8162 33.5489
4.144 838.7986 33.5483
4.154 838.8180 33.5489
4.164 838.7958 33.5477
4.174 838.7879 33.5465
4.184 838.8256 33.5465
4.194 838.7924 33.5479
4.204 838.8065 33.5494
4.214 838.8387 33.5502
4.224 838.8218 33.5508
4.234 838.8129 33.5491
4.244 838.8016 33.5471
4.254 838.7933 33.5483
4.264 838.7883 33.5493
4.274 838.8107 33.5480
4.284 838.7963 33.5480
4.294 838.8094 33.5483
4.304 838.8014 33.5496
4.314 838.8016 33.5497
4.324 838.8062 33.5493
4.334 838.7929 33.5498
4.344 838.8081 33.5476
4.354 838.7861 33.5483
4.364 838.8193 33.5496
4.374 838.7989 33.5484
4.384 838.7996 33.5479
4.394 838.8010 33.5468
4.404 838.8053 33.5463
4.414 838.8224 33.5476
4.424 838.8141 33.5488
4.434 838.7996 33.5496
4.444 838.7975 33.5494
4.454 838.7906 33.5496
4.464 838.8250 33.5497
4.474 838.8094 33.5483
4.484 838.7915 33.5483
4.494 838.7920 33.5502
4.504 838.7917 33.5501
4.514 838.8273 33.5500
4.524 838.8025 33.5501
4.534 838.8307 33.5498
4.544 838.8432 33.5498
4.554 838.8174 33.5504
4.564 838.8233 33.5506
4.574 838.7928 33.5489
4.584 838.7918 33.5493
4.594 838.8061 33.5501
4.604 838.8227 33.5494
4.614 838.8297 33.5502
4.624 838.8184 33.5500
4.634 838.7763 33.5479
4.644 838.7939 33.5494
4.654 838.8016 33.5514
4.664 838.8089 33.5506
4.674 838.7997 33.5522
4.684 838.8346 33.5526
4.694 838.7969 33.5509
4.704 838.8193 33.5513
4.714 838.8036 33.5506
4.724 838.8005 33.5509
4.734 838.7949 33.5508
4.744 838.8114 33.5501
4.754 838.8070 33.5497
4.764 838.8002 33.5481
4.774 838.8073 33.5481
4.784 838.8098 33.5493
4.794 838.8139 33.5496
4.804 838.8054 33.5506
4.814 838.7949 33.5508
4.824 838.8008 33.5510
4.834 838.7906 33.5513
4.844 838.7859 33.5508
4.854 838.8060 33.5518
4.864 838.8074 33.5508
4.874 838.8210 33.5504
4.884 838.8045 33.5520
4.894 838.8197 33.5524
4.904 838.8096 33.5518
4.914 838.8197 33.5524
4.924 838.8146 33.5508
4.934 838.8342 33.5516
4.944 838.7736 33.5536
4.954 838.8273 33.5517
4.964 838.7949 33.5508
4.974 838.8029 33.5494
4.984 838.8364 33.5509
4.994 838.8039 33.5517
5.004 838.7774 33.5510
5.014 838.8092 33.5508
5.024 838.8225 33.5502
5.034 838.8034 33.5497
5.044 838.8016 33.5497
5.054 838.8134 33.5510
5.064 838.8024 33.5518
5.074 838.8274 33.5526
5.084 838.7813 33.5512
5.094 838.8151 33.5528
5.104 838.7849 33.5529
5.114 838.8178 33.5514
5.124 838.7933 33.5526
5.134 838.8084 33.5521
5.144 838.7897 33.5526
5.154 838.8242 33.5537
5.164 838.8032 33.5522
5.174 838.8186 33.5518
5.184 838.7930 33.5525
5.194 838.8271 33.5525
5.204 838.8072 33.5550
5.214 838.8169 33.5545
5.224 838.8152 33.5537
5.234 838.8274 33.5544
5.244 838.8100 33.5529
5.254 838.8213 33.5532
5.264 838.7902 33.5529
5.274 838.8150 33.5536
5.284 838.8184 33.5544
5.294 838.8278 33.5537
5.304 838.7788 33.5534
5.314 838.7956 33.5529
5.324 838.7868 33.5521
5.334 838.8078 33.5518
5.344 838.7766 33.5524
5.354 838.8077 33.5526
5.364 838.7746 33.5532
5.374 838.8219 33.5534
5.384 838.8111 33.5534
5.394 838.8322 33.5541
5.404 838.8120 33.5547
5.414 838.8075 33.5534
5.424 838.8054 33.5533
5.434 838.8048 33.5547
5.444 838.8010 33.5546
5.454 838.8235 33.5542
5.464 838.8125 33.5541
5.474 838.7677 33.5516
5.484 838.7831 33.5512
5.494 838.7998 33.5532
5.504 838.8057 33.5534
5.514 838.8144 33.5533
5.524 838.7992 33.5529
5.534 838.8017 33.5541
5.544 838.8018 33.5550
5.554 838.8287 33.5550
5.564 838.8188 33.5537
5.574 838.7945 33.5524
5.584 838.7832 33.5538
5.594 838.8229 33.5557
5.604 838.8172 33.5573
5.614 838.7973 33.5563
5.624 838.8282 33.5547
5.634 838.7992 33.5546
5.644 838.8287 33.5550
5.654 838.8215 33.5567
5.664 838.8251 33.5567
5.674 838.7950 33.5561
5.684 838.8106 33.5558
5.694 838.8093 33.5551
5.704 838.8003 33.5551
5.714 838.8022 33.5544
5.724 838.7999 33.5524
5.734 838.7897 33.5526
5.744 838.8219 33.5561
5.754 838.8198 33.5550
5.764 838.8097 33.5528
5.774 838.8068 33.5540
5.784 838.8310 33.5544
5.794 838.8412 33.5541
5.804 838.8111 33.5534
5.814 838.8449 33.5550
5.824 838.8325 33.5559
5.834 838.8162 33.5533
5.844 838.8175 33.5530
5.854 838.7873 33.5558
5.864 838.8241 33.5571
5.874 838.8095 33.5553
5.884 838.8028 33.5546
5.894 838.7982 33.5550
5.904 838.7862 33.5536
5.914 838.8013 33.5530
5.924 838.8311 33.5536
5.934 838.7868 33.5538
5.944 838.9107 33.5555
5.954 839.7515 33.5565
5.964 840.0723 33.5561
5.974 838.7691 33.5540
5.984 838.5957 33.5526
5.994 838.8427 33.5557
6.004 838.7301 33.5559
6.014 838.7530 33.5549
6.024 838.6585 33.5561
6.034 838.8455 33.5553
6.044 839.1869 33.5545
6.054 838.3303 33.5546
6.064 838.6918 33.5557
6.074 838.6955 33.5566
6.084 838.1587 33.5550
6.094 838.2485 33.5567
6.104 838.0323 33.5582
6.114 837.8507 33.5573
6.124 837.8026 33.5583
6.134 837.5071 33.5570
6.144 837.6392 33.5566
6.154 837.6917 33.5577
6.164 837.7003 33.5566
6.174 837.6814 33.5553
6.184 837.6454 33.5553
6.194 837.6511 33.5554
6.204 837.6164 33.5551
6.214 837.6308 33.5569
6.224 837.6211 33.5574
6.234 837.6165 33.5578
6.244 837.6267 33.5575
6.254 837.6600 33.5571
6.264 837.6133 33.5571
6.274 837.6356 33.5566
6.284 837.6403 33.5554
6.294 837.6623 33.5565
6.304 837.6374 33.5583
6.314 837.6307 33.5586
6.324 837.6005 33.5570
6.334 837.6040 33.5544
6.344 837.5906 33.5557
6.354 837.5603 33.5575
6.364 837.5470 33.5563
6.374 837.5346 33.5573
6.384 837.5353 33.5594
6.394 837.5062 33.5583
6.404 837.4654 33.5559
6.414 837.4581 33.5550
6.424 837.4476 33.5551
6.434 837.4564 33.5559
6.444 837.4461 33.5579
6.454 837.4837 33.5570
6.464 837.4745 33.5551
6.474 837.4764 33.5561
6.484 837.4811 33.5566
6.494 837.5083 33.5585
6.504 837.4874 33.5596
6.514 837.4498 33.5589
6.524 837.4951 33.5599
6.534 837.4708 33.5603
6.544 837.4397 33.5583
6.554 837.4394 33.5573
6.564 837.4506 33.5593
6.574 837.4586 33.5570
6.584 837.4434 33.5566
6.594 837.4426 33.5589
6.604 837.4620 33.5578
6.614 837.5241 33.5574
6.624 837.5248 33.5569
6.634 837.5901 33.5581
6.644 837.5824 33.5578
6.654 837.5967 33.5551
6.664 837.6011 33.5555
6.674 837.6297 33.5563
6.684 837.6165 33.5561
6.694 837.5890 33.5575
6.704 837.6162 33.5594
6.714 837.6229 33.5600
6.724 837.6190 33.5590
6.734 837.6108 33.5577
6.744 837.5949 33.5578
6.754 837.5959 33.5591
6.764 837.5872 33.5593
6.774 837.5890 33.5593
6.784 837.5542 33.5581
6.794 837.5400 33.5573
6.804 837.5902 33.5590
6.814 837.5949 33.5595
6.824 837.5985 33.5595
6.834 837.5865 33.5581
6.844 837.5921 33.5573
6.854 837.6096 33.5579
6.864 837.5808 33.5579
6.874 837.5908 33.5575
6.884 837.5861 33.5587
6.894 837.6245 33.5599
6.904 837.6290 33.5595
6.914 837.6449 33.5594
6.924 837.6089 33.5585
6.934 837.5933 33.5587
6.944 837.6515 33.5608
6.954 837.6159 33.5610
6.964 837.6238 33.5587
6.974 837.6245 33.5582
6.984 837.6224 33.5598
6.994 837.6189 33.5607
7.004 837.6343 33.5586
7.014 837.5909 33.5558
7.024 837.6082 33.5590
7.034 837.6244 33.5616
7.044 837.6090 33.5594
7.054 837.5919 33.5581
7.064 837.5885 33.5555
7.074 837.5944 33.5558
7.084 837.6180 33.5594
7.094 837.6090 33.5594
7.104 837.5811 33.5581
7.114 837.5725 33.5608
7.124 837.6136 33.5616
7.134 837.5443 33.5594
7.144 837.5512 33.5593
7.154 837.5758 33.5607
7.164 837.5864 33.5615
7.174 837.5639 33.5602
7.184 837.5473 33.5608
7.194 837.5671 33.5608
7.204 837.5685 33.5598
7.214 837.6101 33.5599
7.224 837.5357 33.5604
7.234 837.5693 33.5602
7.244 837.5637 33.5583
7.254 837.5819 33.5585
7.264 837.5837 33.5585
7.274 837.5714 33.5586
7.284 837.5873 33.5585
7.294 837.5690 33.5600
7.304 837.5783 33.5619
7.314 837.5537 33.5604
7.324 837.5708 33.5618
7.334 837.5612 33.5606
7.344 837.5908 33.5593
7.354 837.5644 33.5595
7.364 837.5938 33.5590
7.374 837.5624 33.5603
7.384 837.5655 33.5627
7.394 837.5702 33.5632
7.404 837.5946 33.5611
7.414 837.5996 33.5600
7.424 837.5864 33.5615
7.434 837.5875 33.5620
7.444 837.5898 33.5596
7.454 837.5726 33.5600
7.464 837.6078 33.5623
7.474 837.5949 33.5612
7.484 837.6342 33.5620
7.494 837.6265 33.5618
7.504 837.6533 33.5608
7.514 837.6476 33.5624
7.524 837.6686 33.5622
7.534 837.6636 33.5632
7.544 837.6628 33.5628
7.554 837.6787 33.5627
7.564 837.6596 33.5639
7.574 837.6558 33.5620
7.584 837.6511 33.5598
7.594 837.6411 33.5593
7.604 837.6757 33.5595
7.614 837.6687 33.5604
7.624 837.7066 33.5623
7.634 837.7047 33.5631
7.644 837.7006 33.5611
7.654 837.7007 33.5620
7.664 837.6926 33.5651
7.674 837.6889 33.5642
7.684 837.6794 33.5622
7.694 837.7279 33.5604
7.704 837.6868 33.5596
7.714 837.6933 33.5602
7.724 837.7410 33.5624
7.734 837.7215 33.5643
7.744 837.7163 33.5618
7.754 837.7539 33.5608
7.764 837.7395 33.5626
7.774 837.7414 33.5635
7.784 837.7583 33.5630
7.794 837.7535 33.5615
7.804 837.7652 33.5628
7.814 837.7582 33.5647
7.824 837.7598 33.5646
7.834 837.7514 33.5631
7.844 837.7919 33.5627
7.854 837.7690 33.5647
7.864 837.7939 33.5646
7.874 837.7938 33.5636
7.884 837.8032 33.5630
7.894 837.7896 33.5634
7.904 837.8014 33.5630
7.914 837.7859 33.5598
7.924 837.7931 33.5598
7.934 837.8159 33.5622
7.944 837.8301 33.5647
7.954 837.8218 33.5642
7.964 837.8317 33.5628
7.974 837.8375 33.5622
7.984 837.8208 33.5619
7.994 837.8312 33.5652
8.004 837.8670 33.5660
8.014 837.8561 33.5634
8.024 837.8354 33.5620
8.034 837.8681 33.5631
8.044 837.8693 33.5646
8.054 837.8763 33.5644
8.064 837.8845 33.5649
8.074 837.9036 33.5655
8.084 837.8940 33.5643
8.094 837.9108 33.5638
8.104 837.9045 33.5642
8.114 837.9100 33.5634
8.124 837.9123 33.5610
8.134 837.8783 33.5602
8.144 837.9226 33.5616
8.154 837.9116 33.5615
8.164 837.9313 33.5615
8.174 837.9742 33.5614
8.184 837.9593 33.5611
8.194 837.9439 33.5615
8.204 837.9780 33.5632
8.214 837.9966 33.5644
8.224 838.0153 33.5639
8.234 838.0077 33.5646
8.244 837.9961 33.5642
8.254 838.0255 33.5636
8.264 837.9980 33.5634
8.274 838.0129 33.5636
8.284 838.0109 33.5635
8.294 838.0155 33.5631
8.304 838.0305 33.5643
8.314 838.0382 33.5646
8.324 838.0077 33.5646
8.334 838.0523 33.5661
8.344 838.1013 33.5664
8.354 838.0655 33.5656
8.364 838.0447 33.5651
8.374 838.0778 33.5628
8.384 838.0824 33.5624
8.394 838.0816 33.5630
8.404 838.1113 33.5616
8.414 838.0942 33.5630
8.424 838.1232 33.5648
8.434 838.1601 33.5644
8.444 838.1539 33.5640
8.454 838.1475 33.5644
8.464 838.1463 33.5647
8.474 838.1514 33.5646
8.484 838.1573 33.5648
8.494 838.1801 33.5646
8.504 838.2025 33.5649
8.514 838.1906 33.5644
8.524 838.1942 33.5644
8.534 838.1906 33.5644
8.544 838.2046 33.5634
8.554 838.2617 33.5640
8.564 838.2413 33.5655
8.574 838.2364 33.5675
8.584 838.2558 33.5664
8.594 838.2545 33.5657
8.604 838.2914 33.5653
8.614 838.2866 33.5639
8.624 838.2632 33.5656
8.634 838.2876 33.5661
8.644 838.3113 33.5672
8.654 838.3174 33.5667
8.664 838.3346 33.5646
8.674 838.3273 33.5636
8.684 838.3851 33.5638
8.694 838.3679 33.5659
8.704 838.4139 33.5664
8.714 838.3853 33.5656
8.724 838.4002 33.5676
8.734 838.4251 33.5675
8.744 838.4241 33.5661
8.754 838.4558 33.5667
8.764 838.4364 33.5677
8.774 838.4495 33.5697
8.784 838.4604 33.5689
8.794 838.4808 33.5675
8.804 838.4878 33.5665
8.814 838.4690 33.5679
8.824 838.5196 33.5680
8.834 838.4939 33.5660
8.844 838.4978 33.5661
8.854 838.5158 33.5661
8.864 838.5210 33.5652
8.874 838.5497 33.5643
8.884 838.5429 33.5653
8.894 838.5572 33.5671
8.904 838.5251 33.5672
8.914 838.6121 33.5667
8.924 838.5036 33.5655
8.934 839.1894 33.5661
8.944 838.6451 33.5661
8.954 839.2213 33.5668
8.964 840.1473 33.5672
8.974 839.9383 33.5660
8.984 840.4461 33.5614
9.044 833.4879 33.5614
9.054 836.8008 33.5668
9.064 838.3283 33.5691
9.074 838.6867 33.5681
9.084 838.7968 33.5653
9.094 838.8002 33.5655
9.104 838.7955 33.5630
9.114 838.8098 33.5632
9.124 838.8521 33.5646
9.134 838.8144 33.5639
9.144 838.8098 33.5647
9.154 838.8727 33.5642
9.164 838.8227 33.5632
9.174 838.8741 33.5655
9.184 838.8578 33.5655
9.194 838.8447 33.5632
9.204 838.8856 33.5642
9.214 838.8640 33.5643
9.224 838.8434 33.5648
9.234 838.8636 33.5656
9.244 838.8458 33.5653
9.254 838.8652 33.5660
9.264 838.8512 33.5677
9.274 838.8613 33.5673
9.284 838.8387 33.5649
9.294 838.8542 33.5642
9.304 838.8244 33.5657
9.314 838.8618 33.5642
9.324 838.8643 33.5647
9.334 838.8749 33.5668
9.344 838.8927 33.5656
9.354 838.8666 33.5651
9.364 838.8378 33.5649
9.374 838.8422 33.5644
9.384 838.8659 33.5652
9.394 838.8883 33.5677
9.404 838.8612 33.5664
9.414 838.8601 33.5655
9.424 838.8308 33.5659
9.434 838.8494 33.5669
9.444 838.8722 33.5673
9.454 838.8416 33.5681
9.464 838.8375 33.5676
9.474 838.8528 33.5656
9.484 838.8438 33.5659
9.494 838.8962 33.5656
9.504 838.8729 33.5656
9.514 838.8816 33.5653
9.524 838.8533 33.5649
9.534 838.8704 33.5649
9.544 838.8583 33.5651
9.554 838.8708 33.5634
9.564 838.8895 33.5649
9.574 838.8753 33.5669
9.584 838.8889 33.5656
9.594 838.8800 33.5659
9.604 838.8721 33.5649
9.614 838.9059 33.5644
9.624 838.8903 33.5663
9.634 838.8506 33.5659
9.644 838.9191 33.5624
9.654 838.8635 33.5630
9.664 838.8738 33.5663
9.674 838.8644 33.5648
9.684 838.8918 33.5639
9.694 838.9189 33.5657
9.704 838.9152 33.5657
9.714 838.9102 33.5647
9.724 839.1129 33.5653
9.734 838.9245 33.5664
9.744 838.6990 33.5656
9.754 838.7900 33.5647
9.764 838.8064 33.5657
9.774 838.8442 33.5656
9.784 838.9132 33.5657
9.794 838.8801 33.5661
9.804 838.9038 33.5649
9.814 838.8845 33.5668
9.824 838.9173 33.5677
9.834 838.8772 33.5672
9.844 838.9244 33.5677
9.854 838.8929 33.5661
9.864 838.8854 33.5655
9.874 838.9377 33.5675
9.884 838.9212 33.5672
9.894 838.8915 33.5665
9.904 838.8798 33.5652
9.914 838.9055 33.5668
9.924 838.9374 33.5687
9.934 838.9114 33.5659
9.944 838.8695 33.5646
9.954 838.9013 33.5632
9.964 838.9143 33.5635
9.974 838.9186 33.5659
9.984 838.8858 33.5655
9.994 838.9268 33.5652
10.004 838.9212 33.5667
10.014 838.8860 33.5677
10.024 838.9320 33.5672
10.034 838.9332 33.5679
10.044 838.9318 33.5695
10.054 838.8885 33.5676
10.064 838.8895 33.5653
10.074 838.8841 33.5659
10.084 838.9124 33.5673
10.094 838.9332 33.5667
10.104 838.8813 33.5648
10.114 838.8968 33.5644
10.124 838.8804 33.5644
10.134 838.8959 33.5651
10.144 838.8950 33.5673
10.154 838.8923 33.5665
10.164 838.8991 33.5653
10.174 838.8754 33.5661
10.184 838.9097 33.5667
10.194 838.8975 33.5680
10.204 838.9040 33.5684
10.214 838.8971 33.5673
10.224 838.9153 33.5672
10.234 838.9260 33.5681
10.244 838.9123 33.5675
10.254 838.8952 33.5680
10.264 838.9127 33.5699
10.274 838.9013 33.5700
10.284 838.9433 33.5691
10.294 838.8950 33.5685
10.304 838.9133 33.5689
10.314 838.9027 33.5696
10.324 838.8882 33.5684
10.334 838.9125 33.5679
10.344 838.9247 33.5680
10.354 838.8988 33.5681
10.364 838.9093 33.5673
10.374 838.9149 33.5664
10.384 838.9195 33.5677
10.394 838.8860 33.5693
10.404 838.8911 33.5716
10.414 838.9152 33.5714
10.424 838.9093 33.5689
10.434 838.8901 33.5702
10.444 838.9171 33.5714
10.454 838.9187 33.5696
10.464 838.9096 33.5691
10.474 838.9101 33.5671
10.484 838.8938 33.5673
10.494 838.9031 33.5683
10.504 838.9280 33.5681
10.514 838.8989 33.5699
10.524 838.9148 33.5692
10.534 838.9205 33.5683
10.544 838.9214 33.5684
10.554 838.9152 33.5692
10.564 838.8765 33.5699
10.574 838.9214 33.5697
10.584 838.8817 33.5708
10.594 838.8842 33.5712
10.604 838.8957 33.5708
10.614 838.9073 33.5695
10.624 838.8931 33.5695
10.634 838.9085 33.5702
10.644 838.9094 33.5697
10.654 838.9095 33.5709
10.664 838.9204 33.5713
10.674 838.9161 33.5688
10.684 838.9174 33.5710
10.694 838.8957 33.5741
10.704 838.9071 33.5724
10.714 838.9058 33.5699
10.724 838.9275 33.5704
10.734 838.9350 33.5701
10.744 838.8972 33.5692
10.754 838.9012 33.5704
10.764 838.9183 33.5697
10.774 838.9238 33.5706
10.784 838.9039 33.5691
10.794 838.8938 33.5691
10.804 838.9046 33.5718
10.814 838.9048 33.5714
10.824 838.9273 33.5724
10.834 838.9005 33.5714
10.844 838.9220 33.5700
10.854 838.9184 33.5709
10.864 838.8622 33.5718
10.874 838.9138 33.5714
10.884 838.8895 33.5706
10.894 838.9035 33.5697
10.904 838.8981 33.5680
10.914 838.8941 33.5677
10.924 838.9073 33.5701
10.934 838.8788 33.5705
10.944 838.9107 33.5721
10.954 838.9184 33.5738
10.964 838.9280 33.5710
10.974 838.9005 33.5696
10.984 838.8695 33.5714
10.994 838.8699 33.5721
11.004 838.8961 33.5724
11.014 838.8966 33.5709
11.024 838.9034 33.5706
11.034 838.9168 33.5730
11.044 838.8963 33.5724
11.054 838.9045 33.5720
11.064 838.9081 33.5705
11.074 838.9305 33.5695
11.084 838.9023 33.5716
11.094 838.9002 33.5738
11.104 838.8950 33.5734
11.114 838.9156 33.5717
11.124 838.9038 33.5704
11.134 838.8932 33.5724
11.144 838.8763 33.5740
11.154 838.8987 33.5741
11.164 838.9139 33.5745
11.174 838.8784 33.5722
11.184 838.8965 33.5714
11.194 838.9147 33.5720
11.204 838.9560 33.5724
11.214 838.9332 33.5728
11.224 838.9195 33.5721
11.234 838.8900 33.5713
11.244 838.8748 33.5714
11.254 838.8986 33.5732
11.264 838.9154 33.5734
11.274 838.9058 33.5729
11.284 838.9083 33.5725
11.294 838.9224 33.5704
11.304 838.9010 33.5697
11.314 838.8974 33.5726
11.324 838.8944 33.5741
11.334 838.9093 33.5753
11.344 838.9071 33.5752
11.354 838.9061 33.5726
11.364 838.9027 33.5726
11.374 838.8855 33.5729
11.384 838.8731 33.5714
11.394 838.8970 33.5721
11.404 838.9075 33.5725
11.414 838.9015 33.5734
11.424 838.9170 33.5738
11.434 838.9163 33.5713
11.444 838.9351 33.5716
11.454 838.9123 33.5732
11.464 838.9027 33.5746
11.474 838.9058 33.5734
11.484 838.8760 33.5740
11.494 838.9117 33.5744
11.504 838.9292 33.5746
11.514 838.9231 33.5761
11.524 838.9127 33.5741
11.534 838.9111 33.5718
11.544 838.8877 33.5717
11.554 838.8869 33.5741
11.564 838.8925 33.5746
11.574 838.8938 33.5740
11.584 838.9012 33.5732
11.594 838.8905 33.5732
11.604 838.8781 33.5745
11.614 838.8998 33.5746
11.624 838.9378 33.5744
11.634 838.9100 33.5745
11.644 838.9133 33.5745
11.654 838.8904 33.5737
11.664 838.9182 33.5729
11.674 838.9117 33.5730
11.684 838.8960 33.5744
11.694 838.8879 33.5742
11.704 838.8894 33.5736
11.714 838.9097 33.5749
11.724 838.9094 33.5761
11.734 838.9033 33.5737
11.744 838.8942 33.5724
11.754 838.8962 33.5740
11.764 838.8998 33.5742
11.774 838.8991 33.5741
11.784 838.9121 33.5746
11.794 838.9144 33.5754
11.804 838.8814 33.5755
11.814 838.8986 33.5755
11.824 838.8818 33.5761
11.834 838.8979 33.5754
11.844 838.8920 33.5730
11.854 838.9193 33.5736
11.864 838.9098 33.5758
11.874 838.8824 33.5746
11.884 838.9120 33.5746
11.894 838.9109 33.5761
11.904 838.9022 33.5754
11.914 838.9030 33.5752
11.924 838.9127 33.5758
11.934 838.8761 33.5745
11.944 838.9228 33.5740
11.954 838.8954 33.5758
11.964 838.8830 33.5762
11.974 838.8967 33.5757
11.984 838.9138 33.5745
11.994 838.9178 33.5745
12.004 838.9063 33.5769
12.014 838.8978 33.5761
12.024 838.8812 33.5749
12.034 838.9139 33.5762
12.044 838.9159 33.5773
12.054 838.9306 33.5778
12.064 838.8946 33.5754
12.074 838.8733 33.5744
12.084 838.9071 33.5754
12.094 838.9036 33.5763
12.104 838.9411 33.5774
12.114 838.8964 33.5765
12.124 838.8906 33.5766
12.134 838.8952 33.5765
12.144 838.9138 33.5765
12.154 838.9228 33.5773
12.164 838.8677 33.5748
12.174 838.8966 33.5737
12.184 838.8848 33.5750
12.194 838.9343 33.5745
12.204 838.9091 33.5745
12.214 838.9003 33.5774
12.224 838.9133 33.5766
12.234 838.9150 33.5761
12.244 838.8657 33.5783
12.254 838.8880 33.5774
12.264 838.8966 33.5775
12.274 838.8896 33.5786
12.284 838.9284 33.5777
12.294 838.9255 33.5773
12.304 838.9239 33.5777
12.314 838.9057 33.5766
12.324 838.9169 33.5758
12.334 838.8779 33.5763
12.344 838.9093 33.5775
12.354 838.9209 33.5794
12.364 838.9228 33.5793
12.374 838.9207 33.5769
12.384 838.8853 33.5762
12.394 838.9339 33.5775
12.404 838.9060 33.5779
12.414 838.8932 33.5789
12.424 838.8873 33.5804
12.434 838.9328 33.5807
12.444 838.9047 33.5807
12.454 838.9466 33.5794
12.464 838.8886 33.5775
12.474 838.8926 33.5782
12.484 838.9123 33.5785
12.494 838.8966 33.5797
12.504 838.8941 33.5799
12.514 838.9133 33.5779
12.524 838.8875 33.5790
12.534 838.9144 33.5790
12.544 838.9149 33.5783
12.554 838.8978 33.5789
12.564 838.9169 33.5786
12.574 838.9263 33.5791
12.584 838.8901 33.5774
12.594 838.9270 33.5767
12.604 838.9060 33.5781
12.614 838.8784 33.5786
12.624 838.9084 33.5797
12.634 838.9121 33.5795
12.644 838.9356 33.5774
12.654 838.8930 33.5777
12.664 838.9229 33.5765
12.674 838.9332 33.5762
12.684 838.9126 33.5789
12.694 838.9154 33.5781
12.704 838.9087 33.5766
12.714 838.9170 33.5771
12.724 838.9019 33.5795
12.734 838.9089 33.5791
12.744 838.9001 33.5787
12.754 838.8766 33.5807
12.764 838.9054 33.5812
12.774 838.9090 33.5801
12.784 838.9309 33.5782
12.794 838.9277 33.5774
12.804 838.8843 33.5782
12.814 838.8978 33.5791
12.824 838.9303 33.5791
12.834 838.9023 33.5775
12.844 838.8591 33.5769
12.854 838.8794 33.5785
12.864 838.9092 33.5798
12.874 838.8861 33.5807
12.884 838.9079 33.5811
12.894 838.8916 33.5802
12.904 838.9111 33.5804
12.914 838.9023 33.5810
12.924 838.9200 33.5802
12.934 838.9138 33.5786
12.944 838.9040 33.5777
12.954 838.9231 33.5793
12.964 838.9203 33.5811
12.974 838.9103 33.5810
12.984 838.9169 33.5823
12.994 838.8742 33.5819
13.004 838.9107 33.5807
13.014 838.8779 33.5794
13.024 838.8905 33.5789
13.034 838.9090 33.5803
13.044 838.8656 33.5797
13.054 838.9055 33.5799
13.064 838.9141 33.5789
13.074 838.9015 33.5789
13.084 838.8863 33.5791
13.094 838.9094 33.5790
13.104 838.9073 33.5818
13.114 838.8910 33.5824
13.124 838.9113 33.5807
13.134 838.9082 33.5803
13.144 838.8923 33.5802
13.154 838.9145 33.5801
13.164 838.9300 33.5808
13.174 838.8819 33.5811
13.184 838.8934 33.5804
13.194 838.8800 33.5789
13.204 838.9171 33.5801
13.214 838.9092 33.5806
13.224 838.9146 33.5799
13.234 838.9244 33.5811
13.244 838.8994 33.5807
13.254 838.8921 33.5804
13.264 838.9080 33.5810
13.274 838.8940 33.5810
13.284 838.8716 33.5814
13.294 838.8987 33.5823
13.304 838.8932 33.5814
13.314 838.8926 33.5812
13.324 838.9119 33.5823
13.334 838.8974 33.5819
13.344 838.9055 33.5811
13.354 838.9104 33.5802
13.364 838.9151 33.5816
13.374 838.8881 33.5814
13.384 838.8881 33.5787
13.394 838.8846 33.5835
13.404 838.9265 33.5859
13.414 838.8912 33.5830
13.424 838.9101 33.5820
13.434 838.9133 33.5803
13.444 838.9050 33.5812
13.454 838.8990 33.5832
13.464 838.8954 33.5827
13.474 838.9098 33.5814
13.484 838.9091 33.5803
13.494 838.9100 33.5815
13.504 838.8833 33.5830
13.514 838.8840 33.5812
13.524 838.9011 33.5812
13.534 838.9232 33.5818
13.544 838.8937 33.5804
13.554 838.8937 33.5806
13.564 838.9099 33.5801
13.574 838.9224 33.5797
13.584 838.8941 33.5799
13.594 838.9069 33.5822
13.604 838.9317 33.5839
13.614 838.9187 33.5822
13.624 838.9136 33.5839
13.634 838.8934 33.5832
13.644 838.9179 33.5807
13.654 838.9194 33.5823
13.664 838.8941 33.5830
13.674 838.8834 33.5831
13.684 838.9121 33.5838
13.694 838.9011 33.5843
13.704 838.9485 33.5842
13.714 838.9024 33.5832
13.724 838.9174 33.5832
13.734 838.8787 33.5832
13.744 838.9212 33.5814
13.754 838.9058 33.5826
13.764 838.8842 33.5838
13.774 838.9253 33.5823
13.784 838.9006 33.5827
13.794 838.9009 33.5824
13.804 838.8856 33.5819
13.814 838.9018 33.5836
13.824 838.9128 33.5844
13.834 838.8922 33.5838
13.844 838.8975 33.5822
13.854 838.9010 33.5826
13.864 838.9083 33.5852
13.874 838.8871 33.5844
13.884 838.9100 33.5840
13.894 838.8878 33.5857
13.904 838.8912 33.5848
13.914 838.8934 33.5840
13.924 838.9178 33.5842
13.934 838.8977 33.5831
13.944 838.9059 33.5836
13.954 838.9178 33.5861
13.964 838.8958 33.5855
13.974 838.9085 33.5834
13.984 838.9007 33.5832
13.994 838.9058 33.5828
14.004 838.9369 33.5834
14.014 838.9020 33.5823
14.024 838.9224 33.5832
14.034 838.9013 33.5847
14.044 838.9175 33.5846
14.054 838.8630 33.5848
14.064 838.9122 33.5844
14.074 838.8919 33.5856
14.084 838.8903 33.5850
14.094 838.8985 33.5832
14.104 838.9025 33.5830
14.114 838.9222 33.5842
14.124 838.8935 33.5839
14.134 838.9038 33.5831
14.144 838.8889 33.5836
14.154 838.9337 33.5847
14.164 838.9068 33.5864
14.174 838.8829 33.5864
14.184 838.9017 33.5844
14.194 838.9031 33.5842
14.204 838.9244 33.5859
14.214 838.9324 33.5859
14.224 838.9272 33.5856
14.234 838.8743 33.5860
14.244 838.9041 33.5850
14.254 838.8987 33.5831
14.264 838.8989 33.5852
14.274 838.9127 33.5871
14.284 838.9318 33.5850
14.294 838.9159 33.5846
14.304 838.8946 33.5872
14.314 838.9368 33.5881
14.324 838.9098 33.5861
14.334 838.8850 33.5867
14.344 838.9037 33.5868
14.354 838.9037 33.5852
14.364 838.8932 33.5856
14.374 838.8948 33.5856
14.384 838.9025 33.5857
14.394 838.9130 33.5861
14.404 838.8934 33.5861
14.414 838.9124 33.5863
14.424 838.9266 33.5844
14.434 838.8735 33.5847
14.444 838.9222 33.5863
14.454 838.8907 33.5855
14.464 838.9171 33.5834
14.474 838.9183 33.5824
14.484 838.9151 33.5863
14.494 838.8828 33.5881
14.504 838.9106 33.5868
14.514 838.9094 33.5865
14.524 838.9183 33.5880
14.534 838.8736 33.5864
14.544 838.9184 33.5847
14.554 838.9060 33.5860
14.564 838.9089 33.5880
14.574 838.9064 33.5880
14.584 838.8910 33.5855
14.594 838.8803 33.5863
14.604 838.8914 33.5899
14.614 838.8910 33.5904
14.624 838.8965 33.5892
14.634 838.9051 33.5869
14.644 838.8851 33.5852
14.654 838.9120 33.5863
14.664 838.9438 33.5869
14.674 838.9058 33.5879
14.684 838.9008 33.5885
14.694 838.9197 33.5893
14.704 838.9082 33.5884
14.714 838.8930 33.5864
14.724 838.8932 33.5880
14.734 838.9041 33.5891
14.744 838.8991 33.5887
14.754 838.9093 33.5909
14.764 838.8931 33.5905
14.774 838.9347 33.5880
14.784 838.9020 33.5872
14.794 838.9033 33.5883
14.804 838.9120 33.5897
14.814 838.8820 33.5914
14.824 838.9426 33.5899
14.834 838.9225 33.5888
14.844 838.9012 33.5885
14.854 838.8930 33.5867
14.864 838.9107 33.5887
14.874 838.8936 33.5893
14.884 838.9358 33.5883
14.894 838.8883 33.5884
14.904 838.8828 33.5888
14.914 838.8884 33.5887
14.924 838.8877 33.5891
14.934 838.9140 33.5904
14.944 838.9001 33.5900
14.954 838.9323 33.5873
14.964 838.8843 33.5865
14.974 838.9399 33.5871
14.984 838.9303 33.5885
14.994 838.9097 33.5896
15.004 838.9429 33.5887
15.014 838.8607 33.5889
15.024 838.8795 33.5897
15.034 838.8976 33.5895
15.044 838.9031 33.5891
15.054 838.9131 33.5895
15.064 838.8802 33.5888
15.074 838.9155 33.5892
15.084 838.9139 33.5901
15.094 838.9133 33.5893
15.104 838.9070 33.5889
15.114 838.9145 33.5869
15.124 838.9394 33.5875
15.134 838.8975 33.5893
15.144 838.8693 33.5908
15.154 838.8956 33.5938
15.164 838.9174 33.5940
15.174 838.9117 33.5904
15.184 838.9046 33.5875
15.194 838.9112 33.5877
15.204 838.9389 33.5892
15.214 838.9166 33.5910
15.224 838.8981 33.5900
15.234 838.9100 33.5892
15.244 838.8903 33.5907
15.254 838.9289 33.5901
15.264 838.9107 33.5907
15.274 838.9099 33.5921
15.284 838.9200 33.5909
15.294 838.9223 33.5918
15.304 838.9332 33.5922
15.314 838.9063 33.5904
15.324 838.8879 33.5900
15.334 838.9080 33.5888
15.344 838.8994 33.5891
15.354 838.9042 33.5900
15.364 838.8873 33.5900
15.374 838.9090 33.5907
15.384 838.9259 33.5917
15.394 838.9005 33.5928
15.404 838.9278 33.5916
15.414 838.8876 33.5904
15.424 838.9204 33.5896
15.434 838.8990 33.5891
15.444 838.9281 33.5907
15.454 838.9229 33.5917
15.464 838.9014 33.5905
15.474 838.9087 33.5899
15.484 838.9267 33.5917
15.494 838.8873 33.5918
15.504 838.9098 33.5920
15.514 838.9234 33.5920
15.524 838.8859 33.5912
15.534 838.9121 33.5912
15.544 838.9117 33.5921
15.554 838.8945 33.5917
15.564 838.8779 33.5913
15.574 838.8852 33.5914
15.584 838.9043 33.5910
15.594 838.9338 33.5926
15.604 838.9409 33.5921
15.614 838.9039 33.5928
15.624 838.9019 33.5937
15.634 838.9224 33.5908
15.644 838.8906 33.5903
15.654 838.9170 33.5920
15.664 838.9048 33.5914
15.674 838.9147 33.5922
15.684 838.9222 33.5917
15.694 838.9072 33.5920
15.704 838.9115 33.5934
15.714 838.9029 33.5928
15.724 838.8984 33.5914
15.734 838.8969 33.5899
15.744 838.9119 33.5896
15.754 838.9040 33.5908
15.764 838.9196 33.5936
15.774 838.8987 33.5949
15.784 838.8924 33.5933
15.794 838.9113 33.5918
15.804 838.8979 33.5924
15.814 838.8679 33.5938
15.824 838.8965 33.5933
15.834 838.9000 33.5920
15.844 838.9073 33.5916
15.854 838.8859 33.5929
15.864 838.8967 33.5932
15.874 838.8947 33.5922
15.884 838.9158 33.5930
15.894 838.9042 33.5922
15.904 838.9097 33.5932
15.914 838.9101 33.5932
15.924 838.9049 33.5922
15.934 838.9203 33.5946
15.944 838.9169 33.5942
15.954 838.9152 33.5925
15.964 838.9155 33.5936
15.974 838.9352 33.5937
15.984 838.8846 33.5916
15.994 838.9295 33.5925
16.004 838.9026 33.5934
16.014 838.8965 33.5918
16.024 838.9268 33.5936
16.034 838.9074 33.5952
16.044 838.9066 33.5934
16.054 838.8954 33.5917
16.064 838.9090 33.5940
16.074 838.9448 33.5965
16.084 838.8885 33.5949
16.094 838.8994 33.5928
16.104 838.9020 33.5934
16.114 838.8977 33.5957
16.124 838.8976 33.5965
16.134 838.9140 33.5936
16.144 838.9013 33.5928
16.154 838.8808 33.5949
16.164 838.9018 33.5954
16.174 838.8795 33.5945
16.184 838.9064 33.5946
16.194 838.8906 33.5937
16.204 838.8976 33.5916
16.214 838.8996 33.5930
16.224 838.8942 33.5953
16.234 838.9311 33.5970
16.244 838.9092 33.5963
16.254 838.9008 33.5945
16.264 838.8984 33.5963
16.274 838.9209 33.5963
16.284 838.9112 33.5960
16.294 838.9219 33.5949
16.304 838.8985 33.5934
16.314 838.9209 33.5949
16.324 838.9112 33.5962
16.334 838.9017 33.5967
16.344 838.9445 33.5958
16.354 838.8732 33.5958
16.364 838.9049 33.5979
16.374 838.9027 33.5967
16.384 838.9527 33.5948
16.394 838.8722 33.5963
16.404 838.8940 33.5966
16.414 838.9160 33.5971
16.424 838.9069 33.5987
16.434 838.9101 33.5977
16.444 838.9135 33.5970
16.454 838.8955 33.5989
16.464 838.9072 33.5982
16.474 838.8963 33.5973
16.484 838.9226 33.5962
16.494 838.9158 33.5944
16.504 838.9051 33.5961
16.514 838.9173 33.5957
16.524 838.9170 33.5948
16.534 838.9297 33.5970
16.544 838.9324 33.5981
16.554 838.9206 33.5973
16.564 838.8838 33.5962
16.574 838.8769 33.5978
16.584 838.9100 33.5970
16.594 838.8981 33.5957
16.604 838.9071 33.5961
16.614 838.9230 33.5948
16.624 838.8905 33.5949
16.634 838.9177 33.5970
16.644 838.8905 33.5965
16.654 838.8988 33.5965
16.664 838.9302 33.5963
16.674 838.9031 33.5954
16.684 838.9003 33.5956
16.694 838.9030 33.5954
16.704 838.8855 33.5960
16.714 838.9117 33.5963
16.724 838.9583 33.5954
16.734 838.9036 33.5932
16.744 838.9156 33.5945
16.754 838.9172 33.5982
16.764 838.9088 33.5987
16.774 838.9191 33.5995
16.784 838.8687 33.5991
16.794 838.9387 33.5971
16.804 838.9122 33.5970
16.814 838.9044 33.5982
16.824 838.9007 33.5979
16.834 838.9047 33.5970
16.844 838.9019 33.5970
16.854 838.9111 33.5963
16.864 838.9026 33.5978
16.874 838.9091 33.5986
16.884 838.9171 33.5962
16.894 838.8941 33.5957
16.904 838.9014 33.5975
16.914 838.9150 33.5978
16.924 838.9143 33.5983
16.934 838.9031 33.5987
16.944 838.9210 33.5971
16.954 838.9180 33.5981
16.964 838.9179 33.6003
16.974 838.9087 33.5965
16.984 838.9163 33.5971
16.994 838.9106 33.5989
17.004 838.9102 33.5974
17.014 838.8724 33.5991
17.024 838.9334 33.5990
17.034 838.9236 33.5983
17.044 838.9213 33.5982
17.054 838.9452 33.5971
17.064 838.9117 33.5962
17.074 838.9168 33.5979
17.084 838.9012 33.5993
17.094 838.9011 33.5990
17.104 838.9186 33.5993
17.114 838.9009 33.5987
17.124 838.8944 33.5986
17.134 838.9204 33.5989
17.144 838.9132 33.5979
17.154 838.8964 33.6003
17.164 838.9220 33.6005
17.174 838.9194 33.5999
17.184 838.8988 33.6003
17.194 838.9332 33.6003
17.204 838.9220 33.5991
17.214 838.9304 33.5985
17.224 838.9033 33.6007
17.234 838.9118 33.6003
17.244 838.9087 33.6005
17.254 838.9063 33.5985
17.264 838.8921 33.5982
17.274 838.9225 33.6007
17.284 838.9018 33.5997
17.294 838.8878 33.5990
17.304 838.9027 33.5987
17.314 838.9061 33.5997
17.324 838.8993 33.6005
17.334 838.8896 33.5991
17.344 838.8950 33.5985
17.354 838.9174 33.5987
17.364 838.9154 33.5986
17.374 838.9096 33.5997
17.384 838.9266 33.6002
17.394 838.9111 33.5985
17.404 838.8647 33.5989
17.414 838.9236 33.5997
17.424 838.8931 33.6003
17.434 838.9060 33.6007
17.444 838.9044 33.6002
17.454 838.8852 33.6003
17.464 838.9109 33.6010
17.474 838.8932 33.6019
17.484 838.9337 33.6003
17.494 838.9133 33.5995
17.504 838.9023 33.5998
17.514 838.8941 33.5983
17.524 838.9253 33.5985
17.534 838.9335 33.5998
17.544 838.9215 33.6012
17.554 838.9317 33.6011
17.564 838.9202 33.6015
17.574 838.9158 33.6027
17.584 838.9178 33.6023
17.594 838.9050 33.6009
17.604 838.8917 33.6006
17.614 838.9345 33.6028
17.624 838.9282 33.6007
17.634 838.9136 33.5999
17.644 838.9059 33.6024
17.654 838.9037 33.6030
17.664 838.8983 33.6046
17.674 838.9195 33.6032
17.684 838.9091 33.6014
17.694 838.9045 33.6011
17.704 838.9076 33.6001
17.714 838.9339 33.6001
17.724 838.9064 33.6016
17.734 838.9125 33.6027
17.744 838.9127 33.6022
17.754 838.9179 33.6028
17.764 838.8942 33.6034
17.774 838.9334 33.6014
17.784 838.9047 33.6009
17.794 838.9001 33.6027
17.804 838.9095 33.6026
17.814 838.8843 33.6042
17.824 838.9072 33.6058
17.834 838.8761 33.6040
17.844 838.9161 33.6044
17.854 838.9061 33.6038
17.864 838.9234 33.6028
17.874 838.8957 33.6035
17.884 838.9156 33.6032
17.894 838.8929 33.6026
17.904 838.9356 33.6030
17.914 838.9256 33.6035
17.924 838.9390 33.6040
17.934 838.9165 33.6032
17.944 838.9172 33.6018
17.954 838.9279 33.6024
17.964 838.9000 33.6028
17.974 838.9115 33.6032
17.984 838.8984 33.6036
17.994 838.8963 33.6031
18.004 838.9251 33.6031
18.014 838.9431 33.6035
18.024 838.9018 33.6030
18.034 838.9327 33.6027
18.044 838.9164 33.6043
18.054 838.9341 33.6052
18.064 838.9214 33.6035
18.074 838.9097 33.6035
18.084 838.8936 33.6046
18.094 838.9111 33.6054
18.104 838.9132 33.6052
18.114 838.9116 33.6043
18.124 838.9094 33.6047
18.134 838.9113 33.6056
18.144 838.9151 33.6063
18.154 838.9256 33.6047
18.164 838.8995 33.6039
18.174 838.9235 33.6046
18.184 838.8925 33.6038
18.194 838.9235 33.6030
18.204 838.8967 33.6028
18.214 838.8977 33.6032
18.224 838.8989 33.6044
18.234 838.9051 33.6051
18.244 838.9199 33.6044
18.254 838.9050 33.6019
18.264 838.9024 33.6015
18.274 838.9277 33.6030
18.284 838.8848 33.6034
18.294 838.9123 33.6044
18.304 838.8975 33.6042
18.314 838.9060 33.6038
18.324 838.9157 33.6030
18.334 838.8861 33.6031
18.344 838.9294 33.6051
18.354 838.9028 33.6058
18.364 838.9278 33.6064
18.374 838.9082 33.6059
18.384 838.8708 33.6055
18.394 838.8995 33.6047
18.404 838.9236 33.6031
18.414 838.9213 33.6022
18.424 838.8964 33.6031
18.434 838.8888 33.6042
18.444 838.9208 33.6032
18.454 838.8991 33.6036
18.464 838.9057 33.6051
18.474 838.9050 33.6052
18.484 838.9279 33.6059
18.494 838.8884 33.6058
18.504 838.9240 33.6048
18.514 838.9172 33.6036
18.524 838.9161 33.6024
18.534 838.9106 33.6031
18.544 838.9154 33.6031
18.554 838.9155 33.6047
18.564 838.8947 33.6058
18.574 838.9207 33.6052
18.584 838.9190 33.6043
18.594 838.9180 33.6031
18.604 838.9344 33.6040
18.614 838.8964 33.6044
18.624 838.9239 33.6048
18.634 838.9243 33.6058
18.644 838.9217 33.6062
18.654 838.9280 33.6054
18.664 838.8748 33.6052
18.674 838.9170 33.6055
18.684 838.8950 33.6048
18.694 838.8878 33.6044
18.704 838.8886 33.6040
18.714 838.9335 33.6052
18.724 838.8855 33.6056
18.734 838.9160 33.6046
18.744 838.9330 33.6046
18.754 838.8939 33.6067
18.764 838.8857 33.6067
18.774 838.9273 33.6043
18.784 838.9050 33.6060
18.794 838.9486 33.6064
18.804 838.9216 33.6058
18.814 838.8818 33.6062
18.824 838.9363 33.6063
18.834 838.9168 33.6068
18.844 838.9362 33.6079
18.854 838.9099 33.6079
18.864 838.9280 33.6060
18.874 838.9439 33.6063
18.884 838.9157 33.6064
18.894 838.9010 33.6054
18.904 838.9095 33.6048
18.914 838.9061 33.6058
18.924 838.8968 33.6073
18.934 838.8976 33.6059
18.944 838.9066 33.6031
18.954 838.9128 33.6055
18.964 838.9108 33.6073
18.974 838.9222 33.6046
18.984 838.8976 33.6050
18.994 838.8697 33.6067
19.004 838.8966 33.6071
19.014 838.9122 33.6079
19.024 838.9071 33.6064
19.034 838.9241 33.6050
19.044 838.9026 33.6054
19.054 838.8737 33.6054
19.064 838.9155 33.6068
19.074 838.9020 33.6069
19.084 838.8709 33.6056
19.094 838.9307 33.6056
19.104 838.9142 33.6064
19.114 838.8856 33.6067
19.124 838.9239 33.6054
19.134 838.8976 33.6051
19.144 838.9207 33.6071
19.154 838.9186 33.6060
19.164 838.9200 33.6035
19.174 838.9020 33.6055
19.184 838.9208 33.6067
19.194 838.9062 33.6048
19.204 838.9387 33.6047
19.214 838.8999 33.6071
19.224 838.9010 33.6071
19.234 838.8954 33.6058
19.244 838.9143 33.6056
19.254 838.9219 33.6075
19.264 838.9345 33.6087
19.274 838.9328 33.6075
19.284 838.9166 33.6073
19.294 838.8939 33.6087
19.304 838.9125 33.6107
19.314 838.8786 33.6107
19.324 838.9215 33.6089
19.334 838.9127 33.6089
19.344 838.9191 33.6084
19.354 838.9063 33.6069
19.364 838.9328 33.6071
19.374 838.9075 33.6069
19.384 838.9271 33.6088
19.394 838.9034 33.6101
19.404 838.9183 33.6083
19.414 838.9005 33.6072
19.424 838.9074 33.6063
19.434 838.9187 33.6044
19.444 838.8926 33.6060
19.454 838.9226 33.6080
19.464 838.9164 33.6072
19.474 838.9086 33.6071
19.484 838.9034 33.6073
19.494 838.8984 33.6077
19.504 838.8907 33.6075
19.514 838.9188 33.6071
19.524 838.9151 33.6068
19.534 838.9086 33.6077
19.544 838.8936 33.6071
19.554 838.9310 33.6068
19.564 838.9173 33.6083
19.574 838.8766 33.6073
19.584 838.8831 33.6068
19.594 838.8973 33.6073
19.604 838.8896 33.6072
19.614 838.8994 33.6067
19.624 838.9152 33.6069
19.634 838.9151 33.6075
19.644 838.9063 33.6083
19.654 838.9217 33.6107
19.664 838.8876 33.6111
19.674 838.9210 33.6083
19.684 838.9111 33.6073
19.694 838.8993 33.6083
19.704 838.9069 33.6088
19.714 838.8968 33.6088
19.724 838.8688 33.6093
19.734 838.8821 33.6097
19.744 838.8974 33.6084
19.754 838.9254 33.6095
19.764 838.8918 33.6107
19.774 838.9153 33.6101
19.784 838.9408 33.6105
19.794 838.9038 33.6092
19.804 838.9138 33.6097
19.814 838.9203 33.6100
19.824 838.9145 33.6092
19.834 838.9153 33.6093
19.844 838.9081 33.6088
19.854 838.9273 33.6093
19.864 838.9368 33.6116
19.874 838.9054 33.6105
19.884 838.9100 33.6092
19.894 838.9223 33.6109
19.904 838.9062 33.6107
19.914 838.9156 33.6126
19.924 838.9294 33.6140
19.934 838.9095 33.6118
19.944 838.9344 33.6117
19.954 838.9061 33.6100
19.964 838.8765 33.6093
19.974 838.8961 33.6108
19.984 838.9145 33.6099
19.994 838.8970 33.6097
20.004 838.9170 33.6091
20.014 838.9235 33.6087
20.024 838.9107 33.6095
20.034 838.9229 33.6088
20.044 838.8806 33.6099
20.054 838.9222 33.6100
20.064 838.9417 33.6105
20.074 838.9078 33.6130
20.084 838.8877 33.6103
20.094 838.8790 33.6080
20.104 838.9037 33.6108
20.114 838.9394 33.6124
20.124 838.9029 33.6108
20.134 838.8804 33.6097
20.144 838.9056 33.6099
20.154 838.9046 33.6105
20.164 838.9117 33.6104
20.174 838.9227 33.6101
20.184 838.9211 33.6105
20.194 838.9136 33.6115
20.204 838.9209 33.6118
20.214 838.9278 33.6109
20.224 838.8964 33.6101
20.234 838.9001 33.6103
20.244 838.9152 33.6092
20.254 838.9077 33.6084
20.264 838.9208 33.6100
20.274 838.9270 33.6113
20.284 838.9003 33.6105
20.294 838.9155 33.6100
20.304 838.9171 33.6116
20.314 838.9144 33.6136
20.324 838.8912 33.6122
20.334 838.9092 33.6097
20.344 838.8996 33.6101
20.354 838.9087 33.6109
20.364 838.8949 33.6122
20.374 838.8955 33.6132
20.384 838.9296 33.6132
20.394 838.9180 33.6129
20.404 838.9258 33.6138
20.414 838.9058 33.6141
20.424 838.9201 33.6126
20.434 838.8798 33.6126
20.444 838.9243 33.6122
20.454 838.9075 33.6108
20.464 838.9064 33.6107
20.474 838.9435 33.6124
20.484 838.8745 33.6120
20.494 838.9225 33.6109
20.504 838.9415 33.6124
20.514 838.9115 33.6136
20.524 838.9330 33.6124
20.534 838.9213 33.6112
20.544 838.9228 33.6126
20.554 838.8992 33.6132
20.564 838.9062 33.6134
20.574 838.9392 33.6152
20.584 838.8914 33.6138
20.594 838.8969 33.6137
20.604 838.9162 33.6153
20.614 838.9252 33.6144
20.624 838.8932 33.6129
20.634 838.9412 33.6124
20.644 838.8962 33.6133
20.654 838.9238 33.6122
20.664 838.9190 33.6122
20.674 838.9258 33.6150
20.684 838.8915 33.6148
20.694 838.8933 33.6138
20.704 838.8840 33.6150
20.714 838.9078 33.6136
20.724 838.9316 33.6125
20.734 838.8923 33.6133
20.744 838.9100 33.6133
20.754 838.9148 33.6149
20.764 838.9079 33.6142
20.774 838.9162 33.6136
20.784 838.9188 33.6137
20.794 838.9165 33.6136
20.804 838.9047 33.6150
20.814 838.9068 33.6134
20.824 838.9031 33.6122
20.834 838.9185 33.6144
20.844 838.9117 33.6141
20.854 838.8742 33.6145
20.864 838.9160 33.6146
20.874 838.9301 33.6120
20.884 838.9233 33.6116
20.894 838.9126 33.6126
20.904 838.9040 33.6145
20.914 838.8902 33.6165
20.924 838.9138 33.6164
20.934 838.9126 33.6157
20.944 838.9132 33.6157
20.954 838.8959 33.6150
20.964 838.9264 33.6136
20.974 838.9239 33.6154
20.984 838.8971 33.6157
20.994 838.9126 33.6142
21.004 838.9469 33.6154
21.014 838.9242 33.6154
21.024 838.9140 33.6142
21.034 838.8979 33.6134
21.044 838.9090 33.6157
21.054 838.8796 33.6175
21.064 838.9062 33.6161
21.074 838.8989 33.6146
21.084 838.8782 33.6156
21.094 838.9117 33.6157
21.104 838.9266 33.6145
21.114 838.9097 33.6161
21.124 838.8853 33.6152
21.134 838.9116 33.6138
21.144 838.9067 33.6153
21.154 838.9206 33.6146
21.164 838.9029 33.6152
21.174 838.9016 33.6156
21.184 838.9055 33.6161
21.194 838.9186 33.6164
21.204 838.9209 33.6161
21.214 838.9391 33.6162
21.224 838.9121 33.6138
21.234 838.8921 33.6122
21.244 838.8838 33.6125
21.254 838.9121 33.6145
21.264 838.8880 33.6164
21.274 838.8917 33.6164
21.284 838.9014 33.6162
21.294 838.9191 33.6157
21.304 838.9242 33.6164
21.314 838.8950 33.6160
21.324 838.8692 33.6152
21.334 838.8921 33.6164
21.344 838.9178 33.6162
21.354 838.9029 33.6161
21.364 838.9164 33.6168
21.374 838.9151 33.6138
21.384 838.8857 33.6118
21.394 838.9313 33.6148
21.404 838.8873 33.6162
21.414 838.9063 33.6158
21.424 838.9248 33.6152
21.434 838.8980 33.6166
21.444 838.9312 33.6178
21.454 838.9221 33.6165
21.464 838.9117 33.6170
21.474 838.9175 33.6173
21.484 838.9119 33.6182
21.494 838.8932 33.6186
21.504 838.8948 33.6177
21.514 838.9054 33.6170
21.524 838.9058 33.6164
21.534 838.8921 33.6162
21.544 838.8758 33.6150
21.554 838.9070 33.6149
21.564 838.9005 33.6157
21.574 838.9155 33.6150
21.584 838.9234 33.6145
21.594 838.8924 33.6153
21.604 838.9297 33.6165
21.614 838.9096 33.6177
21.624 838.9120 33.6189
21.634 838.8958 33.6183
21.644 838.9123 33.6146
21.654 838.8954 33.6153
21.664 838.9058 33.6169
21.674 838.9145 33.6171
21.684 838.8987 33.6171
21.694 838.9076 33.6156
21.704 838.9029 33.6161
21.714 838.9065 33.6168
21.724 838.8867 33.6166
21.734 838.9136 33.6177
21.744 838.9302 33.6168
21.754 838.8961 33.6145
21.764 838.8948 33.6162
21.774 838.9100 33.6179
21.784 838.8912 33.6179
21.794 838.9007 33.6173
21.804 838.9432 33.6173
21.814 838.9573 33.6175
21.824 838.9310 33.6179
21.834 838.8964 33.6175
21.844 838.8892 33.6169
21.854 838.9071 33.6166
21.864 838.9164 33.6165
21.874 838.9403 33.6177
21.884 838.9019 33.6174
21.894 838.9062 33.6174
21.904 838.9099 33.6191
21.914 838.9223 33.6193
21.924 838.9217 33.6195
21.934 838.9212 33.6183
21.944 838.9025 33.6178
21.954 838.9349 33.6187
21.964 838.8977 33.6178
21.974 838.9128 33.6166
21.984 838.9123 33.6173
21.994 838.9034 33.6195
22.004 838.9123 33.6195
22.014 838.8897 33.6181
22.024 838.9203 33.6193
22.034 838.9048 33.6199
22.044 838.8825 33.6182
22.054 838.9028 33.6156
22.064 838.9261 33.6177
22.074 838.8994 33.6203
22.084 838.9033 33.6171
22.094 838.9227 33.6177
22.104 838.9172 33.6197
22.114 838.9073 33.6214
22.124 838.8987 33.6215
22.134 838.9328 33.6199
22.144 838.8996 33.6189
22.154 838.9078 33.6179
22.164 838.9164 33.6183
22.174 838.9097 33.6194
22.184 838.8984 33.6194
22.194 838.8905 33.6190
22.204 838.9173 33.6186
22.214 838.9214 33.6193
22.224 838.8814 33.6195
22.234 838.8992 33.6193
22.244 838.9031 33.6198
22.254 838.9212 33.6206
22.264 838.8916 33.6209
22.274 838.9202 33.6171
22.284 838.8795 33.6179
22.294 838.9098 33.6198
22.304 838.9012 33.6190
22.314 838.9093 33.6203
22.324 838.9298 33.6194
22.334 838.9064 33.6179
22.344 838.8628 33.6205
22.354 838.8907 33.6215
22.364 838.9057 33.6185
22.374 838.8787 33.6179
22.384 838.8778 33.6197
22.394 838.8932 33.6177
22.404 838.8550 33.6173
22.414 838.8673 33.6185
22.424 838.9449 33.6175
22.434 838.8902 33.6171
22.444 838.8877 33.6168
22.454 838.9069 33.6174
22.464 838.9096 33.6190
22.474 838.9145 33.6201
22.484 838.9102 33.6197
22.494 838.9187 33.6202
22.504 838.8841 33.6199
22.514 838.9003 33.6186
22.524 838.9139 33.6210
22.534 838.8793 33.6215
22.544 838.8733 33.6195
22.554 838.9021 33.6202
22.564 838.9035 33.6202
22.574 838.9319 33.6198
22.584 838.8956 33.6205
22.594 838.8769 33.6202
22.604 838.8842 33.6202
22.614 838.9053 33.6209
22.624 838.8804 33.6207
22.634 838.8792 33.6197
22.644 838.8960 33.6202
22.654 838.9434 33.6211
22.664 838.9142 33.6209
22.674 838.9354 33.6210
22.684 838.9068 33.6195
22.694 838.8705 33.6207
22.704 838.8948 33.6219
22.714 838.9037 33.6209
22.724 838.8894 33.6215
22.734 838.9087 33.6207
22.744 838.9026 33.6197
22.754 838.9076 33.6210
22.764 838.8882 33.6210
22.774 838.8994 33.6210
22.784 838.9030 33.6217
22.794 838.9149 33.6222
22.804 838.9058 33.6228
22.814 838.8860 33.6222
22.824 838.9239 33.6215
22.834 838.9035 33.6215
22.844 838.9127 33.6220
22.854 838.9149 33.6228
22.864 838.9121 33.6211
22.874 838.8976 33.6203
22.884 838.9210 33.6209
22.894 838.9119 33.6210
22.904 838.8949 33.6203
22.914 838.9140 33.6198
22.924 838.9385 33.6215
22.934 838.8973 33.6215
22.944 838.8955 33.6206
22.954 838.9205 33.6219
22.964 838.9058 33.6234
22.974 838.8856 33.6222
22.984 838.9110 33.6231
22.994 838.9269 33.6231
23.004 838.9164 33.6213
23.014 838.9401 33.6211
23.024 838.9090 33.6218
23.034 838.9247 33.6219
23.044 838.9319 33.6218
23.054 838.9092 33.6219
23.064 838.9080 33.6220
23.074 838.8997 33.6218
23.084 838.9029 33.6224
23.094 838.9058 33.6242
23.104 838.9107 33.6236
23.114 838.8937 33.6222
23.124 838.9112 33.6217
23.134 838.9009 33.6223
23.144 838.9015 33.6228
23.154 838.9183 33.6235
23.164 838.9223 33.6231
23.174 838.8883 33.6228
23.184 838.9241 33.6231
23.194 838.9265 33.6234
23.204 838.9034 33.6228
23.214 838.9133 33.6239
23.224 838.9011 33.6248
23.234 838.9094 33.6239
23.244 838.9215 33.6242
23.254 838.8983 33.6243
23.264 838.8878 33.6239
23.274 838.8817 33.6223
23.284 838.9313 33.6228
23.294 838.9060 33.6235
23.304 838.9223 33.6244
23.314 838.8825 33.6228
23.324 838.9062 33.6217
23.334 838.8851 33.6222
23.344 838.9121 33.6230
23.354 838.8821 33.6239
23.364 838.9132 33.6238
23.374 838.8998 33.6239
23.384 838.9089 33.6242
23.394 838.9178 33.6242
23.404 838.8987 33.6244
23.414 838.9015 33.6247
23.424 838.8793 33.6243
23.434 838.9190 33.6235
23.444 838.8942 33.6226
23.454 838.8782 33.6238
23.464 838.9101 33.6260
23.474 838.8889 33.6248
23.484 838.8978 33.6223
23.494 838.9252 33.6224
23.504 838.9168 33.6217
23.514 838.8968 33.6223
23.524 838.8928 33.6217
23.534 838.9150 33.6224
23.544 838.9016 33.6244
23.554 838.9122 33.6230
23.564 838.9039 33.6211
23.574 838.9263 33.6218
23.584 838.9187 33.6230
23.594 838.9014 33.6226
23.604 838.8869 33.6234
23.614 838.9171 33.6246
23.624 838.8929 33.6250
23.634 838.8942 33.6256
23.644 838.9232 33.6251
23.654 838.9153 33.6242
23.664 838.9286 33.6231
23.674 838.9065 33.6227
23.684 838.9144 33.6224
23.694 838.9029 33.6226
23.704 838.9128 33.6248
23.714 838.9115 33.6252
23.724 838.9170 33.6223
23.734 838.9216 33.6244
23.744 838.9073 33.6267
23.754 838.8940 33.6236
23.764 838.9037 33.6239
23.774 838.9059 33.6248
23.784 838.8735 33.6244
23.794 838.9277 33.6227
23.804 838.9355 33.6232
23.814 838.9492 33.6244
23.824 838.9452 33.6238
23.834 838.8578 33.6238
23.844 838.8946 33.6256
23.854 838.9006 33.6268
23.864 838.9162 33.6273
23.874 838.8983 33.6263
23.884 838.9024 33.6248
23.894 838.8991 33.6262
23.904 838.8910 33.6247
23.914 838.9145 33.6244
23.924 838.9133 33.6244
23.934 838.8901 33.6230
23.944 838.8897 33.6248
23.954 838.9125 33.6262
23.964 838.9200 33.6254
23.974 838.8988 33.6256
23.984 838.8955 33.6248
23.994 838.9149 33.6238
24.004 838.9043 33.6235
24.014 838.9290 33.6236
24.024 838.8739 33.6264
24.034 838.8833 33.6292
24.044 838.9206 33.6281
24.054 838.9072 33.6273
24.064 838.9259 33.6280
24.074 838.9119 33.6266
24.084 838.9165 33.6259
24.094 838.9245 33.6266
24.104 838.9044 33.6262
24.114 838.9119 33.6256
24.124 838.9410 33.6267
24.134 838.9052 33.6263
24.144 838.9047 33.6267
24.154 838.9134 33.6266
24.164 838.9269 33.6250
24.174 838.8993 33.6251
24.184 838.9121 33.6270
24.194 838.8892 33.6284
24.204 838.9265 33.6283
24.214 838.8910 33.6279
24.224 838.8504 33.6284
24.234 838.8844 33.6285
24.244 838.9155 33.6279
24.254 838.9041 33.6268
24.264 838.9255 33.6262
24.274 838.9035 33.6273
24.284 838.9268 33.6247
24.294 838.8795 33.6250
24.304 838.9295 33.6281
24.314 838.8946 33.6246
24.324 838.9023 33.6252
24.334 838.8954 33.6287
24.344 838.9046 33.6267
24.354 838.8982 33.6256
24.364 838.9344 33.6262
24.374 838.8849 33.6281
24.384 838.8794 33.6266
24.394 838.9060 33.6258
24.404 838.9227 33.6279
24.414 838.9099 33.6280
24.424 838.9224 33.6284
24.434 838.8966 33.6275
24.444 838.8801 33.6264
24.454 838.9026 33.6267
24.464 838.9163 33.6275
24.474 838.9111 33.6266
24.484 838.8965 33.6254
24.494 838.8951 33.6270
24.504 838.9102 33.6283
24.514 838.8877 33.6288
24.524 838.9022 33.6307
24.534 838.9251 33.6305
24.544 838.9111 33.6281
24.554 838.9131 33.6276
24.564 838.9058 33.6280
24.574 838.8775 33.6272
24.584 838.9072 33.6279
24.594 838.9136 33.6289
24.604 838.9233 33.6281
24.614 838.8995 33.6255
24.624 838.9334 33.6248
24.634 838.9088 33.6279
24.644 838.9190 33.6301
24.654 838.9138 33.6296
24.664 838.9235 33.6285
24.674 838.9073 33.6284
24.684 838.9110 33.6270
24.694 838.9234 33.6258
24.704 838.9047 33.6259
24.714 838.9189 33.6271
24.724 838.9156 33.6288
24.734 838.8769 33.6280
24.744 838.9192 33.6262
24.754 838.9087 33.6267
24.764 838.8810 33.6292
24.774 838.9069 33.6293
24.784 838.8922 33.6280
24.794 838.8882 33.6276
24.804 838.9266 33.6277
24.814 838.8809 33.6283
24.824 838.9065 33.6277
24.834 838.9029 33.6276
24.844 838.8929 33.6300
24.854 838.9089 33.6312
24.864 838.9087 33.6291
24.874 838.8962 33.6284
24.884 838.8921 33.6284
24.894 838.8907 33.6288
24.904 838.9186 33.6313
24.914 838.8835 33.6321
24.924 838.9020 33.6287
24.934 838.9131 33.6267
24.944 838.9118 33.6277
24.954 838.9165 33.6291
24.964 838.8815 33.6295
24.974 838.8567 33.6297
24.984 838.9121 33.6299
24.994 838.9006 33.6284
25.004 838.9058 33.6289
25.014 838.8973 33.6303
25.024 838.8957 33.6304
25.034 838.8773 33.6303
25.044 838.8976 33.6291
25.054 838.9054 33.6289
25.064 838.9100 33.6292
25.074 838.9017 33.6284
25.084 838.9311 33.6291
25.094 838.8979 33.6293
25.104 838.9094 33.6279
25.114 838.8955 33.6301
25.124 838.8999 33.6313
25.134 838.9139 33.6308
25.144 838.8957 33.6295
25.154 838.9109 33.6272
25.164 838.9042 33.6292
25.174 838.9084 33.6313
25.184 838.8977 33.6303
25.194 838.9034 33.6284
25.204 838.9103 33.6288
25.214 838.9142 33.6291
25.224 838.9407 33.6293
25.234 838.8859 33.6303
25.244 838.8885 33.6304
25.254 838.8890 33.6303
25.264 838.8757 33.6304
25.274 838.9140 33.6311
25.284 838.8932 33.6307
25.294 838.9136 33.6301
25.304 838.8602 33.6321
25.314 838.8728 33.6326
25.324 838.8955 33.6312
25.334 838.9273 33.6289
25.344 838.9088 33.6284
25.354 838.9035 33.6304
25.364 838.9136 33.6304
25.374 838.9215 33.6292
25.384 838.9039 33.6289
25.394 838.9236 33.6287
25.404 838.9051 33.6296
25.414 838.9031 33.6319
25.424 838.9271 33.6313
25.434 838.8985 33.6307
25.444 838.9207 33.6324
25.454 838.9166 33.6321
25.464 838.9345 33.6320
25.474 838.9400 33.6315
25.484 838.9162 33.6307
25.494 838.9238 33.6319
25.504 838.8825 33.6316
25.514 838.9054 33.6307
25.524 838.8943 33.6299
25.534 838.9105 33.6305
25.544 838.9108 33.6316
25.554 838.9118 33.6316
25.564 838.8802 33.6323
25.574 838.9246 33.6321
25.584 838.8917 33.6321
25.594 838.9257 33.6323
25.604 838.9008 33.6319
25.614 838.9145 33.6323
25.624 838.9285 33.6320
25.634 838.9095 33.6334
25.644 838.8986 33.6342
25.654 838.9136 33.6326
25.664 838.8881 33.6315
25.674 838.8904 33.6321
25.684 838.8936 33.6325
25.694 838.8970 33.6316
25.704 838.9206 33.6319
25.714 838.9011 33.6317
25.724 838.9066 33.6293
25.734 838.9000 33.6283
25.744 838.8830 33.6325
25.754 838.8734 33.6344
25.764 838.8691 33.6328
25.774 838.9001 33.6320
25.784 838.9020 33.6323
25.794 838.8577 33.6336
25.804 838.8960 33.6333
25.814 838.9112 33.6312
25.824 838.9179 33.6305
25.834 838.8718 33.6315
25.844 838.8800 33.6309
25.854 838.9177 33.6312
25.864 838.8964 33.6333
25.874 838.8863 33.6313
25.884 838.8964 33.6308
25.894 838.8638 33.6321
25.904 838.9148 33.6321
25.914 838.9062 33.6340
25.924 838.8902 33.6334
25.934 838.9395 33.6340
25.944 838.8913 33.6338
25.954 838.8865 33.6333
25.964 838.8883 33.6344
25.974 838.8880 33.6319
25.984 838.9019 33.6323
25.994 838.8985 33.6324
26.004 838.8949 33.6309
26.014 838.8749 33.6326
26.024 838.9185 33.6325
26.034 838.9073 33.6332
26.044 838.9143 33.6324
26.054 838.9061 33.6307
26.064 838.8955 33.6323
26.074 838.8920 33.6342
26.084 838.9484 33.6332
26.094 838.8811 33.6313
26.104 838.8817 33.6334
26.114 838.9125 33.6353
26.124 838.8848 33.6336
26.134 838.9012 33.6313
26.144 838.8965 33.6326
26.154 838.8936 33.6338
26.164 838.9127 33.6313
26.174 838.9137 33.6319
26.184 838.9074 33.6337
26.194 838.9086 33.6332
26.204 838.9065 33.6344
26.214 838.8986 33.6332
26.224 838.8740 33.6328
26.234 838.9006 33.6341
26.244 838.8993 33.6329
26.254 838.8645 33.6311
26.264 838.9100 33.6316
26.274 838.8768 33.6353
26.284 838.8772 33.6352
26.294 838.8949 33.6345
26.304 838.9056 33.6360
26.314 838.9004 33.6345
26.324 838.9250 33.6315
26.334 838.9151 33.6308
26.344 838.9162 33.6324
26.354 838.8979 33.6341
26.364 838.9236 33.6350
26.374 838.9086 33.6348
26.384 838.9056 33.6361
26.394 838.8889 33.6366
26.404 838.9077 33.6356
26.414 838.9117 33.6341
26.424 838.9203 33.6329
26.434 838.8733 33.6341
26.444 838.8822 33.6356
26.454 838.8966 33.6360
26.464 838.9087 33.6353
26.474 838.9333 33.6342
26.484 838.9217 33.6341
26.494 838.9023 33.6332
26.504 838.9163 33.6341
26.514 838.9011 33.6338
26.524 838.9313 33.6319
26.534 838.9227 33.6332
26.544 838.9104 33.6342
26.554 838.9309 33.6349
26.564 838.9289 33.6345
26.574 838.9087 33.6344
26.584 838.9101 33.6354
26.594 838.9009 33.6356
26.604 838.8907 33.6350
26.614 838.9231 33.6358
26.624 838.9208 33.6338
26.634 838.9168 33.6328
26.644 838.9056 33.6336
26.654 838.9041 33.6338
26.664 838.9033 33.6365
26.674 838.9043 33.6362
26.684 838.9033 33.6352
26.694 838.8860 33.6341
26.704 838.9211 33.6325
26.714 838.8877 33.6338
26.724 838.8966 33.6334
26.734 838.9041 33.6338
26.744 838.9026 33.6350
26.754 838.9067 33.6346
26.764 838.8754 33.6341
26.774 838.9211 33.6341
26.784 838.9262 33.6342
26.794 838.9016 33.6344
26.804 838.8643 33.6346
26.814 838.9078 33.6342
26.824 838.8930 33.6364
26.834 838.8986 33.6362
26.844 838.8796 33.6348
26.854 838.8751 33.6341
26.864 838.9030 33.6352
26.874 838.8811 33.6358
26.884 838.9289 33.6350
26.894 838.8661 33.6372
26.904 838.8958 33.6385
26.914 838.9291 33.6354
26.924 838.8983 33.6353
26.934 838.9059 33.6376
26.944 838.8585 33.6358
26.954 838.9022 33.6337
26.964 838.9026 33.6333
26.974 838.9032 33.6349
26.984 838.8764 33.6360
26.994 838.8911 33.6348
27.004 838.8470 33.6333
27.014 838.9014 33.6344
27.024 838.9046 33.6356
27.034 838.8816 33.6365
27.044 838.9054 33.6366
27.054 838.8792 33.6370
27.064 838.9305 33.6373
27.074 838.8745 33.6362
27.084 838.9075 33.6373
27.094 838.8953 33.6383
27.104 838.8758 33.6361
27.114 838.8935 33.6357
27.124 838.9113 33.6373
27.134 838.9032 33.6368
27.144 838.8833 33.6378
27.154 838.8922 33.6379
27.164 838.8980 33.6378
27.174 838.8935 33.6386
27.184 838.8804 33.6373
27.194 838.9043 33.6364
27.204 838.9130 33.6398
27.214 838.9088 33.6409
27.224 838.9075 33.6395
27.234 838.9249 33.6393
27.244 838.9072 33.6378
27.254 838.9090 33.6377
27.264 838.8686 33.6391
27.274 838.9059 33.6385
27.284 838.8960 33.6365
27.294 838.9191 33.6366
27.304 838.8916 33.6383
27.314 838.8819 33.6379
27.324 838.8782 33.6360
27.334 838.9075 33.6373
27.344 838.8856 33.6389
27.354 838.8725 33.6386
27.364 838.9142 33.6374
27.374 838.9012 33.6365
27.384 838.9050 33.6385
27.394 838.8782 33.6383
27.404 838.8877 33.6381
27.414 838.8757 33.6391
27.424 838.9014 33.6381
27.434 838.8995 33.6373
27.444 838.9109 33.6365
27.454 838.8953 33.6368
27.464 838.8839 33.6370
27.474 838.9102 33.6373
27.484 838.9232 33.6381
27.494 838.9209 33.6376
27.504 838.9020 33.6378
27.514 838.9205 33.6393
27.524 838.8884 33.6398
27.534 838.9354 33.6391
27.544 838.9007 33.6389
27.554 838.9233 33.6402
27.564 838.8701 33.6405
27.574 838.9007 33.6397
27.584 838.9030 33.6364
27.594 838.8946 33.6361
27.604 838.9202 33.6401
27.614 838.9080 33.6395
27.624 838.8709 33.6395
27.634 838.8979 33.6398
27.644 838.8942 33.6383
27.654 838.8941 33.6377
27.664 838.8420 33.6370
27.674 838.9152 33.6373
27.684 838.9114 33.6382
27.694 838.9156 33.6373
27.704 838.8728 33.6381
27.714 838.9054 33.6407
27.724 838.9129 33.6405
27.734 838.8957 33.6395
27.744 838.9028 33.6381
27.754 838.8879 33.6382
27.764 838.9073 33.6383
27.774 838.9001 33.6385
27.784 838.9197 33.6389
27.794 838.9136 33.6362
27.804 838.8954 33.6377
27.814 838.8659 33.6410
27.824 838.9342 33.6410
27.834 838.9342 33.6401
27.844 838.8947 33.6379
27.854 838.9257 33.6387
27.864 838.8882 33.6410
27.874 838.9152 33.6410
27.884 838.9225 33.6410
27.894 838.8762 33.6410
27.904 838.9405 33.6403
27.914 838.9198 33.6405
27.924 838.9091 33.6405
27.934 838.9030 33.6397
27.944 838.8791 33.6390
27.954 838.8946 33.6397
27.964 838.9087 33.6410
27.974 838.8785 33.6410
27.984 838.9253 33.6398
27.994 838.9016 33.6395
28.004 838.8969 33.6401
28.014 838.9014 33.6399
28.024 838.9071 33.6410
28.034 838.9017 33.6419
28.044 838.9350 33.6409
28.054 838.9196 33.6403
28.064 838.9064 33.6417
28.074 838.8741 33.6418
28.084 838.9003 33.6418
28.094 838.8869 33.6414
28.104 838.9078 33.6409
28.114 838.8882 33.6406
28.124 838.9042 33.6423
28.134 838.9118 33.6428
28.144 838.9339 33.6407
28.154 838.8945 33.6413
28.164 838.8873 33.6422
28.174 838.9221 33.6413
28.184 838.9079 33.6423
28.194 838.8967 33.6426
28.204 838.8918 33.6418
28.214 838.8908 33.6435
28.224 838.8846 33.6430
28.234 838.8893 33.6422
28.244 838.9152 33.6428
28.254 838.9020 33.6422
28.264 838.8991 33.6409
28.274 838.9202 33.6422
28.284 838.8955 33.6410
28.294 838.8919 33.6405
28.304 838.9031 33.6419
28.314 838.9081 33.6431
28.324 838.9190 33.6438
28.334 838.8840 33.6431
28.344 838.8876 33.6414
28.354 838.9210 33.6407
28.364 838.9266 33.6414
28.374 838.8922 33.6423
28.384 838.8890 33.6419
28.394 838.9245 33.6419
28.404 838.8773 33.6425
28.414 838.9235 33.6399
28.424 838.9039 33.6398
28.434 838.8767 33.6409
28.444 838.9055 33.6415
28.454 838.9229 33.6413
28.464 838.9102 33.6419
28.474 838.9257 33.6428
28.484 838.9170 33.6410
28.494 838.9006 33.6410
28.504 838.9263 33.6407
28.514 838.8825 33.6415
28.524 838.9031 33.6447
28.534 838.8670 33.6431
28.544 838.9051 33.6413
28.554 838.8914 33.6415
28.564 838.8656 33.6421
28.574 838.8792 33.6425
28.584 838.8765 33.6415
28.594 838.9224 33.6399
28.604 838.8837 33.6411
28.614 838.8865 33.6426
28.624 838.9106 33.6422
28.634 838.8900 33.6435
28.644 838.8654 33.6431
28.654 838.9246 33.6418
28.664 838.9055 33.6414
28.674 838.9250 33.6409
28.684 838.9223 33.6405
28.694 838.9284 33.6407
28.704 838.8739 33.6425
28.714 838.8994 33.6436
28.724 838.9061 33.6435
28.734 838.8965 33.6422
28.744 838.8803 33.6417
28.754 838.9068 33.6431
28.764 838.9236 33.6442
28.774 838.8920 33.6422
28.784 838.8933 33.6410
28.794 838.8886 33.6410
28.804 838.9176 33.6417
28.814 838.8922 33.6446
28.824 838.8735 33.6440
28.834 838.9198 33.6421
28.844 838.9092 33.6415
28.854 838.8798 33.6417
28.864 838.9419 33.6415
28.874 838.9040 33.6421
28.884 838.8886 33.6444
28.894 838.8728 33.6446
28.904 838.8933 33.6434
28.914 838.9157 33.6447
28.924 838.9044 33.6438
28.934 838.8992 33.6415
28.944 838.9003 33.6426
28.954 838.8898 33.6447
28.964 838.8955 33.6451
28.974 838.8878 33.6448
28.984 838.9009 33.6440
28.994 838.8942 33.6428
29.004 838.9262 33.6430
29.014 838.9106 33.6431
29.024 838.9191 33.6438
29.034 838.9084 33.6431
29.044 838.8969 33.6434
29.054 838.9030 33.6450
29.064 838.9051 33.6470
29.074 838.9462 33.6476
29.084 838.8966 33.6459
29.094 838.9028 33.6464
29.104 838.8809 33.6459
29.114 838.8955 33.6443
29.124 838.8938 33.6442
29.134 838.8930 33.6436
29.144 838.8875 33.6440
29.154 838.9301 33.6439
29.164 838.9080 33.6431
29.174 838.8991 33.6440
29.184 838.8894 33.6463
29.194 838.8624 33.6471
29.204 838.8866 33.6451
29.214 838.9113 33.6431
29.224 838.8815 33.6431
29.234 838.9013 33.6436
29.244 838.9082 33.6436
29.254 838.9352 33.6440
29.264 838.8857 33.6447
29.274 838.8751 33.6442
29.284 838.8856 33.6425
29.294 838.8619 33.6440
29.304 838.8891 33.6450
29.314 838.8776 33.6427
29.324 838.8956 33.6446
29.334 838.9100 33.6462
29.344 838.9061 33.6460
29.354 838.9088 33.6452
29.364 838.8832 33.6440
29.374 838.8883 33.6440
29.384 838.8958 33.6423
29.394 838.8931 33.6439
29.404 838.8794 33.6470
29.414 838.9073 33.6459
29.424 838.9186 33.6458
29.434 838.9566 33.6459
29.444 838.8770 33.6446
29.454 838.9240 33.6440
29.464 838.9006 33.6454
29.474 838.9017 33.6456
29.484 838.9181 33.6458
29.494 838.8863 33.6472
29.504 838.8882 33.6474
29.514 838.8830 33.6474
29.524 838.9199 33.6462
29.534 838.8822 33.6454
29.544 838.8801 33.6456
29.554 838.8604 33.6448
29.564 838.8852 33.6440
29.574 838.8831 33.6454
29.584 838.9042 33.6480
29.594 838.8967 33.6479
29.604 838.8719 33.6462
29.614 838.9035 33.6451
29.624 838.9065 33.6450
29.634 838.9334 33.6491
29.644 838.9222 33.6489
29.654 838.9103 33.6474
29.664 838.9368 33.6496
29.674 838.9201 33.6476
29.684 838.8872 33.6467
29.694 838.8962 33.6474
29.704 838.9544 33.6468
29.714 838.9317 33.6475
29.724 838.8944 33.6472
29.734 838.9091 33.6470
29.744 838.9221 33.6470
29.754 838.8891 33.6481
29.764 838.9104 33.6493
29.774 838.9125 33.6487
29.784 838.8993 33.6497
29.794 838.8983 33.6508
29.804 838.8841 33.6496
29.814 838.8948 33.6478
29.824 838.9142 33.6462
29.834 838.9206 33.6450
29.844 838.9233 33.6471
29.854 838.8839 33.6489
29.864 838.9073 33.6463
29.874 838.9108 33.6470
29.884 838.9111 33.6492
29.894 838.8926 33.6462
29.904 838.9108 33.6471
29.914 838.9499 33.6497
29.924 838.8775 33.6488
29.934 838.9379 33.6489
29.944 838.8957 33.6487
29.954 838.9096 33.6488
29.964 838.8916 33.6495
29.974 838.8990 33.6492
29.984 838.8842 33.6480
29.994 838.8754 33.6467
