% 21-Jul-2025 11:18:14
% Time, s	 Pressure, mBar	 Temperature, degC
0.005 841.0979 35.5770
0.015 841.0727 35.5802
0.025 841.0995 35.5818
0.035 841.0517 35.5835
0.045 841.1037 35.5860
0.055 841.0415 35.5884
0.065 841.0954 35.5897
0.075 841.0765 35.5921
0.085 841.0639 35.5957
0.095 841.0585 35.6000
0.105 841.0901 35.6021
0.115 841.0990 35.6026
0.125 841.1081 35.6042
0.135 841.0890 35.6055
0.145 841.0713 35.6055
0.155 841.0830 35.6065
0.165 841.0806 35.6093
0.174 841.0720 35.6109
0.184 841.0755 35.6117
0.194 841.0598 35.6137
0.204 841.1077 35.6151
0.214 841.0863 35.6152
0.224 841.1017 35.6160
0.234 841.0577 35.6187
0.244 841.0945 35.6194
0.254 841.0556 35.6196
0.264 841.1000 35.6222
0.274 841.0705 35.6242
0.284 841.1002 35.6253
0.294 841.0850 35.6255
0.304 841.0877 35.6259
0.314 841.0888 35.6265
0.324 841.0928 35.6275
0.334 841.0888 35.6285
0.344 841.0982 35.6293
0.354 841.0742 35.6301
0.364 841.1462 35.6306
0.374 841.0994 35.6309
0.384 841.0758 35.6329
0.394 841.0945 35.6364
0.404 841.1223 35.6365
0.414 841.0909 35.6356
0.424 841.0909 35.6356
0.434 841.0976 35.6360
0.444 841.1091 35.6368
0.454 841.1271 35.6349
0.464 841.0865 35.6353
0.474 841.1095 35.6380
0.484 841.1158 35.6372
0.494 841.1030 35.6377
0.504 841.0942 35.6383
0.514 841.1256 35.6372
0.524 841.0597 35.6377
0.534 841.0694 35.6387
0.544 841.0833 35.6418
0.554 841.0991 35.6418
0.564 841.0781 35.6411
0.574 841.0840 35.6411
0.584 841.0492 35.6404
0.594 841.1117 35.6422
0.604 841.0812 35.6427
0.614 841.0973 35.6428
0.624 841.1116 35.6431
0.634 841.0884 35.6443
0.644 841.1049 35.6447
0.654 841.1161 35.6454
0.664 841.0856 35.6459
0.674 841.1094 35.6450
0.684 841.0767 35.6454
0.694 841.0910 35.6457
0.704 841.0521 35.6459
0.714 841.0651 35.6475
0.724 841.1183 35.6475
0.734 841.1006 35.6475
0.744 841.1217 35.6473
0.754 841.1108 35.6467
0.764 841.1040 35.6493
0.774 841.0847 35.6485
0.784 841.0871 35.6477
0.794 841.1232 35.6490
0.804 841.0894 35.6489
0.814 841.0700 35.6490
0.824 841.1013 35.6489
0.834 841.0942 35.6493
0.844 841.0963 35.6504
0.854 841.0907 35.6495
0.864 841.0754 35.6487
0.874 841.0850 35.6506
0.884 841.1081 35.6524
0.894 841.0929 35.6526
0.904 841.1114 35.6530
0.914 841.1478 35.6525
0.924 841.1451 35.6512
0.934 841.1096 35.6521
0.944 841.1237 35.6513
0.954 841.0739 35.6510
0.964 841.0788 35.6525
0.974 841.0934 35.6529
0.984 841.1210 35.6529
0.994 841.1065 35.6536
1.004 841.1069 35.6548
1.014 841.0765 35.6553
1.024 841.1018 35.6552
1.034 841.0918 35.6541
1.044 841.0988 35.6546
1.054 841.0686 35.6553
1.064 841.0738 35.6560
1.074 841.1084 35.6565
1.084 841.1311 35.6550
1.094 841.0860 35.6532
1.104 841.0746 35.6544
1.114 841.1108 35.6557
1.124 841.0981 35.6553
1.134 841.1129 35.6568
1.144 841.1167 35.6577
1.154 841.0905 35.6575
1.164 841.1005 35.6565
1.174 841.0717 35.6569
1.184 841.1058 35.6572
1.194 841.1215 35.6572
1.204 841.1049 35.6577
1.214 841.0759 35.6571
1.224 841.0568 35.6573
1.234 841.0727 35.6584
1.244 841.0866 35.6595
1.254 841.1009 35.6597
1.264 841.1177 35.6603
1.274 841.1135 35.6601
1.284 841.0862 35.6583
1.294 841.0967 35.6576
1.304 841.0802 35.6592
1.314 841.1155 35.6601
1.324 841.1416 35.6584
1.334 841.0953 35.6579
1.344 841.0917 35.6591
1.354 841.1160 35.6584
1.364 841.1319 35.6595
1.374 841.0831 35.6587
1.384 841.1088 35.6577
1.394 841.0899 35.6601
1.404 841.0941 35.6623
1.414 841.0940 35.6612
1.424 841.0870 35.6587
1.434 841.1041 35.6593
1.444 841.0773 35.6597
1.454 841.0777 35.6609
1.464 841.1354 35.6612
1.474 841.0726 35.6614
1.484 841.0791 35.6607
1.494 841.0736 35.6599
1.504 841.0954 35.6630
1.514 841.1262 35.6626
1.524 841.0857 35.6620
1.534 841.1027 35.6636
1.544 841.0749 35.6626
1.554 841.0819 35.6631
1.564 841.1249 35.6639
1.574 841.0952 35.6628
1.584 841.0808 35.6626
1.594 841.0858 35.6631
1.604 841.0889 35.6636
1.614 841.0875 35.6630
1.624 841.0886 35.6615
1.634 841.1179 35.6614
1.644 841.0879 35.6642
1.654 841.1334 35.6652
1.664 841.1146 35.6647
1.674 841.1074 35.6640
1.684 841.0967 35.6616
1.694 841.0861 35.6632
1.704 841.0780 35.6651
1.714 841.0931 35.6638
1.724 841.0487 35.6632
1.734 841.1073 35.6630
1.744 841.0965 35.6635
1.754 841.0777 35.6650
1.764 841.0924 35.6644
1.774 841.1119 35.6643
1.784 841.0435 35.6656
1.794 841.0886 35.6655
1.804 841.1225 35.6667
1.814 841.0828 35.6666
1.824 841.0936 35.6660
1.834 841.1060 35.6663
1.844 841.0739 35.6660
1.854 841.0828 35.6666
1.864 841.0650 35.6655
1.874 841.0660 35.6660
1.884 841.0685 35.6683
1.894 841.1064 35.6675
1.904 841.0726 35.6674
1.914 841.0906 35.6675
1.924 841.1125 35.6656
1.934 841.0877 35.6660
1.944 841.1000 35.6663
1.954 841.1100 35.6654
1.964 841.0893 35.6669
1.974 841.1330 35.6681
1.984 841.0919 35.6682
1.994 841.0843 35.6683
2.004 841.0966 35.6686
2.014 841.1198 35.6703
2.024 841.1320 35.6695
2.034 841.0909 35.6677
2.044 841.1188 35.6669
2.054 841.1102 35.6685
2.064 841.1179 35.6694
2.074 841.0981 35.6683
2.084 841.1225 35.6707
2.094 841.0996 35.6721
2.104 841.0854 35.6709
2.114 841.0903 35.6694
2.124 841.1278 35.6694
2.134 841.0722 35.6702
2.144 841.1157 35.6713
2.154 841.0928 35.6717
2.164 841.1039 35.6713
2.174 841.1038 35.6722
2.184 841.1020 35.6724
2.194 841.0852 35.6718
2.204 841.1065 35.6706
2.214 841.0807 35.6695
2.224 841.0994 35.6710
2.234 841.0678 35.6720
2.244 841.1221 35.6715
2.254 841.0867 35.6715
2.264 841.0959 35.6722
2.274 841.0440 35.6729
2.284 841.1126 35.6717
2.294 841.1190 35.6720
2.304 841.0943 35.6734
2.314 841.0896 35.6730
2.324 841.1135 35.6732
2.334 841.0508 35.6724
2.344 841.0771 35.6717
2.354 841.0864 35.6734
2.364 841.1002 35.6734
2.374 841.1031 35.6729
2.384 841.1068 35.6748
2.394 841.1343 35.6757
2.404 841.0992 35.6749
2.414 841.0721 35.6752
2.424 841.0750 35.6746
2.434 841.1084 35.6736
2.444 841.0856 35.6730
2.454 841.0911 35.6718
2.464 841.0989 35.6728
2.474 841.1416 35.6754
2.484 841.0728 35.6765
2.494 841.1199 35.6754
2.504 841.0471 35.6745
2.514 841.1001 35.6764
2.524 841.1159 35.6764
2.534 841.0478 35.6758
2.544 841.0741 35.6752
2.554 841.0737 35.6760
2.564 841.1106 35.6757
2.574 841.0850 35.6737
2.584 841.1382 35.6757
2.594 841.1014 35.6750
2.604 841.1008 35.6757
2.614 841.1026 35.6787
2.624 841.0981 35.6784
2.634 841.1026 35.6766
2.644 841.0713 35.6768
2.654 841.0870 35.6777
2.664 841.0749 35.6776
2.674 841.1159 35.6784
2.684 841.0992 35.6789
2.694 841.0980 35.6773
2.704 841.1050 35.6758
2.714 841.1037 35.6772
2.724 841.0952 35.6769
2.734 841.0830 35.6777
2.744 841.0415 35.6787
2.754 841.0795 35.6769
2.764 841.0974 35.6780
2.774 841.0728 35.6785
2.784 841.1084 35.6776
2.794 841.0874 35.6789
2.804 841.1048 35.6788
2.814 841.0882 35.6793
2.824 841.0917 35.6801
2.834 841.1022 35.6795
2.844 841.1232 35.6801
2.854 841.1181 35.6805
2.864 841.0509 35.6804
2.874 841.0875 35.6800
2.884 841.1018 35.6803
2.894 841.0857 35.6811
2.904 841.1081 35.6815
2.914 841.0887 35.6816
2.924 841.0966 35.6816
2.934 841.1289 35.6820
2.944 841.0942 35.6824
2.954 841.1150 35.6830
2.964 841.1062 35.6815
2.974 841.1175 35.6812
2.984 841.0962 35.6804
2.994 841.0858 35.6781
3.004 841.1154 35.6801
3.014 841.1016 35.6821
3.024 841.1172 35.6831
3.034 841.0806 35.6835
3.044 841.0958 35.6832
3.054 841.1003 35.6815
3.064 841.1127 35.6808
3.074 841.1074 35.6811
3.084 841.0590 35.6805
3.094 841.0820 35.6812
3.104 841.1080 35.6824
3.114 841.0940 35.6823
3.124 841.0927 35.6836
3.134 841.0807 35.6846
3.144 841.1261 35.6816
3.154 841.0996 35.6821
3.164 841.1247 35.6839
3.174 841.1091 35.6830
3.184 841.0938 35.6832
3.194 841.0674 35.6848
3.204 841.0949 35.6858
3.214 841.0987 35.6847
3.224 841.1049 35.6848
3.234 841.1104 35.6856
3.244 841.1001 35.6844
3.254 841.1005 35.6836
3.264 841.1050 35.6859
3.274 841.0954 35.6860
3.284 841.0925 35.6846
3.294 841.1066 35.6867
3.304 841.0910 35.6878
3.314 841.0909 35.6838
3.324 841.0982 35.6824
3.334 841.0794 35.6859
3.344 841.1017 35.6872
3.354 841.1061 35.6864
3.364 841.0912 35.6859
3.374 841.0903 35.6864
3.384 841.0619 35.6860
3.394 841.1153 35.6851
3.404 841.1024 35.6866
3.414 841.0992 35.6870
3.424 841.0676 35.6859
3.434 841.0798 35.6871
3.444 841.0715 35.6879
3.454 841.0966 35.6876
3.464 841.0682 35.6872
3.474 841.1338 35.6855
3.484 841.0702 35.6852
3.494 841.0516 35.6878
3.504 841.0962 35.6864
3.514 841.0791 35.6858
3.524 841.0999 35.6863
3.534 841.0822 35.6863
3.544 841.0943 35.6885
3.554 841.0692 35.6887
3.564 841.1196 35.6883
3.574 841.1011 35.6899
3.584 841.1474 35.6914
3.594 841.1196 35.6903
3.604 841.1305 35.6909
3.614 841.0902 35.6914
3.624 841.1437 35.6895
3.634 841.0803 35.6874
3.644 841.1309 35.6880
3.654 841.1293 35.6893
3.664 841.1138 35.6894
3.674 841.1133 35.6891
3.684 841.0969 35.6898
3.694 841.1057 35.6913
3.704 841.1006 35.6897
3.714 841.1033 35.6901
3.724 841.1336 35.6914
3.734 841.1095 35.6902
3.744 841.1179 35.6905
3.754 841.1020 35.6914
3.764 841.1081 35.6905
3.774 841.0780 35.6902
3.784 841.1019 35.6923
3.794 841.0681 35.6922
3.804 841.0596 35.6909
3.814 841.0928 35.6907
3.824 841.0998 35.6913
3.834 841.1079 35.6914
3.844 841.0979 35.6903
3.854 841.0998 35.6933
3.864 841.1177 35.6944
3.874 841.1045 35.6917
3.884 841.1266 35.6909
3.894 841.1147 35.6938
3.904 841.1369 35.6961
3.914 841.1026 35.6937
3.924 841.0733 35.6918
3.934 841.1124 35.6917
3.944 841.0871 35.6918
3.954 841.0781 35.6913
3.964 841.1127 35.6918
3.974 841.0822 35.6923
3.984 841.0662 35.6922
3.994 841.0818 35.6931
4.004 841.1036 35.6942
4.014 841.0806 35.6936
4.024 841.0984 35.6936
4.034 841.1244 35.6948
4.044 841.1051 35.6940
4.054 841.1175 35.6933
4.064 841.1229 35.6950
4.074 841.0634 35.6958
4.084 841.0678 35.6950
4.094 841.1215 35.6953
4.104 841.1348 35.6950
4.114 841.0809 35.6937
4.124 841.0611 35.6946
4.134 841.1250 35.6961
4.144 841.1169 35.6960
4.154 841.1130 35.6960
4.164 841.0664 35.6964
4.174 841.0955 35.6961
4.184 841.0990 35.6949
4.194 841.0879 35.6962
4.204 841.1194 35.6962
4.214 841.0904 35.6945
4.224 841.0846 35.6956
4.234 841.1127 35.6978
4.244 841.0984 35.6976
4.254 841.0865 35.6956
4.264 841.0930 35.6958
4.274 841.0745 35.6974
4.284 841.1139 35.6974
4.294 841.0850 35.6968
4.304 841.1161 35.6956
4.314 841.1040 35.6954
4.324 841.0946 35.6966
4.334 841.0642 35.6982
4.344 841.0969 35.6978
4.354 841.0707 35.6965
4.364 841.1049 35.6969
4.374 841.1030 35.6949
4.384 841.1237 35.6954
4.394 841.0946 35.6966
4.404 841.0914 35.6950
4.414 841.0699 35.6961
4.424 841.1170 35.6970
4.434 841.0892 35.6969
4.444 841.1135 35.6982
4.454 841.0831 35.6978
4.464 841.1341 35.6977
4.474 841.0933 35.6980
4.484 841.1293 35.6982
4.494 841.0945 35.6996
4.504 841.1092 35.6991
4.514 841.0938 35.6982
4.524 841.0615 35.6978
4.534 841.0791 35.6988
4.544 841.1023 35.6996
4.554 841.0931 35.6989
4.564 841.0655 35.6989
4.574 841.0679 35.7001
4.584 841.1018 35.6993
4.594 841.1134 35.6992
4.604 841.0943 35.7005
4.614 841.0942 35.6995
4.624 841.1194 35.6982
4.634 841.1094 35.6972
4.644 841.1088 35.6999
4.654 841.0920 35.7013
4.664 841.1030 35.7009
4.674 841.0914 35.7011
4.684 841.0970 35.6999
4.694 841.1433 35.7004
4.704 841.0853 35.7009
4.714 841.1194 35.7023
4.724 841.0916 35.7021
4.734 841.1018 35.7013
4.744 841.1173 35.7012
4.754 841.1133 35.7021
4.764 841.0617 35.7020
4.774 841.0766 35.7005
4.784 841.0779 35.7012
4.794 841.1077 35.7013
4.804 841.1004 35.7016
4.814 841.1091 35.7020
4.824 841.0858 35.7032
4.834 841.0852 35.7059
4.844 841.0785 35.7055
4.854 841.0971 35.7050
4.864 841.1105 35.7037
4.874 841.0770 35.7017
4.884 841.1035 35.7032
4.894 841.1003 35.7046
4.904 841.1168 35.7029
4.914 841.1024 35.7036
4.924 841.0962 35.7055
4.934 841.1168 35.7050
4.944 841.1039 35.7044
4.954 841.1030 35.7050
4.964 841.0587 35.7055
4.974 841.0794 35.7050
4.984 841.0706 35.7055
4.994 841.0848 35.7047
5.004 841.1081 35.7046
5.014 841.0983 35.7046
5.024 841.0783 35.7064
5.034 841.1100 35.7055
5.044 841.1022 35.7025
5.054 841.0901 35.7024
5.064 841.0878 35.7032
5.074 841.0765 35.7055
5.084 841.0829 35.7058
5.094 841.1125 35.7058
5.104 841.1163 35.7067
5.114 841.1049 35.7059
5.124 841.1223 35.7037
5.134 841.0690 35.7047
5.144 841.0786 35.7066
5.154 841.1205 35.7068
5.164 841.0965 35.7076
5.174 841.0909 35.7068
5.184 841.0895 35.7051
5.194 841.0955 35.7062
5.204 841.0866 35.7076
5.214 841.1147 35.7079
5.224 841.1243 35.7058
5.234 841.1201 35.7056
5.244 841.0779 35.7072
5.254 841.1128 35.7059
5.264 841.1239 35.7066
5.274 841.1016 35.7092
5.284 841.1025 35.7107
5.294 841.1106 35.7118
5.304 841.0699 35.7102
5.314 841.1003 35.7086
5.324 841.0868 35.7087
5.334 841.1053 35.7091
5.344 841.0987 35.7098
5.354 841.0935 35.7091
5.364 841.1233 35.7092
5.374 841.1094 35.7102
5.384 841.0787 35.7096
5.394 841.0902 35.7105
5.404 841.0894 35.7101
5.414 841.1004 35.7096
5.424 841.1109 35.7110
5.434 841.0594 35.7109
5.444 841.0723 35.7114
5.454 841.0991 35.7110
5.464 841.1042 35.7106
5.474 841.1162 35.7117
5.484 841.0717 35.7121
5.494 841.0908 35.7118
5.504 841.0724 35.7125
5.514 841.0474 35.7127
5.524 841.1272 35.7113
5.534 841.0652 35.7098
5.544 841.0831 35.7088
5.554 841.1293 35.7103
5.564 841.1087 35.7109
5.574 841.0702 35.7103
5.584 841.1078 35.7114
5.594 841.0680 35.7122
5.604 841.1117 35.7114
5.614 841.1024 35.7117
5.624 841.0852 35.7139
5.634 841.0862 35.7125
5.644 841.0745 35.7115
5.654 841.1303 35.7118
5.664 841.0743 35.7114
5.674 841.1183 35.7107
5.684 841.1233 35.7113
5.694 841.0747 35.7146
5.704 841.1207 35.7160
5.714 841.0815 35.7141
5.724 841.1125 35.7138
5.734 841.0786 35.7146
5.744 841.0782 35.7134
5.754 841.1015 35.7122
5.764 841.0964 35.7126
5.774 841.0923 35.7135
5.784 841.1077 35.7123
5.794 841.1081 35.7135
5.804 841.1245 35.7149
5.814 841.1194 35.7133
5.824 841.0856 35.7131
5.834 841.1158 35.7145
5.844 841.0994 35.7131
5.854 841.1183 35.7107
5.864 841.0797 35.7131
5.874 841.1019 35.7154
5.884 841.1274 35.7164
5.894 841.1211 35.7172
5.904 841.0884 35.7156
5.914 841.0767 35.7146
5.924 841.1006 35.7147
5.934 841.1031 35.7150
5.944 841.1035 35.7162
5.954 841.0896 35.7172
5.964 841.0893 35.7170
5.974 841.1078 35.7154
5.984 841.1124 35.7147
5.994 841.0738 35.7151
6.004 841.0856 35.7172
6.014 841.0976 35.7182
6.024 841.1118 35.7174
6.034 841.0629 35.7166
6.044 841.0613 35.7158
6.054 841.0737 35.7161
6.064 841.1171 35.7151
6.074 841.0882 35.7165
6.084 841.1196 35.7174
6.094 841.0914 35.7161
6.104 841.0797 35.7172
6.114 841.0993 35.7181
6.124 841.0925 35.7186
6.134 841.0702 35.7184
6.144 841.1228 35.7190
6.154 841.0982 35.7196
6.164 841.1023 35.7186
6.174 841.0914 35.7201
6.184 841.0851 35.7209
6.194 841.0992 35.7190
6.204 841.0868 35.7188
6.214 841.0873 35.7190
6.224 841.0925 35.7186
6.234 841.1229 35.7201
6.244 841.0772 35.7209
6.254 841.1134 35.7202
6.264 841.0864 35.7196
6.274 841.0685 35.7185
6.284 841.0738 35.7192
6.294 841.1056 35.7193
6.304 841.1144 35.7188
6.314 841.0953 35.7181
6.324 841.1013 35.7181
6.334 841.1090 35.7190
6.344 841.0930 35.7189
6.354 841.0879 35.7193
6.364 841.0825 35.7196
6.374 841.0423 35.7192
6.384 841.0877 35.7202
6.394 841.0682 35.7213
6.404 841.1085 35.7208
6.414 841.0996 35.7202
6.424 841.0880 35.7204
6.434 841.1356 35.7205
6.444 841.1201 35.7227
6.454 841.0845 35.7236
6.464 841.0925 35.7207
6.474 841.0658 35.7221
6.484 841.1121 35.7236
6.494 841.1018 35.7224
6.504 841.0940 35.7215
6.514 841.0676 35.7211
6.524 841.0690 35.7217
6.534 841.0818 35.7223
6.544 841.0984 35.7227
6.554 841.0904 35.7236
6.564 841.1312 35.7233
6.574 841.0749 35.7217
6.584 841.0996 35.7223
6.594 841.0661 35.7223
6.604 841.0556 35.7229
6.614 841.1054 35.7232
6.624 841.0733 35.7229
6.634 841.0896 35.7252
6.644 841.1023 35.7247
6.654 841.0724 35.7235
6.664 841.0782 35.7224
6.674 841.0712 35.7219
6.684 841.0966 35.7237
6.694 841.0625 35.7255
6.704 841.1127 35.7249
6.714 841.0918 35.7233
6.724 841.0935 35.7232
6.734 841.1000 35.7255
6.744 841.1071 35.7251
6.754 841.0736 35.7251
6.764 841.0868 35.7268
6.774 841.1027 35.7259
6.784 841.1017 35.7253
6.794 841.0754 35.7260
6.804 841.0941 35.7275
6.814 841.1326 35.7280
6.824 841.0715 35.7280
6.834 841.0640 35.7252
6.844 841.0893 35.7231
6.854 841.0866 35.7247
6.864 841.0679 35.7252
6.874 841.0724 35.7255
6.884 841.1035 35.7263
6.894 841.0709 35.7257
6.904 841.0724 35.7275
6.914 841.0766 35.7276
6.924 841.0837 35.7252
6.934 841.0702 35.7253
6.944 841.0883 35.7266
6.954 841.1258 35.7286
6.964 841.1072 35.7282
6.974 841.1211 35.7272
6.984 841.1190 35.7282
6.994 841.0799 35.7283
7.004 841.0750 35.7288
7.014 841.1171 35.7282
7.024 841.0800 35.7274
7.034 841.0959 35.7284
7.044 841.1062 35.7276
7.054 841.0735 35.7280
7.064 841.1377 35.7296
7.074 841.0560 35.7282
7.084 841.0996 35.7263
7.094 841.0916 35.7272
7.104 841.0884 35.7296
7.114 841.1143 35.7298
7.124 841.1120 35.7286
7.134 841.0775 35.7291
7.144 841.1104 35.7298
7.154 841.0979 35.7304
7.164 841.1212 35.7312
7.174 841.1068 35.7310
7.184 841.0990 35.7310
7.194 841.0937 35.7303
7.204 841.0704 35.7295
7.214 841.0471 35.7317
7.224 841.1105 35.7308
7.234 841.1009 35.7290
7.244 841.0979 35.7284
7.254 841.0999 35.7284
7.264 841.1053 35.7302
7.274 841.1062 35.7296
7.284 841.0917 35.7283
7.294 841.0534 35.7288
7.304 841.1214 35.7294
7.314 841.0908 35.7308
7.324 841.0975 35.7312
7.334 841.0878 35.7283
7.344 841.1176 35.7284
7.354 841.0735 35.7300
7.364 841.1210 35.7302
7.374 841.1088 35.7290
7.384 841.1152 35.7292
7.394 841.0869 35.7308
7.404 841.1351 35.7303
7.414 841.0788 35.7298
7.424 841.0651 35.7318
7.434 841.0718 35.7322
7.444 841.0946 35.7318
7.454 841.0706 35.7326
7.464 841.0883 35.7326
7.474 841.0836 35.7342
7.484 841.0954 35.7342
7.494 841.0770 35.7329
7.504 841.0956 35.7333
7.514 841.0890 35.7339
7.524 841.1200 35.7337
7.534 841.0473 35.7318
7.544 841.1024 35.7307
7.554 841.1017 35.7314
7.564 841.1170 35.7331
7.574 841.0971 35.7341
7.584 841.0882 35.7335
7.594 841.1084 35.7338
7.604 841.1176 35.7345
7.614 841.1120 35.7346
7.624 841.1212 35.7353
7.634 841.1247 35.7361
7.644 841.0721 35.7363
7.654 841.0711 35.7349
7.664 841.1216 35.7325
7.674 841.0961 35.7335
7.684 841.1078 35.7345
7.694 841.0935 35.7342
7.704 841.1003 35.7337
7.714 841.0849 35.7329
7.724 841.0962 35.7346
7.734 841.0940 35.7345
7.744 841.0933 35.7351
7.754 841.1414 35.7376
7.764 841.0899 35.7354
7.774 841.0835 35.7351
7.784 841.1286 35.7370
7.794 841.0895 35.7362
7.804 841.1249 35.7372
7.814 841.1086 35.7389
7.824 841.0958 35.7374
7.834 841.0711 35.7349
7.844 841.1324 35.7339
7.854 841.0835 35.7351
7.864 841.1291 35.7373
7.874 841.1156 35.7374
7.884 841.1347 35.7372
7.894 841.0941 35.7376
7.904 841.0797 35.7382
7.914 841.1510 35.7394
7.924 841.0799 35.7384
7.934 841.0872 35.7370
7.944 841.1173 35.7373
7.954 841.0820 35.7374
7.964 841.1041 35.7386
7.974 841.0856 35.7402
7.984 841.0998 35.7394
7.994 841.0844 35.7386
8.004 841.0918 35.7384
8.014 841.0943 35.7386
8.024 841.1307 35.7401
8.034 841.0916 35.7393
8.044 841.0702 35.7374
8.054 841.0764 35.7376
8.064 841.1004 35.7388
8.074 841.0997 35.7384
8.084 841.1040 35.7376
8.094 841.0517 35.7370
8.104 841.0722 35.7374
8.114 841.0781 35.7394
8.124 841.0721 35.7404
8.134 841.0960 35.7405
8.144 841.0722 35.7394
8.154 841.0786 35.7397
8.164 841.0807 35.7408
8.174 841.1065 35.7398
8.184 841.1111 35.7412
8.194 841.1119 35.7416
8.204 841.0645 35.7405
8.214 841.0815 35.7412
8.224 841.1122 35.7417
8.234 841.0980 35.7405
8.244 841.0926 35.7408
8.254 841.1002 35.7427
8.264 841.0963 35.7427
8.274 841.1361 35.7418
8.284 841.0938 35.7424
8.294 841.0794 35.7421
8.304 841.1019 35.7425
8.314 841.1026 35.7439
8.324 841.0810 35.7429
8.334 841.0826 35.7437
8.344 841.0992 35.7441
8.354 841.1080 35.7436
8.364 841.1091 35.7432
8.374 841.0907 35.7439
8.384 841.1252 35.7433
8.394 841.1107 35.7420
8.404 841.0806 35.7417
8.414 841.1101 35.7427
8.424 841.0810 35.7429
8.434 841.1365 35.7431
8.444 841.1119 35.7456
8.454 841.1060 35.7436
8.464 841.0808 35.7428
8.474 841.0764 35.7436
8.484 841.0907 35.7418
8.494 841.0990 35.7410
8.504 841.0448 35.7425
8.514 841.0700 35.7453
8.524 841.0809 35.7459
8.534 841.1287 35.7441
8.544 841.1027 35.7429
8.554 841.0915 35.7443
8.564 841.0888 35.7439
8.574 841.0759 35.7433
8.584 841.0965 35.7448
8.594 841.1307 35.7441
8.604 841.1148 35.7451
8.614 841.1322 35.7479
8.624 841.1187 35.7451
8.634 841.0888 35.7418
8.644 841.0754 35.7431
8.654 841.1278 35.7447
8.664 841.0810 35.7449
8.674 841.0980 35.7445
8.684 841.1132 35.7463
8.694 841.1077 35.7475
8.704 841.0912 35.7471
8.714 841.0967 35.7479
8.724 841.0763 35.7486
8.734 841.0818 35.7473
8.744 841.0814 35.7461
8.754 841.0977 35.7464
8.764 841.0956 35.7473
8.774 841.0813 35.7471
8.784 841.0839 35.7464
8.794 841.0851 35.7460
8.804 841.0938 35.7464
8.814 841.0770 35.7459
8.824 841.1084 35.7468
8.834 841.1111 35.7472
8.844 841.0967 35.7459
8.854 841.0789 35.7459
8.864 841.0906 35.7468
8.874 841.1076 35.7484
8.884 841.1273 35.7484
8.894 841.0707 35.7487
8.904 841.0966 35.7488
8.914 841.0595 35.7480
8.924 841.1096 35.7464
8.934 841.1005 35.7468
8.944 841.1146 35.7490
8.954 841.0906 35.7488
8.964 841.1031 35.7482
8.974 841.0709 35.7508
8.984 841.0891 35.7500
8.994 841.0644 35.7475
9.004 841.0901 35.7486
9.014 841.1174 35.7484
9.024 841.0924 35.7487
9.034 841.1186 35.7480
9.044 841.1037 35.7484
9.054 841.0972 35.7502
9.064 841.0860 35.7495
9.074 841.1097 35.7495
9.084 841.1165 35.7490
9.094 841.0955 35.7483
9.104 841.0838 35.7494
9.114 841.1043 35.7498
9.124 841.0912 35.7491
9.134 841.0879 35.7504
9.144 841.1123 35.7508
9.154 841.0799 35.7494
9.164 841.0850 35.7490
9.174 841.0717 35.7492
9.184 841.0778 35.7503
9.194 841.1194 35.7504
9.204 841.1276 35.7526
9.214 841.1003 35.7527
9.224 841.1063 35.7518
9.234 841.1041 35.7537
9.244 841.0855 35.7533
9.254 841.1173 35.7514
9.264 841.1177 35.7506
9.274 841.0787 35.7518
9.284 841.1303 35.7530
9.294 841.0447 35.7515
9.304 841.0851 35.7500
9.314 841.1186 35.7520
9.324 841.1084 35.7528
9.334 841.0945 35.7518
9.344 841.0970 35.7520
9.354 841.0926 35.7528
9.364 841.1022 35.7527
9.374 841.0911 35.7520
9.384 841.1071 35.7522
9.394 841.0999 35.7515
9.404 841.1156 35.7515
9.414 841.1064 35.7528
9.424 841.1172 35.7543
9.434 841.1089 35.7551
9.444 841.0907 35.7549
9.454 841.1195 35.7545
9.464 841.0731 35.7539
9.474 841.0987 35.7539
9.484 841.1106 35.7550
9.494 841.1444 35.7531
9.504 841.1321 35.7528
9.514 841.1028 35.7550
9.524 841.1004 35.7538
9.534 841.1227 35.7531
9.544 841.0928 35.7539
9.554 841.1289 35.7553
9.564 841.0622 35.7554
9.574 841.1125 35.7559
9.584 841.1264 35.7550
9.594 841.0720 35.7554
9.604 841.1205 35.7570
9.614 841.1151 35.7573
9.624 841.1093 35.7563
9.634 841.0578 35.7542
9.644 841.0928 35.7559
9.654 841.0767 35.7558
9.664 841.0923 35.7557
9.674 841.1251 35.7563
9.684 841.0917 35.7574
9.694 841.1017 35.7585
9.704 841.0879 35.7565
9.714 841.1076 35.7565
9.724 841.1057 35.7585
9.734 841.0818 35.7583
9.744 841.1090 35.7571
9.754 841.0850 35.7570
9.764 841.1022 35.7567
9.774 841.0842 35.7566
9.784 841.0774 35.7571
9.794 841.0804 35.7577
9.804 841.1055 35.7574
9.814 841.1125 35.7579
9.824 841.1327 35.7582
9.834 841.0982 35.7577
9.844 841.1103 35.7578
9.854 841.1277 35.7577
9.864 841.0611 35.7589
9.874 841.1004 35.7598
9.884 841.0840 35.7605
9.894 841.1102 35.7608
9.904 841.1179 35.7597
9.914 841.0948 35.7600
9.924 841.0978 35.7605
9.934 841.0837 35.7604
9.944 841.0765 35.7597
9.954 841.0748 35.7598
9.964 841.0731 35.7600
9.974 841.0970 35.7601
9.984 841.0734 35.7601
9.994 841.0882 35.7606
10.004 841.1262 35.7609
10.014 841.1213 35.7594
10.024 841.1008 35.7590
10.034 841.1024 35.7598
10.044 841.0776 35.7602
10.054 841.0999 35.7596
10.064 841.1123 35.7598
10.074 841.0971 35.7612
10.084 841.1090 35.7612
10.094 841.0848 35.7609
10.104 841.1054 35.7624
10.114 841.0855 35.7622
10.124 841.1161 35.7608
10.134 841.1034 35.7604
10.144 841.0797 35.7613
10.154 841.0767 35.7628
10.164 841.0538 35.7612
10.174 841.0791 35.7610
10.184 841.0763 35.7616
10.194 841.0996 35.7614
10.204 841.1196 35.7616
10.214 841.0922 35.7626
10.224 841.0911 35.7641
10.234 841.0861 35.7616
10.244 841.0937 35.7614
10.254 841.0999 35.7616
10.264 841.0517 35.7601
10.274 841.1297 35.7617
10.284 841.1040 35.7626
10.294 841.0793 35.7621
10.304 841.0971 35.7612
10.314 841.0970 35.7621
10.324 841.1318 35.7628
10.334 841.0985 35.7618
10.344 841.0997 35.7634
10.354 841.0976 35.7644
10.364 841.0805 35.7637
10.374 841.0786 35.7628
10.384 841.0882 35.7626
10.394 841.1070 35.7652
10.404 841.2115 35.7652
10.414 841.0840 35.7625
10.424 841.0865 35.7648
10.434 841.0303 35.7643
10.444 840.8858 35.7620
10.454 840.7640 35.7632
10.464 840.5815 35.7656
10.474 840.3395 35.7668
10.484 840.0427 35.7643
10.494 839.6628 35.7645
10.504 839.3108 35.7669
10.514 838.7797 35.7665
10.524 838.5499 35.7649
10.534 838.5339 35.7648
10.544 838.5262 35.7649
10.554 838.5406 35.7652
10.564 838.5178 35.7667
10.574 838.5506 35.7663
10.584 838.5467 35.7653
10.594 838.5563 35.7652
10.604 838.5017 35.7655
10.614 838.4981 35.7667
10.624 838.4265 35.7653
10.634 838.4905 35.7648
10.644 838.5077 35.7645
10.654 838.5253 35.7655
10.664 838.5063 35.7668
10.674 838.4952 35.7652
10.684 838.4126 35.7643
10.694 838.4700 35.7644
10.704 838.4385 35.7644
10.714 838.4973 35.7663
10.724 838.4845 35.7657
10.734 838.4545 35.7645
10.744 838.4395 35.7669
10.754 838.5034 35.7673
10.764 838.4912 35.7661
10.774 838.5357 35.7657
10.784 838.5404 35.7661
10.794 838.5838 35.7661
10.804 838.5830 35.7657
10.814 838.6019 35.7653
10.824 838.5810 35.7657
10.834 838.5691 35.7647
10.844 838.5121 35.7637
10.854 838.5032 35.7663
10.864 838.5089 35.7661
10.874 838.4601 35.7664
10.884 838.4402 35.7683
10.894 838.5103 35.7679
10.904 838.4762 35.7685
10.914 838.4566 35.7676
10.924 838.4215 35.7648
10.934 838.4441 35.7643
10.944 838.4164 35.7672
10.954 838.4258 35.7680
10.964 838.4688 35.7668
10.974 838.4513 35.7669
10.984 838.5322 35.7669
10.994 838.4968 35.7680
11.004 838.5035 35.7684
11.014 838.4262 35.7672
11.024 838.4904 35.7677
11.034 838.5379 35.7679
11.044 838.5240 35.7688
11.054 838.5021 35.7687
11.064 838.4885 35.7668
11.074 838.5017 35.7675
11.084 838.5110 35.7692
11.094 838.4703 35.7685
11.104 838.4988 35.7680
11.114 838.5268 35.7692
11.124 838.5515 35.7677
11.134 838.5039 35.7656
11.144 838.5496 35.7668
11.154 838.5071 35.7672
11.164 838.3812 35.7673
11.174 838.3816 35.7685
11.184 838.4322 35.7672
11.194 838.5038 35.7685
11.204 838.4324 35.7714
11.214 838.4444 35.7704
11.224 838.4868 35.7689
11.234 838.5139 35.7687
11.244 838.5249 35.7683
11.254 838.5173 35.7684
11.264 838.5516 35.7668
11.274 838.4604 35.7665
11.284 838.5098 35.7696
11.294 838.5126 35.7700
11.304 838.5141 35.7708
11.314 838.5391 35.7715
11.324 838.5185 35.7700
11.334 838.5214 35.7695
11.344 838.4876 35.7693
11.354 838.5266 35.7681
11.364 838.4831 35.7691
11.374 838.4567 35.7707
11.384 838.4411 35.7698
11.394 838.4537 35.7702
11.404 838.4919 35.7685
11.414 838.4109 35.7664
11.424 838.4829 35.7669
11.434 838.4615 35.7691
11.444 838.4887 35.7699
11.454 838.4834 35.7692
11.464 838.4643 35.7685
11.474 838.4403 35.7673
11.484 838.4657 35.7672
11.494 838.4626 35.7687
11.504 838.4902 35.7707
11.514 838.4889 35.7700
11.524 838.4594 35.7700
11.534 838.4458 35.7681
11.544 838.4360 35.7681
11.554 838.4519 35.7712
11.564 838.4592 35.7710
11.574 838.4413 35.7699
11.584 838.4551 35.7699
11.594 838.4703 35.7706
11.604 838.4492 35.7699
11.614 838.4980 35.7696
11.624 838.4979 35.7685
11.634 838.4574 35.7680
11.644 838.4604 35.7706
11.654 838.4820 35.7715
11.664 838.4609 35.7708
11.674 838.4871 35.7711
11.684 838.4763 35.7716
11.694 838.4396 35.7720
11.704 838.4780 35.7715
11.714 838.5044 35.7719
11.724 838.4668 35.7728
11.734 838.4557 35.7722
11.744 838.4456 35.7720
11.754 838.4490 35.7718
11.764 838.4222 35.7702
11.774 838.4260 35.7711
11.784 838.4436 35.7720
11.794 838.4747 35.7728
11.804 838.4755 35.7732
11.814 838.4354 35.7719
11.824 838.4721 35.7715
11.834 838.4449 35.7707
11.844 838.4636 35.7722
11.854 838.4348 35.7726
11.864 838.4566 35.7716
11.874 838.4729 35.7719
11.884 838.4649 35.7708
11.894 838.4388 35.7716
11.904 838.4282 35.7732
11.914 838.4538 35.7732
11.924 838.4625 35.7716
11.934 838.4199 35.7720
11.944 838.4127 35.7714
11.954 838.4632 35.7710
11.964 838.4411 35.7718
11.974 838.4243 35.7732
11.984 838.4300 35.7742
11.994 838.4419 35.7722
12.004 838.4453 35.7719
12.014 838.4402 35.7723
12.024 838.4692 35.7720
12.034 838.4417 35.7731
12.044 838.4482 35.7734
12.054 838.4287 35.7715
12.064 838.4521 35.7714
12.074 838.4329 35.7716
12.084 838.4381 35.7732
12.094 838.4406 35.7735
12.104 838.4461 35.7723
12.114 838.4768 35.7739
12.124 838.4600 35.7754
12.134 838.4672 35.7761
12.144 838.4696 35.7753
12.154 838.4565 35.7746
12.164 838.4735 35.7753
12.174 838.4477 35.7751
12.184 838.4696 35.7753
12.194 838.4863 35.7747
12.204 838.4479 35.7732
12.214 838.4697 35.7723
12.224 838.4940 35.7736
12.234 838.4520 35.7743
12.244 838.4281 35.7742
12.254 838.4767 35.7749
12.264 838.4544 35.7755
12.274 838.4521 35.7754
12.284 838.4371 35.7738
12.294 838.4371 35.7738
12.304 838.4636 35.7742
12.314 838.4308 35.7746
12.324 838.4408 35.7757
12.334 838.4721 35.7755
12.344 838.4254 35.7749
12.354 838.4361 35.7732
12.364 838.4203 35.7732
12.374 838.4147 35.7734
12.384 838.4240 35.7731
12.394 838.4277 35.7750
12.404 838.4333 35.7749
12.414 838.4123 35.7742
12.424 838.3705 35.7750
12.434 838.4407 35.7746
12.444 838.4212 35.7747
12.454 838.4248 35.7755
12.464 838.4241 35.7742
12.474 838.4526 35.7736
12.484 838.4173 35.7747
12.494 838.3918 35.7758
12.504 838.4279 35.7751
12.514 838.4027 35.7743
12.524 838.4496 35.7751
12.534 838.4202 35.7742
12.544 838.3981 35.7730
12.554 838.4331 35.7747
12.564 838.4419 35.7762
12.574 838.4214 35.7758
12.584 838.4294 35.7769
12.594 838.4362 35.7763
12.604 838.3978 35.7749
12.614 838.4018 35.7749
12.624 838.4335 35.7739
12.634 838.4544 35.7735
12.644 838.4252 35.7747
12.654 838.4704 35.7757
12.664 838.4469 35.7767
12.674 838.4957 35.7755
12.684 838.4843 35.7747
12.694 838.4617 35.7773
12.704 838.4404 35.7765
12.714 838.4394 35.7739
12.724 838.4540 35.7743
12.734 838.4398 35.7751
12.744 838.4776 35.7743
12.754 838.4650 35.7739
12.764 838.4509 35.7738
12.774 838.4342 35.7743
12.784 838.4684 35.7736
12.794 838.4771 35.7740
12.804 838.4746 35.7758
12.814 838.4952 35.7753
12.824 838.4767 35.7749
12.834 838.4959 35.7766
12.844 838.4956 35.7765
12.854 838.4961 35.7767
12.864 838.5025 35.7779
12.874 838.5170 35.7763
12.884 838.5298 35.7758
12.894 838.5039 35.7757
12.904 838.5329 35.7754
12.914 838.5490 35.7755
12.924 838.5293 35.7755
12.934 838.5252 35.7765
12.944 838.5588 35.7755
12.954 838.5591 35.7757
12.964 838.5643 35.7763
12.974 838.5513 35.7747
12.984 838.5759 35.7762
12.994 838.5679 35.7791
13.004 838.5604 35.7804
13.014 838.6034 35.7791
13.024 838.5872 35.7779
13.034 838.5851 35.7789
13.044 838.5898 35.7793
13.054 838.6188 35.7779
13.064 838.6082 35.7786
13.074 838.6395 35.7785
13.084 838.6106 35.7778
13.094 838.6002 35.7795
13.104 838.6186 35.7789
13.114 838.6289 35.7781
13.124 838.6629 35.7783
13.134 838.6845 35.7793
13.144 838.6810 35.7795
13.154 838.6356 35.7785
13.164 838.6185 35.7778
13.174 838.6700 35.7779
13.184 838.6859 35.7790
13.194 838.6776 35.7778
13.204 838.6877 35.7779
13.214 838.6813 35.7797
13.224 838.6871 35.7786
13.234 838.6962 35.7782
13.244 838.7025 35.7774
13.254 838.6906 35.7774
13.264 838.7278 35.7793
13.274 838.7268 35.7787
13.284 838.7190 35.7778
13.294 838.7400 35.7785
13.304 838.7261 35.7794
13.314 838.7415 35.7782
13.324 838.7696 35.7785
13.334 838.7779 35.7797
13.344 838.7692 35.7793
13.354 838.7481 35.7795
13.364 838.7590 35.7801
13.374 838.7991 35.7794
13.384 838.7821 35.7798
13.394 838.8290 35.7786
13.404 838.7691 35.7782
13.414 838.8203 35.7802
13.424 838.8269 35.7816
13.434 838.8514 35.7820
13.444 838.7988 35.7813
13.454 838.8570 35.7818
13.464 838.8678 35.7813
13.474 838.8615 35.7801
13.484 838.8581 35.7804
13.494 838.8972 35.7822
13.504 838.8696 35.7822
13.514 838.9278 35.7808
13.524 838.8900 35.7795
13.534 838.9008 35.7790
13.544 838.9164 35.7799
13.554 838.8885 35.7798
13.564 838.9004 35.7798
13.574 838.9712 35.7808
13.584 838.9583 35.7822
13.594 838.9850 35.7828
13.604 838.9386 35.7822
13.614 838.9154 35.7814
13.624 838.9242 35.7809
13.634 838.9708 35.7816
13.644 838.9402 35.7830
13.654 838.9481 35.7830
13.664 838.9854 35.7820
13.674 838.9779 35.7812
13.684 838.9495 35.7808
13.694 838.9600 35.7821
13.704 838.9617 35.7820
13.714 838.9633 35.7808
13.724 839.0163 35.7806
13.734 839.0289 35.7810
13.744 838.9930 35.7818
13.754 838.9976 35.7832
13.764 839.0139 35.7814
13.774 839.0435 35.7794
13.784 839.0344 35.7818
13.794 839.0501 35.7828
13.804 839.0423 35.7818
13.814 839.0662 35.7820
13.824 839.0970 35.7816
13.834 839.0778 35.7818
13.844 839.0855 35.7808
13.854 839.0737 35.7808
13.864 839.0901 35.7841
13.874 839.1212 35.7838
13.884 839.1481 35.7825
13.894 839.0936 35.7838
13.904 839.1118 35.7821
13.914 839.1440 35.7814
13.924 839.1263 35.7834
13.934 839.1812 35.7833
13.944 839.1487 35.7818
13.954 839.1729 35.7821
13.964 839.1992 35.7834
13.974 839.2108 35.7833
13.984 839.1833 35.7824
13.994 839.1926 35.7821
14.004 839.2603 35.7834
14.014 839.2615 35.7830
14.024 839.2417 35.7820
14.034 839.2390 35.7826
14.044 839.2464 35.7824
14.054 839.2662 35.7814
14.064 839.2736 35.7812
14.074 839.2883 35.7806
14.084 839.3283 35.7809
14.094 839.2929 35.7820
14.104 839.3363 35.7840
14.114 839.3673 35.7837
14.124 839.3745 35.7824
14.134 839.3233 35.7824
14.144 839.3908 35.7826
14.154 839.3682 35.7832
14.164 839.3790 35.7826
14.174 839.4196 35.7822
14.184 839.4024 35.7825
14.194 839.4132 35.7840
14.204 839.4511 35.7842
14.214 839.4268 35.7829
14.224 839.4301 35.7816
14.234 839.4986 35.7813
14.244 839.4631 35.7813
14.254 839.5284 35.7814
14.264 839.4837 35.7828
14.274 839.4949 35.7834
14.284 839.4973 35.7826
14.294 839.5179 35.7841
14.304 839.5463 35.7845
14.314 839.5752 35.7812
14.324 839.5762 35.7797
14.334 839.5711 35.7821
14.344 839.5806 35.7829
14.354 839.6069 35.7822
14.364 839.6475 35.7838
14.374 839.6184 35.7861
14.384 839.6736 35.7861
14.394 839.6960 35.7854
14.404 839.6908 35.7859
14.414 839.6568 35.7836
14.424 839.7268 35.7821
14.434 839.7341 35.7828
14.444 839.7505 35.7841
14.454 839.7336 35.7845
14.464 839.7685 35.7842
14.474 839.7346 35.7850
14.484 839.8078 35.7852
14.494 839.7953 35.7838
14.504 839.8127 35.7826
14.514 839.8349 35.7829
14.524 839.8154 35.7830
14.534 839.8372 35.7821
14.544 839.8601 35.7817
14.554 839.8588 35.7830
14.564 839.8522 35.7837
14.574 839.9023 35.7821
14.584 839.8651 35.7822
14.594 839.9505 35.7836
14.604 839.9127 35.7824
14.614 839.9506 35.7826
14.624 839.9596 35.7852
14.634 839.9932 35.7842
14.644 839.9384 35.7854
14.654 839.9974 35.7864
14.664 839.9810 35.7850
14.674 840.0228 35.7842
14.684 840.0467 35.7824
14.694 840.0413 35.7826
14.704 840.0800 35.7842
14.714 840.0755 35.7840
14.724 840.0833 35.7849
14.734 840.1647 35.7863
14.744 840.1198 35.7854
14.754 840.1540 35.7868
14.764 840.1492 35.7864
14.774 840.1296 35.7854
14.784 840.1783 35.7861
14.794 840.1628 35.7863
14.804 840.2287 35.7857
14.814 840.1893 35.7857
14.824 848.4784 35.7956
14.834 840.4355 35.8077
14.844 840.0346 35.8113
14.854 840.8285 35.8111
14.864 840.7301 35.8101
14.874 840.6896 35.8116
14.884 840.5764 35.8112
14.894 840.6002 35.8103
14.904 840.5622 35.8080
14.914 840.5508 35.8072
14.924 840.6068 35.8076
14.934 840.4109 35.8022
14.944 840.5869 35.8005
14.954 840.5108 35.8049
14.964 840.5160 35.8085
14.974 840.4932 35.8060
14.984 840.4683 35.7963
14.994 840.5956 35.7989
15.004 840.6271 35.8069
15.014 840.6439 35.7974
15.024 840.0207 35.7771
15.034 839.6460 35.7660
15.044 839.8801 35.7758
15.054 840.3427 35.7946
15.064 840.5930 35.8056
15.074 840.5931 35.8066
15.084 840.5855 35.8048
15.094 840.5251 35.8032
15.104 840.4877 35.8032
15.114 840.5037 35.8033
15.124 840.5732 35.8036
15.134 840.5283 35.7987
15.144 840.5277 35.7964
15.154 840.6421 35.8025
15.164 840.5990 35.8046
15.174 840.5272 35.7942
15.184 840.0482 35.7881
15.194 840.2615 35.7853
15.204 840.1655 35.7826
15.214 840.3637 35.7912
15.224 840.5496 35.7995
15.234 840.5805 35.8042
15.244 840.5685 35.8011
15.254 840.6166 35.7975
15.264 840.6300 35.7983
15.274 840.6188 35.7977
15.284 840.6178 35.7971
15.294 840.6158 35.7991
15.304 840.6736 35.7985
15.314 840.5807 35.7943
15.324 840.8313 35.7964
15.334 840.6956 35.7986
15.344 840.7028 35.7993
15.354 840.7375 35.8009
15.364 840.6597 35.7994
15.374 840.5488 35.7931
15.384 840.3973 35.7802
15.394 840.5126 35.7877
15.404 840.6698 35.8015
15.414 840.6773 35.8003
15.424 840.6492 35.8001
15.434 840.6506 35.7978
15.444 840.4123 35.7859
15.454 840.2809 35.7791
15.464 840.5484 35.7899
15.474 840.5944 35.7993
15.484 840.6230 35.7998
15.494 840.6606 35.8009
15.504 840.6717 35.8025
15.514 840.6467 35.8018
15.524 840.6697 35.8025
15.534 840.6681 35.8037
15.544 840.6805 35.8040
15.554 840.6508 35.8049
15.564 840.7036 35.8057
15.574 840.6942 35.8049
15.584 840.6479 35.8054
15.594 840.7038 35.8068
15.604 840.7182 35.8061
15.614 840.6914 35.8065
15.624 840.6986 35.8072
15.634 840.6992 35.8054
15.644 840.7294 35.8068
15.654 840.6852 35.8084
15.664 840.6545 35.8068
15.674 840.6625 35.8058
15.684 840.6938 35.8057
15.694 840.7197 35.8058
15.704 840.6927 35.8072
15.714 840.7321 35.8072
15.724 840.6978 35.8068
15.734 840.7124 35.8072
15.744 840.7090 35.8075
15.754 840.6989 35.8073
15.764 840.6742 35.8088
15.774 840.6663 35.8108
15.784 840.6728 35.8091
15.794 840.7088 35.8073
15.804 840.6567 35.8089
15.814 840.6582 35.8107
15.824 840.6919 35.8108
15.834 840.6947 35.8112
15.844 840.7198 35.8109
15.854 840.6496 35.8093
15.864 840.7173 35.8107
15.874 840.6756 35.8105
15.884 840.6575 35.8093
15.894 840.6757 35.8125
15.904 840.6757 35.8125
15.914 840.6507 35.8119
15.924 840.6764 35.8130
15.934 840.7285 35.8134
15.944 840.7065 35.8132
15.954 840.7043 35.8131
15.964 840.7155 35.8138
15.974 840.6952 35.8135
15.984 840.7211 35.8136
15.994 840.6816 35.8146
16.004 840.7017 35.8158
16.014 840.6842 35.8159
16.024 840.7218 35.8150
16.034 840.6989 35.8154
16.044 840.6947 35.8152
16.054 840.7016 35.8147
16.064 840.6938 35.8158
16.074 840.7367 35.8175
16.084 840.6673 35.8163
16.094 840.6905 35.8171
16.104 840.6899 35.8198
16.114 840.7436 35.8180
16.124 840.7105 35.8193
16.134 840.7312 35.8227
16.144 840.7493 35.8219
16.154 840.6728 35.8191
16.164 840.6811 35.8203
16.174 840.7113 35.8217
16.184 840.6741 35.8218
16.194 840.6919 35.8238
16.204 840.7012 35.8235
16.214 840.7138 35.8219
16.224 840.7205 35.8223
16.234 840.7153 35.8237
16.244 840.6794 35.8245
16.254 840.7062 35.8241
16.264 840.7032 35.8235
16.274 840.6990 35.8234
16.284 840.7193 35.8227
16.294 840.6891 35.8234
16.304 840.6828 35.8242
16.314 840.7251 35.8257
16.324 840.7084 35.8262
16.334 840.6908 35.8253
16.344 840.6924 35.8261
16.354 840.6971 35.8285
16.364 840.7289 35.8286
16.374 840.6941 35.8280
16.384 840.7497 35.8272
16.394 840.6687 35.8261
16.404 840.6881 35.8269
16.414 840.6941 35.8280
16.424 840.7243 35.8293
16.434 840.6747 35.8301
16.444 840.6977 35.8308
16.454 840.6766 35.8301
16.464 840.6803 35.8300
16.474 840.6849 35.8313
16.484 840.6567 35.8320
16.494 840.6701 35.8328
16.504 840.6809 35.8343
16.514 840.7165 35.8354
16.524 840.6947 35.8343
16.534 840.6993 35.8336
16.544 840.6845 35.8341
16.554 840.6910 35.8344
16.564 840.6968 35.8354
16.574 840.6949 35.8364
16.584 840.6932 35.8366
16.594 840.6792 35.8364
16.604 840.6985 35.8372
16.614 840.7072 35.8376
16.624 840.6872 35.8375
16.634 840.7265 35.8384
16.644 840.6484 35.8388
16.654 840.7070 35.8386
16.664 840.7190 35.8396
16.674 840.6894 35.8396
16.684 840.6959 35.8399
16.694 840.7065 35.8403
16.704 840.6832 35.8395
16.714 840.6509 35.8411
16.724 840.7051 35.8426
16.734 840.7080 35.8441
16.744 840.7101 35.8451
16.754 840.6931 35.8435
16.764 840.6985 35.8433
16.774 840.6810 35.8434
16.784 840.6967 35.8443
16.794 840.7195 35.8480
16.804 840.7395 35.8481
16.814 840.7099 35.8461
16.824 840.7051 35.8466
16.834 840.7069 35.8476
16.844 840.7284 35.8474
16.854 840.7123 35.8473
16.864 840.6771 35.8494
16.874 840.6730 35.8504
16.884 840.7050 35.8496
16.894 840.7005 35.8513
16.904 840.7200 35.8512
16.914 840.7034 35.8508
16.924 840.6863 35.8501
16.934 840.6960 35.8490
16.944 840.6858 35.8519
16.954 840.7147 35.8525
16.964 840.6846 35.8523
16.974 840.7066 35.8544
16.984 840.7018 35.8540
16.994 840.7066 35.8524
17.004 840.6770 35.8544
17.014 840.6801 35.8560
17.024 840.7034 35.8548
17.034 840.6830 35.8535
17.044 840.6943 35.8552
17.054 840.6791 35.8575
17.064 840.7095 35.8559
17.074 840.7079 35.8551
17.084 840.6992 35.8567
17.094 840.6692 35.8575
17.104 840.6901 35.8591
17.114 840.6969 35.8615
17.124 840.6942 35.8622
17.134 840.7237 35.8631
17.144 840.6733 35.8626
17.154 840.6925 35.8623
17.164 840.6906 35.8643
17.174 840.6724 35.8631
17.184 840.6991 35.8617
17.194 840.6778 35.8629
17.204 840.7182 35.8643
17.214 840.6773 35.8646
17.224 840.7024 35.8663
17.234 840.6943 35.8682
17.244 840.7013 35.8678
17.254 840.7031 35.8677
17.264 840.7046 35.8665
17.274 840.7086 35.8665
17.284 840.7345 35.8686
17.294 840.6667 35.8702
17.304 840.7032 35.8708
17.314 840.6923 35.8702
17.324 840.7232 35.8709
17.334 840.7380 35.8735
17.344 840.7213 35.8740
17.354 840.7020 35.8712
17.364 840.6944 35.8713
17.374 840.6757 35.8718
17.384 840.7075 35.8720
17.394 840.7035 35.8749
17.404 840.6944 35.8753
17.414 840.6899 35.8751
17.424 840.6826 35.8753
17.434 840.7022 35.8763
17.444 840.6886 35.8784
17.454 840.6876 35.8779
17.464 840.7014 35.8779
17.474 840.6906 35.8784
17.484 840.6843 35.8792
17.494 840.7399 35.8804
17.504 840.7031 35.8798
17.514 840.7152 35.8799
17.524 840.7318 35.8803
17.534 840.6679 35.8819
17.544 840.7086 35.8826
17.554 840.6840 35.8811
17.564 840.7349 35.8819
17.574 840.7218 35.8832
17.584 840.7135 35.8841
17.594 840.7046 35.8835
17.604 840.7076 35.8841
17.614 840.6837 35.8859
17.624 840.7197 35.8862
17.634 840.6593 35.8866
17.644 840.7196 35.8871
17.654 840.7177 35.8882
17.664 840.6981 35.8893
17.674 840.6941 35.8882
17.684 840.7148 35.8888
17.694 840.7089 35.8908
17.704 840.6839 35.8901
17.714 840.6912 35.8888
17.724 840.6975 35.8879
17.734 840.6749 35.8885
17.744 840.7030 35.8908
17.754 840.7135 35.8921
17.764 840.6725 35.8913
17.774 840.7041 35.8913
17.784 840.7247 35.8928
17.794 840.6933 35.8938
17.804 840.7047 35.8926
17.814 840.7277 35.8933
17.824 840.6945 35.8955
17.834 840.7183 35.8965
17.844 840.6872 35.8968
17.854 840.7099 35.8963
17.864 840.7213 35.8971
17.874 840.7075 35.8971
17.884 840.6875 35.8989
17.894 840.7034 35.9000
17.904 840.6932 35.8988
17.914 840.6954 35.8989
17.924 840.7195 35.9002
17.934 840.6723 35.8992
17.944 840.6899 35.9002
17.954 840.7107 35.9027
17.964 840.7070 35.9028
17.974 840.6954 35.9050
17.984 840.7062 35.9044
17.994 840.7020 35.9023
18.004 840.7012 35.9039
18.014 840.7266 35.9038
18.024 840.7312 35.9051
18.034 840.7133 35.9081
18.044 840.6992 35.9059
18.054 840.6953 35.9059
18.064 840.7046 35.9057
18.074 840.7136 35.9062
18.084 840.7019 35.9093
18.094 840.7071 35.9079
18.104 840.6732 35.9067
18.114 840.6956 35.9081
18.124 840.6918 35.9091
18.134 840.6990 35.9098
18.144 840.7079 35.9124
18.154 840.7042 35.9125
18.164 840.6856 35.9130
18.174 840.7077 35.9142
18.184 840.7145 35.9137
18.194 840.7079 35.9144
18.204 840.6861 35.9153
18.214 840.6810 35.9157
18.224 840.6972 35.9169
18.234 840.7171 35.9171
18.244 840.6840 35.9142
18.254 840.7369 35.9150
18.264 840.6987 35.9157
18.274 840.6922 35.9164
18.284 840.6990 35.9179
18.294 840.6964 35.9165
18.304 840.7156 35.9183
18.314 840.7144 35.9187
18.324 840.6897 35.9181
18.334 840.6914 35.9200
18.344 840.6832 35.9199
18.354 840.7137 35.9193
18.364 840.6826 35.9205
18.374 840.6844 35.9215
18.384 840.7064 35.9216
18.394 840.7136 35.9223
18.404 840.7172 35.9231
18.414 840.7018 35.9223
18.424 840.7133 35.9222
18.434 840.6869 35.9238
18.444 840.7372 35.9252
18.454 840.7147 35.9248
18.464 840.7487 35.9231
18.474 840.6726 35.9255
18.484 840.7044 35.9277
18.494 840.6986 35.9267
18.504 840.6867 35.9256
18.514 840.6943 35.9255
18.524 840.7127 35.9269
18.534 840.6913 35.9270
18.544 840.7055 35.9262
18.554 840.7064 35.9277
18.564 840.7299 35.9306
18.574 840.7260 35.9326
18.584 840.7221 35.9326
18.594 840.6845 35.9315
18.604 840.7384 35.9309
18.614 840.7345 35.9319
18.624 840.6993 35.9321
18.634 840.7081 35.9336
18.644 840.7229 35.9350
18.654 840.6864 35.9336
18.664 840.6788 35.9337
18.674 840.6816 35.9341
18.684 840.6788 35.9357
18.694 840.6663 35.9364
18.704 840.7134 35.9362
18.714 840.7176 35.9364
18.724 840.7172 35.9352
18.734 840.7008 35.9358
18.744 840.7066 35.9388
18.754 840.6824 35.9385
18.764 840.7202 35.9377
18.774 840.6875 35.9401
18.784 840.7067 35.9419
18.794 840.6950 35.9409
18.804 840.6575 35.9389
18.814 840.6960 35.9395
18.824 840.6841 35.9404
18.834 840.6828 35.9397
18.844 840.6804 35.9405
18.854 840.6894 35.9431
18.864 840.7011 35.9440
18.874 840.6611 35.9458
18.884 840.7030 35.9460
18.894 840.6908 35.9448
18.904 840.7179 35.9446
18.914 840.6802 35.9444
18.924 840.6993 35.9442
18.934 840.7034 35.9452
18.944 840.6916 35.9472
18.954 840.7200 35.9476
18.964 840.7343 35.9499
18.974 840.6996 35.9503
18.984 840.7187 35.9490
18.994 840.7174 35.9483
19.004 840.7241 35.9487
19.014 840.7458 35.9507
19.024 840.6812 35.9510
19.034 840.7016 35.9523
19.044 840.6931 35.9530
19.054 840.6619 35.9522
19.064 840.7158 35.9515
19.074 840.7096 35.9514
19.084 840.6958 35.9534
19.094 840.7192 35.9533
19.104 840.7212 35.9533
19.114 840.6996 35.9564
19.124 840.7226 35.9570
19.134 840.6910 35.9560
19.144 840.6810 35.9549
19.154 840.7061 35.9546
19.164 840.6496 35.9560
19.174 840.6823 35.9576
19.184 840.6841 35.9585
19.194 840.7395 35.9596
19.204 840.7320 35.9608
19.214 840.7182 35.9608
19.224 840.7106 35.9609
19.234 840.6601 35.9613
19.244 840.6995 35.9613
19.254 840.7065 35.9599
19.264 840.7133 35.9613
19.274 840.7256 35.9625
19.284 840.7066 35.9629
19.294 840.6993 35.9652
19.304 840.6473 35.9639
19.314 840.6333 35.9637
19.324 840.7387 35.9672
19.334 840.7091 35.9672
19.344 840.6715 35.9662
19.354 840.6984 35.9678
19.364 840.6970 35.9671
19.374 840.7060 35.9676
19.384 840.7110 35.9682
19.394 840.6859 35.9664
19.404 840.7048 35.9660
19.414 840.7236 35.9686
19.424 840.7187 35.9711
19.434 840.6594 35.9701
19.444 840.7027 35.9690
19.454 840.6832 35.9691
19.464 840.7164 35.9719
19.474 840.6975 35.9743
19.484 840.6771 35.9750
19.494 840.6831 35.9741
19.504 840.6691 35.9739
19.514 840.6909 35.9770
19.524 840.7068 35.9761
19.534 840.7106 35.9750
19.544 840.6796 35.9753
19.554 840.6775 35.9762
19.564 840.7042 35.9808
19.574 840.6975 35.9804
19.584 840.7014 35.9784
19.594 840.7353 35.9796
19.604 840.7056 35.9805
19.614 840.6702 35.9796
19.624 840.6810 35.9790
19.634 840.7169 35.9802
19.644 840.7447 35.9813
19.654 840.7094 35.9835
19.664 840.6979 35.9836
19.674 840.7047 35.9831
19.684 840.6707 35.9828
19.694 840.6981 35.9817
19.704 840.7063 35.9839
19.714 840.6838 35.9855
19.724 840.6436 35.9851
19.734 840.7190 35.9853
19.744 840.7009 35.9861
19.754 840.6718 35.9884
19.764 840.7052 35.9874
19.774 840.6930 35.9861
19.784 840.6786 35.9888
19.794 840.7184 35.9900
19.804 840.6818 35.9895
19.814 840.6820 35.9906
19.824 840.7076 35.9906
19.834 840.6979 35.9916
19.844 840.7081 35.9929
19.854 840.7448 35.9925
19.864 840.6773 35.9942
19.874 840.6942 35.9938
19.884 840.6828 35.9930
19.894 840.7070 35.9953
19.904 840.7322 35.9961
19.914 840.7174 35.9955
19.924 840.7005 35.9950
19.934 840.6851 35.9962
19.944 840.7193 35.9976
19.954 840.7204 35.9961
19.964 840.7026 35.9961
19.974 840.7062 35.9969
19.984 840.7039 35.9988
19.994 840.7038 35.9997
20.004 840.6932 36.0013
20.014 840.7251 36.0005
20.024 840.6942 35.9978
20.034 840.7143 35.9990
20.044 840.7017 36.0027
20.054 840.7005 36.0031
20.064 840.7080 36.0018
20.074 840.7245 36.0032
20.084 840.6946 36.0031
20.094 840.7136 36.0047
20.104 840.6716 36.0064
20.114 840.7392 36.0067
20.124 840.7385 36.0053
20.134 840.7109 36.0053
20.144 840.7187 36.0063
20.154 840.7140 36.0059
20.164 840.7220 36.0069
20.174 840.7117 36.0057
20.184 840.7522 36.0063
20.194 840.6958 36.0087
20.204 840.6895 36.0095
20.214 840.7074 36.0106
20.224 840.7016 36.0096
20.234 840.6789 36.0091
20.244 840.7213 36.0096
20.254 840.7250 36.0115
20.264 840.7269 36.0124
20.274 840.7145 36.0122
20.284 840.7227 36.0143
20.294 840.7061 36.0159
20.304 840.6623 36.0147
20.314 840.6668 36.0130
20.324 840.6996 36.0137
20.334 840.7154 36.0157
20.344 840.7127 36.0173
20.354 840.7338 36.0190
20.364 840.6845 36.0190
20.374 840.7061 36.0179
20.384 840.7028 36.0173
20.394 840.7070 36.0174
20.404 840.6982 36.0200
20.414 840.7146 36.0213
20.424 840.7026 36.0232
20.434 840.7097 36.0228
20.444 840.7031 36.0214
20.454 840.7137 36.0238
20.464 840.7257 36.0249
20.474 840.6987 36.0263
20.484 840.7278 36.0240
20.494 840.6814 36.0214
20.504 840.7135 36.0237
20.514 840.7229 36.0245
20.524 840.7048 36.0253
20.534 840.7206 36.0253
20.544 840.6961 36.0269
20.554 840.6842 36.0279
20.564 840.6759 36.0267
20.574 840.7157 36.0279
20.584 840.7132 36.0276
20.594 840.7077 36.0288
20.604 840.7212 36.0307
20.614 840.7298 36.0300
20.624 840.6705 36.0310
20.634 840.7301 36.0322
20.644 840.7436 36.0320
20.654 840.7201 36.0331
20.664 840.7215 36.0328
20.674 840.6905 36.0331
20.684 840.6959 36.0328
20.694 840.7003 36.0311
20.704 840.6990 36.0324
20.714 840.6921 36.0339
20.724 840.7068 36.0354
20.734 840.6762 36.0369
20.744 840.6988 36.0363
20.754 840.7231 36.0377
20.764 840.7111 36.0386
20.774 840.7297 36.0370
20.784 840.7210 36.0386
20.794 840.7245 36.0394
20.804 840.7151 36.0386
20.814 840.7323 36.0403
20.824 840.7281 36.0422
20.834 840.6881 36.0420
20.844 840.7196 36.0429
20.854 840.6699 36.0437
20.864 840.7330 36.0417
20.874 840.7406 36.0436
20.884 840.7268 36.0456
20.894 840.7072 36.0446
20.904 840.7163 36.0442
20.914 840.7420 36.0453
20.924 840.7056 36.0458
20.934 840.6855 36.0446
20.944 840.7252 36.0468
20.954 840.7134 36.0488
20.964 840.6780 36.0479
20.974 840.6547 36.0471
20.984 840.6780 36.0458
20.994 840.7434 36.0480
21.004 840.7375 36.0500
21.014 840.6926 36.0483
21.024 840.7085 36.0493
21.034 840.7129 36.0505
21.044 840.7027 36.0504
21.054 840.7089 36.0505
21.064 840.7079 36.0500
21.074 840.6766 36.0522
21.084 840.6914 36.0527
21.094 840.7189 36.0516
21.104 840.6809 36.0513
21.114 840.6797 36.0538
21.124 840.7093 36.0558
21.134 840.6930 36.0555
21.144 840.7271 36.0558
21.154 840.7219 36.0562
21.164 840.6897 36.0569
21.174 840.7269 36.0567
21.184 840.7146 36.0564
21.194 840.7431 36.0579
21.204 840.7093 36.0578
21.214 840.7150 36.0577
21.224 840.7189 36.0597
21.234 840.7057 36.0599
21.244 840.7095 36.0609
21.254 840.7003 36.0602
21.264 840.7046 36.0594
21.274 840.7396 36.0611
21.284 840.7026 36.0614
21.294 840.6763 36.0601
21.304 840.6838 36.0609
21.314 840.6857 36.0618
21.324 840.7011 36.0626
21.334 840.7036 36.0629
21.344 840.7087 36.0625
21.354 840.7397 36.0642
21.364 840.7164 36.0654
21.374 840.7000 36.0641
21.384 840.6794 36.0646
21.394 840.7012 36.0637
21.404 840.6783 36.0641
21.414 840.7272 36.0689
21.424 840.6966 36.0684
21.434 840.7021 36.0672
21.444 840.7041 36.0692
21.454 840.7418 36.0693
21.464 840.6784 36.0692
21.474 840.7395 36.0701
21.484 840.6852 36.0716
21.494 840.6902 36.0721
21.504 840.7304 36.0705
21.514 840.7213 36.0709
21.524 840.7103 36.0713
21.534 840.6857 36.0719
21.544 840.6874 36.0717
21.554 840.7025 36.0724
21.564 840.6984 36.0734
21.574 840.6761 36.0720
21.584 840.6875 36.0728
21.594 840.6936 36.0739
21.604 840.7026 36.0735
21.614 840.6783 36.0742
21.624 840.6862 36.0742
21.634 840.6899 36.0720
21.644 840.6844 36.0732
21.654 840.7009 36.0756
21.664 840.7130 36.0778
21.674 840.6949 36.0786
21.684 840.7070 36.0767
21.694 840.7167 36.0776
21.704 840.6808 36.0805
21.714 840.6935 36.0809
21.724 840.7020 36.0802
21.734 840.6856 36.0809
21.744 840.7223 36.0825
21.754 840.7124 36.0825
21.764 840.6942 36.0813
21.774 840.7094 36.0819
21.784 840.7267 36.0848
21.794 840.7451 36.0841
21.804 840.7157 36.0831
21.814 840.7213 36.0850
21.824 840.7070 36.0868
21.834 840.7133 36.0880
21.844 840.7182 36.0874
21.854 840.7131 36.0878
21.864 840.6822 36.0892
21.874 840.6897 36.0900
21.884 840.7041 36.0893
21.894 840.7079 36.0903
21.904 840.7044 36.0915
21.914 840.6761 36.0901
21.924 840.7068 36.0907
21.934 840.6937 36.0911
21.944 840.7110 36.0908
21.954 840.7139 36.0903
21.964 840.7181 36.0904
21.974 840.6822 36.0932
21.984 840.7112 36.0929
21.994 840.7099 36.0923
22.004 840.6765 36.0933
22.014 840.7236 36.0952
22.024 840.6981 36.0963
22.034 840.7077 36.0962
22.044 840.7283 36.0956
22.054 840.7335 36.0952
22.064 840.7172 36.0970
22.074 840.7542 36.0978
22.084 840.7194 36.0991
22.094 840.7073 36.1010
22.104 840.7218 36.1003
22.114 840.7006 36.0986
22.124 840.6990 36.0978
22.134 840.7082 36.1005
22.144 840.7095 36.1031
22.154 840.7116 36.1022
22.164 840.6772 36.1007
22.174 840.6926 36.0995
22.184 840.7250 36.1010
22.194 840.7078 36.1033
22.204 840.7072 36.1039
22.214 840.6647 36.1034
22.224 840.7247 36.1038
22.234 840.6940 36.1053
22.244 840.7399 36.1055
22.254 840.7090 36.1049
22.264 840.7026 36.1046
22.274 840.7135 36.1072
22.284 840.6960 36.1073
22.294 840.7277 36.1064
22.304 840.7076 36.1072
22.314 840.7177 36.1073
22.324 840.6859 36.1072
22.334 840.6768 36.1076
22.344 840.7003 36.1085
22.354 840.7047 36.1097
22.364 840.7084 36.1096
22.374 840.6984 36.1085
22.384 840.6689 36.1116
22.394 840.6926 36.1136
22.404 840.7055 36.1121
22.414 840.7026 36.1106
22.424 840.6781 36.1123
22.434 840.7153 36.1141
22.444 840.7436 36.1135
22.454 840.7203 36.1127
22.464 840.7303 36.1137
22.474 840.7351 36.1141
22.484 840.7042 36.1135
22.494 840.6984 36.1145
22.504 840.6978 36.1143
22.514 840.6744 36.1144
22.524 840.6555 36.1168
22.534 840.7072 36.1180
22.544 840.6873 36.1190
22.554 840.6981 36.1204
22.564 840.6994 36.1191
22.574 840.7021 36.1184
22.584 840.7366 36.1210
22.594 840.7146 36.1218
22.604 840.7136 36.1203
22.614 840.6904 36.1195
22.624 840.7101 36.1215
22.634 840.6958 36.1233
22.644 840.6939 36.1223
22.654 840.6627 36.1215
22.664 840.7407 36.1221
22.674 840.6768 36.1237
22.684 840.7359 36.1246
22.694 840.6814 36.1250
22.704 840.7023 36.1246
22.714 840.6972 36.1250
22.724 840.7315 36.1254
22.734 840.7013 36.1241
22.744 840.6852 36.1239
22.754 840.6763 36.1254
22.764 840.7118 36.1274
22.774 840.7118 36.1274
22.784 840.7097 36.1284
22.794 840.7088 36.1309
22.804 840.7263 36.1308
22.814 840.7073 36.1312
22.824 840.7248 36.1310
22.834 840.7005 36.1297
22.844 840.7138 36.1314
22.854 840.7381 36.1328
22.864 840.6797 36.1312
22.874 840.6762 36.1304
22.884 840.7034 36.1332
22.894 840.6962 36.1345
22.904 840.6933 36.1331
22.914 840.7222 36.1337
22.924 840.7251 36.1332
22.934 840.7218 36.1325
22.944 840.7051 36.1351
22.954 840.6873 36.1351
22.964 840.7389 36.1372
22.974 840.7334 36.1384
22.984 840.7089 36.1360
22.994 840.7325 36.1369
23.004 840.7248 36.1391
23.014 840.7113 36.1412
23.024 840.6904 36.1396
23.034 840.7196 36.1384
23.044 840.7280 36.1407
23.054 840.7072 36.1422
23.064 840.6904 36.1416
23.074 840.7108 36.1410
23.084 840.6843 36.1426
23.094 840.6937 36.1443
23.104 840.7321 36.1438
23.114 840.6766 36.1437
23.124 840.7062 36.1437
23.134 840.6906 36.1438
23.144 840.7334 36.1445
23.154 840.6910 36.1450
23.164 840.7142 36.1447
23.174 840.6800 36.1454
23.184 840.7252 36.1483
23.194 840.6900 36.1505
23.204 840.7167 36.1490
23.214 840.7160 36.1477
23.224 840.7041 36.1486
23.234 840.6963 36.1497
23.244 840.6953 36.1492
23.254 840.6943 36.1497
23.264 840.7000 36.1516
23.274 840.7138 36.1516
23.284 840.6979 36.1525
23.294 840.6932 36.1541
23.304 840.7001 36.1547
23.314 840.7080 36.1547
23.324 840.7179 36.1547
23.334 840.6999 36.1545
23.344 840.7016 36.1544
23.354 840.7327 36.1572
23.364 840.7035 36.1584
23.374 840.7091 36.1552
23.384 840.7005 36.1559
23.394 840.6933 36.1572
23.404 840.7029 36.1571
23.414 840.7120 36.1567
23.424 840.7108 36.1571
23.434 840.6888 36.1589
23.444 840.6655 36.1581
23.454 840.7220 36.1577
23.464 840.7003 36.1597
23.474 840.7083 36.1608
23.484 840.6995 36.1614
23.494 840.7331 36.1624
23.504 840.7114 36.1624
23.514 840.6836 36.1623
23.524 840.6883 36.1627
23.534 840.6964 36.1628
23.544 840.7229 36.1632
23.554 840.6999 36.1626
23.564 840.6904 36.1638
23.574 840.7129 36.1662
23.584 840.7168 36.1662
23.594 840.7184 36.1650
23.604 840.6915 36.1643
23.614 840.7091 36.1653
23.624 840.6932 36.1662
23.634 840.7170 36.1673
23.644 840.6942 36.1687
23.654 840.6959 36.1686
23.664 840.7001 36.1687
23.674 840.7224 36.1690
23.684 840.6887 36.1699
23.694 840.6820 36.1716
23.704 840.7310 36.1714
23.714 840.7225 36.1721
23.724 840.6944 36.1738
23.734 840.7025 36.1740
23.744 840.7214 36.1736
23.754 840.7197 36.1737
23.764 840.7024 36.1729
23.774 840.6901 36.1737
23.784 840.7062 36.1758
23.794 840.7358 36.1779
23.804 840.6890 36.1781
23.814 840.7175 36.1776
23.824 840.7257 36.1777
23.834 840.6836 36.1784
23.844 840.7083 36.1789
23.854 840.6898 36.1785
23.864 840.7482 36.1781
23.874 840.7083 36.1769
23.884 840.7242 36.1780
23.894 840.7095 36.1805
23.904 840.7309 36.1804
23.914 840.7241 36.1789
23.924 840.7208 36.1803
23.934 840.7126 36.1822
23.944 840.6970 36.1812
23.954 840.7082 36.1819
23.964 840.7055 36.1826
23.974 840.7343 36.1842
23.984 840.6933 36.1854
23.994 840.7033 36.1844
24.004 840.7088 36.1852
24.014 840.7346 36.1863
24.024 840.7113 36.1875
24.034 840.6959 36.1887
24.044 840.7167 36.1873
24.054 840.7295 36.1867
24.064 840.7278 36.1868
24.074 840.6773 36.1873
24.084 840.7142 36.1890
24.094 840.7261 36.1890
24.104 840.7112 36.1905
24.114 840.7420 36.1901
24.124 840.7367 36.1894
24.134 840.7013 36.1905
24.144 840.7048 36.1902
24.154 840.7077 36.1917
24.164 840.7029 36.1933
24.174 840.6648 36.1919
24.184 840.7059 36.1918
24.194 840.6994 36.1925
24.204 840.6819 36.1926
24.214 840.7120 36.1929
24.224 840.6882 36.1938
24.234 840.6798 36.1936
24.244 840.7271 36.1936
24.254 840.6470 36.1960
24.264 840.7173 36.1956
24.274 840.7219 36.1949
24.284 840.6594 36.1962
24.294 840.7023 36.1980
24.304 840.6917 36.1987
24.314 840.6811 36.1983
24.324 840.6981 36.1999
24.334 840.7223 36.2001
24.344 840.7033 36.2005
24.354 840.6895 36.2005
24.364 840.7023 36.2000
24.374 840.7337 36.2009
24.384 840.7016 36.2007
24.394 840.7246 36.2013
24.404 840.7324 36.2043
24.414 840.6798 36.2056
24.424 840.6910 36.2023
24.434 840.7095 36.2027
24.444 840.6835 36.2055
24.454 840.6920 36.2068
24.464 840.7094 36.2056
24.474 840.6878 36.2047
24.484 840.6832 36.2074
24.494 840.6879 36.2078
24.504 840.7412 36.2098
24.514 840.7120 36.2090
24.524 840.7000 36.2059
24.534 840.6736 36.2075
24.544 840.7000 36.2099
24.554 840.7424 36.2114
24.564 840.7394 36.2109
24.574 840.7004 36.2111
24.584 840.6967 36.2133
24.594 840.7129 36.2125
24.604 840.7021 36.2110
24.614 840.6795 36.2115
24.624 840.7333 36.2118
24.634 840.6882 36.2139
24.644 840.7166 36.2144
24.654 840.7046 36.2133
24.664 840.7085 36.2162
24.674 840.7194 36.2168
24.684 840.7163 36.2162
24.694 840.7253 36.2168
24.704 840.6497 36.2154
24.714 840.7400 36.2162
24.724 840.7329 36.2186
24.734 840.7191 36.2186
24.744 840.7267 36.2165
24.754 840.7177 36.2189
24.764 840.6977 36.2228
24.774 840.7225 36.2224
24.784 840.7128 36.2215
24.794 840.6943 36.2211
24.804 840.7309 36.2207
24.814 840.7225 36.2224
24.824 840.7042 36.2241
24.834 840.7573 36.2240
24.844 840.7002 36.2231
24.854 840.6873 36.2225
24.864 840.7045 36.2223
24.874 840.7056 36.2228
24.884 840.6986 36.2243
24.894 840.6957 36.2248
24.904 840.7253 36.2248
24.914 840.7183 36.2263
24.924 840.7124 36.2283
24.934 840.7325 36.2275
24.944 840.7016 36.2288
24.954 840.7313 36.2299
24.964 840.7135 36.2288
24.974 840.6875 36.2287
24.984 840.7462 36.2284
24.994 840.6743 36.2290
25.004 840.7075 36.2288
25.014 840.6993 36.2296
25.024 840.7068 36.2325
25.034 840.6806 36.2322
25.044 840.7139 36.2321
25.054 840.7095 36.2349
25.064 840.7116 36.2339
25.074 840.7139 36.2321
25.084 840.7358 36.2322
25.094 840.7448 36.2347
25.104 840.6890 36.2365
25.114 840.7308 36.2337
25.124 840.7320 36.2333
25.134 840.7149 36.2346
25.144 840.7388 36.2347
25.154 840.7179 36.2351
25.164 840.7053 36.2368
25.174 840.7325 36.2376
25.184 840.7211 36.2368
25.194 840.7160 36.2372
25.204 840.7420 36.2384
25.214 840.6977 36.2389
25.224 840.6937 36.2389
25.234 840.6939 36.2400
25.244 840.7629 36.2400
25.254 840.7027 36.2394
25.264 840.6877 36.2419
25.274 840.7069 36.2416
25.284 840.7035 36.2398
25.294 840.7252 36.2419
25.304 840.7016 36.2429
25.314 840.6932 36.2427
25.324 840.7093 36.2428
25.334 840.7044 36.2433
25.344 840.6678 36.2428
25.354 840.6939 36.2440
25.364 840.6975 36.2459
25.374 840.6831 36.2466
25.384 840.7049 36.2476
25.394 840.7089 36.2476
25.404 840.7119 36.2482
25.414 840.7108 36.2476
25.424 840.7210 36.2478
25.434 840.6944 36.2483
25.444 840.6940 36.2491
25.454 840.6849 36.2495
25.464 840.6910 36.2486
25.474 840.7232 36.2499
25.484 840.6904 36.2503
25.494 840.7064 36.2494
25.504 840.7095 36.2510
25.514 840.6833 36.2527
25.524 840.7143 36.2534
25.534 840.7090 36.2527
25.544 840.7202 36.2514
25.554 840.7007 36.2515
25.564 840.6962 36.2533
25.574 840.7015 36.2539
25.584 840.7120 36.2533
25.594 840.6883 36.2533
25.604 840.6937 36.2550
25.614 840.6856 36.2549
25.624 840.7087 36.2546
25.634 840.7236 36.2571
25.644 840.7014 36.2569
25.654 840.6785 36.2553
25.664 840.7261 36.2554
25.674 840.7050 36.2567
25.684 840.7145 36.2576
25.694 840.6847 36.2594
25.704 840.7072 36.2598
25.714 840.6883 36.2573
25.724 840.6836 36.2589
25.734 840.7102 36.2604
25.744 840.7398 36.2604
25.754 840.7216 36.2632
25.764 840.6916 36.2640
25.774 840.6652 36.2636
25.784 840.7291 36.2640
25.794 840.6797 36.2629
25.804 840.7369 36.2629
25.814 840.7431 36.2651
25.824 840.7223 36.2665
25.834 840.6810 36.2656
25.844 840.7244 36.2636
25.854 840.7124 36.2625
25.864 840.6857 36.2640
25.874 840.6882 36.2663
25.884 840.6993 36.2659
25.894 840.7000 36.2663
25.904 840.7152 36.2669
25.914 840.7182 36.2675
25.924 840.7204 36.2676
25.934 840.7056 36.2671
25.944 840.7052 36.2679
25.954 840.7074 36.2680
25.964 840.7208 36.2688
25.974 840.7115 36.2711
25.984 840.7177 36.2712
25.994 840.7498 36.2715
26.004 840.7011 36.2728
26.014 840.7274 36.2722
26.024 840.6956 36.2720
26.034 840.6766 36.2724
26.044 840.6893 36.2728
26.054 840.7091 36.2739
26.064 840.6982 36.2754
26.074 840.7306 36.2758
26.084 840.7154 36.2751
26.094 840.7252 36.2761
26.104 840.6799 36.2771
26.114 840.7069 36.2758
26.124 840.6641 36.2751
26.134 840.7040 36.2763
26.144 840.7170 36.2779
26.154 840.7024 36.2796
26.164 840.7048 36.2787
26.174 840.7323 36.2797
26.184 840.7499 36.2806
26.194 840.6962 36.2794
26.204 840.6974 36.2790
26.214 840.7332 36.2792
26.224 840.7314 36.2802
26.234 840.6998 36.2822
26.244 840.7099 36.2844
26.254 840.7033 36.2830
26.264 840.7371 36.2832
26.274 840.6889 36.2857
26.284 840.7418 36.2845
26.294 840.7006 36.2826
26.304 840.6927 36.2826
26.314 840.7227 36.2838
26.324 840.6933 36.2840
26.334 840.7179 36.2855
26.344 840.6864 36.2855
26.354 840.7239 36.2855
26.364 840.7106 36.2877
26.374 840.7308 36.2880
26.384 840.6873 36.2869
26.394 840.7058 36.2873
26.404 840.6811 36.2888
26.414 840.7070 36.2889
26.424 840.7528 36.2881
26.434 840.7300 36.2876
26.444 840.7156 36.2883
26.454 840.6869 36.2897
26.464 840.6768 36.2896
26.474 840.6898 36.2892
26.484 840.7206 36.2908
26.494 840.7256 36.2914
26.504 840.7233 36.2912
26.514 840.7181 36.2926
26.524 840.7053 36.2931
26.534 840.7240 36.2926
26.544 840.6931 36.2939
26.554 840.6791 36.2948
26.564 840.7204 36.2958
26.574 840.7120 36.2975
26.584 840.7174 36.2973
26.594 840.7131 36.2961
26.604 840.6890 36.2969
26.614 840.7514 36.2985
26.624 840.7025 36.2987
26.634 840.7502 36.2989
26.644 840.6849 36.2978
26.654 840.6932 36.2970
26.664 840.7182 36.2977
26.674 840.7161 36.2986
26.684 840.7283 36.2998
26.694 840.7346 36.2990
26.704 840.7194 36.2993
26.714 840.7121 36.3006
26.724 840.6694 36.2999
26.734 840.6965 36.2997
26.744 840.7396 36.2995
26.754 840.7250 36.3012
26.764 840.6812 36.3040
26.774 840.6923 36.3036
26.784 840.7120 36.3036
26.794 840.7132 36.3032
26.804 840.7195 36.3024
26.814 840.7039 36.3034
26.824 840.7060 36.3025
26.834 840.6831 36.3029
26.844 840.7089 36.3040
26.854 840.7173 36.3042
26.864 840.7270 36.3072
26.874 840.7010 36.3100
26.884 840.7652 36.3085
26.894 840.7028 36.3069
26.904 840.7040 36.3065
26.914 840.7057 36.3064
26.924 840.6862 36.3085
26.934 840.7104 36.3088
26.944 840.7298 36.3076
26.954 840.6968 36.3079
26.964 840.6902 36.3085
26.974 840.6886 36.3097
26.984 840.7193 36.3103
26.994 840.6810 36.3099
27.004 840.6807 36.3097
27.014 840.7074 36.3123
27.024 840.7041 36.3136
27.034 840.7066 36.3119
27.044 840.6954 36.3112
27.054 840.6706 36.3116
27.064 840.7139 36.3126
27.074 840.7089 36.3120
27.084 840.6945 36.3138
27.094 840.6979 36.3155
27.104 840.6857 36.3143
27.114 840.6936 36.3143
27.124 840.7000 36.3146
27.134 840.7004 36.3138
27.144 840.7227 36.3140
27.154 840.6918 36.3154
27.164 840.7237 36.3166
27.174 840.7015 36.3203
27.184 840.7228 36.3211
27.194 840.7148 36.3201
27.204 840.6711 36.3199
27.214 840.7237 36.3206
27.224 840.7344 36.3210
27.234 840.7225 36.3210
27.244 840.7127 36.3210
27.254 840.7115 36.3214
27.264 840.6853 36.3232
27.274 840.7192 36.3244
27.284 840.7104 36.3249
27.294 840.7196 36.3236
27.304 840.7224 36.3240
27.314 840.7153 36.3244
27.324 840.7082 36.3248
27.334 840.7040 36.3266
27.344 840.7288 36.3262
27.354 840.6877 36.3264
27.364 840.7135 36.3274
27.374 840.6885 36.3268
27.384 840.6657 36.3283
27.394 840.6567 36.3297
27.404 840.6802 36.3296
27.414 840.7275 36.3296
27.424 840.7087 36.3311
27.434 840.7071 36.3303
27.444 840.7154 36.3274
27.454 840.7219 36.3297
27.464 840.7071 36.3323
27.474 840.7361 36.3309
27.484 840.7010 36.3301
27.494 840.6739 36.3304
27.504 840.6761 36.3325
27.514 840.6829 36.3340
27.524 840.7413 36.3336
27.534 840.6890 36.3331
27.544 840.7052 36.3323
27.554 840.7328 36.3343
27.564 840.7229 36.3363
27.574 840.7244 36.3360
27.584 840.6720 36.3355
27.594 840.7413 36.3376
27.604 840.7096 36.3406
27.614 840.6981 36.3387
27.624 840.7112 36.3374
27.634 840.6646 36.3378
27.644 840.7109 36.3393
27.654 840.7104 36.3410
27.664 840.7113 36.3384
27.674 840.6977 36.3375
27.684 840.7525 36.3403
27.694 840.7084 36.3410
27.704 840.7049 36.3422
27.714 840.6873 36.3433
27.724 840.7133 36.3425
27.734 840.7081 36.3438
27.744 840.7290 36.3454
27.754 840.7067 36.3452
27.764 840.7074 36.3445
27.774 840.7050 36.3453
27.784 840.6961 36.3448
27.794 840.7238 36.3438
27.804 840.7216 36.3437
27.814 840.7508 36.3445
27.824 840.7125 36.3481
27.834 840.7398 36.3489
27.844 840.7056 36.3476
27.854 840.7109 36.3473
27.864 840.7232 36.3485
27.874 840.7405 36.3493
27.884 840.7288 36.3484
27.894 840.7270 36.3494
27.904 840.7353 36.3507
27.914 840.7290 36.3494
27.924 840.7007 36.3481
27.934 840.7052 36.3484
27.944 840.7007 36.3501
27.954 840.6686 36.3519
27.964 840.6988 36.3512
27.974 840.6999 36.3517
27.984 840.7107 36.3532
27.994 840.7357 36.3539
28.004 840.7227 36.3543
28.014 840.6911 36.3543
28.024 840.7380 36.3551
28.034 840.6923 36.3559
28.044 840.6958 36.3567
28.054 840.7003 36.3570
28.064 840.7013 36.3575
28.074 840.7109 36.3574
28.084 840.7124 36.3571
28.094 840.6961 36.3588
28.104 840.7069 36.3583
28.114 840.7259 36.3570
28.124 840.7220 36.3590
28.134 840.7311 36.3606
28.144 840.6800 36.3607
28.154 840.7136 36.3607
28.164 840.7126 36.3613
28.174 840.6915 36.3615
28.184 840.7155 36.3627
28.194 840.7046 36.3622
28.204 840.6905 36.3600
28.214 840.7345 36.3623
28.224 840.7090 36.3634
28.234 840.7066 36.3622
28.244 840.7036 36.3637
28.254 840.6916 36.3646
28.264 840.7149 36.3634
28.274 840.7120 36.3639
28.284 840.7513 36.3649
28.294 840.7082 36.3650
28.304 840.7365 36.3664
28.314 840.6950 36.3664
28.324 840.7033 36.3676
28.334 840.7211 36.3696
28.344 840.6994 36.3696
28.354 840.7105 36.3682
28.364 840.6878 36.3677
28.374 840.7066 36.3682
28.384 840.7192 36.3686
28.394 840.7251 36.3706
28.404 840.7258 36.3720
28.414 840.7095 36.3717
28.424 840.7245 36.3713
28.434 840.7182 36.3721
28.444 840.7184 36.3723
28.454 840.7341 36.3712
28.464 840.7029 36.3724
28.474 840.7182 36.3741
28.484 840.7237 36.3749
28.494 840.7216 36.3759
28.504 840.6949 36.3753
28.514 840.7025 36.3752
28.524 840.7015 36.3747
28.534 840.7058 36.3739
28.544 840.7175 36.3768
28.554 840.7026 36.3783
28.564 840.7114 36.3778
28.574 840.7153 36.3767
28.584 840.6901 36.3770
28.594 840.6818 36.3798
28.604 840.6854 36.3806
28.614 840.7075 36.3818
28.624 840.6985 36.3833
28.634 840.7157 36.3819
28.644 840.6963 36.3811
28.654 840.6691 36.3823
28.664 840.6971 36.3835
28.674 840.7037 36.3829
28.684 840.7159 36.3820
28.694 840.6745 36.3820
28.704 840.6891 36.3825
28.714 840.7259 36.3831
28.724 840.7088 36.3825
28.734 840.6833 36.3835
28.744 840.7175 36.3849
28.754 840.7051 36.3846
28.764 840.7403 36.3854
28.774 840.6839 36.3869
28.784 840.7003 36.3871
28.794 840.7232 36.3867
28.804 840.7458 36.3882
28.814 840.6899 36.3909
28.824 840.7093 36.3908
28.834 840.7008 36.3894
28.844 840.7121 36.3892
28.854 840.7083 36.3902
28.864 840.7076 36.3909
28.874 840.6866 36.3902
28.884 840.7299 36.3892
28.894 840.7099 36.3890
28.904 840.6904 36.3892
28.914 840.7038 36.3900
28.924 840.6954 36.3917
28.934 840.7022 36.3932
28.944 840.7146 36.3955
28.954 840.7246 36.3945
28.964 840.6921 36.3931
28.974 840.7183 36.3933
28.984 840.7362 36.3924
28.994 840.7316 36.3931
29.004 840.7308 36.3947
29.014 840.7320 36.3943
29.024 840.7071 36.3967
29.034 840.7095 36.3979
29.044 840.7147 36.3965
29.054 840.6988 36.3975
29.064 840.6937 36.3979
29.074 840.7372 36.3990
29.084 840.7231 36.3988
29.094 840.7091 36.3987
29.104 840.6909 36.4015
29.114 840.7073 36.4028
29.124 840.7045 36.4014
29.134 840.6864 36.4012
29.144 840.7006 36.4024
29.154 840.7112 36.4018
29.164 840.7037 36.4010
29.174 840.6984 36.4023
29.184 840.6896 36.4028
29.194 840.6970 36.4026
29.204 840.6617 36.4027
29.214 840.6926 36.4034
29.224 840.6958 36.4050
29.234 840.7163 36.4054
29.244 840.6963 36.4053
29.254 840.6905 36.4063
29.264 840.6980 36.4071
29.274 840.7150 36.4067
29.284 840.6734 36.4057
29.294 840.7126 36.4055
29.304 840.7267 36.4077
29.314 840.7043 36.4083
29.324 840.7100 36.4082
29.334 840.7355 36.4091
29.344 840.7039 36.4091
29.354 840.6817 36.4089
29.364 840.7210 36.4098
29.374 840.7258 36.4102
29.384 840.6772 36.4106
29.394 840.7247 36.4117
29.404 840.7055 36.4120
29.414 840.7079 36.4132
29.424 840.7212 36.4129
29.434 840.6890 36.4126
29.444 840.7065 36.4145
29.454 840.6929 36.4136
29.464 840.7019 36.4132
29.474 840.7105 36.4145
29.484 840.6829 36.4145
29.494 840.7209 36.4148
29.504 840.7256 36.4152
29.514 840.7144 36.4165
29.524 840.6881 36.4172
29.534 840.6860 36.4161
29.544 840.6847 36.4155
29.554 840.6817 36.4169
29.564 840.7289 36.4179
29.574 840.6898 36.4171
29.584 840.7060 36.4183
29.594 840.7247 36.4197
29.604 840.7014 36.4189
29.614 840.7155 36.4191
29.624 840.7210 36.4199
29.634 840.6939 36.4202
29.644 840.7088 36.4207
29.654 840.6985 36.4215
29.664 840.7136 36.4202
29.674 840.7209 36.4208
29.684 840.7039 36.4232
29.694 840.6692 36.4216
29.704 840.6975 36.4230
29.714 840.7240 36.4244
29.724 840.7059 36.4232
29.734 840.7060 36.4223
29.744 840.7044 36.4235
29.754 840.7128 36.4258
29.764 840.6981 36.4263
29.774 840.6949 36.4267
29.784 840.6749 36.4266
29.794 840.6899 36.4282
29.804 840.6876 36.4290
29.814 840.7138 36.4273
29.824 840.6999 36.4293
29.834 840.7109 36.4298
29.844 840.6705 36.4283
29.854 840.6927 36.4286
29.864 840.6949 36.4287
29.874 840.7336 36.4283
29.884 840.6742 36.4282
29.894 840.7030 36.4298
29.904 840.6980 36.4313
29.914 840.7226 36.4307
29.924 840.7235 36.4302
29.934 840.6927 36.4306
29.944 840.7201 36.4325
29.954 840.7138 36.4353
29.964 840.7151 36.4340
29.974 840.7034 36.4330
29.984 840.6889 36.4337
29.994 840.7406 36.4349
