% 21-Jul-2025 12:38:58
% Time, s	 Pressure, mBar	 Temperature, degC
0.005 837.6448 31.8224
0.015 837.6884 31.8244
0.025 837.6428 31.8268
0.035 837.6605 31.8294
0.045 837.6638 31.8320
0.055 837.6482 31.8332
0.065 837.6696 31.8340
0.075 837.6593 31.8370
0.085 837.6231 31.8395
0.095 837.6545 31.8409
0.105 837.6575 31.8433
0.115 837.6733 31.8440
0.125 837.6650 31.8471
0.135 837.6518 31.8486
0.145 837.6696 31.8494
0.155 837.6644 31.8513
0.165 837.6796 31.8526
0.174 837.6907 31.8564
0.184 837.6572 31.8576
0.194 837.7013 31.8572
0.204 837.6964 31.8566
0.214 837.6332 31.8564
0.224 837.6696 31.8585
0.234 837.6610 31.8632
0.244 837.6876 31.8657
0.254 837.6984 31.8657
0.264 837.6678 31.8657
0.274 837.6613 31.8643
0.284 837.6516 31.8648
0.294 837.6912 31.8685
0.304 837.6897 31.8695
0.314 837.6837 31.8683
0.324 837.6414 31.8724
0.334 837.6656 31.8755
0.344 837.6640 31.8756
0.354 837.6506 31.8743
0.364 837.6953 31.8751
0.374 837.6973 31.8770
0.384 837.6843 31.8759
0.394 837.6766 31.8756
0.404 837.6908 31.8764
0.414 837.6989 31.8778
0.424 837.6656 31.8791
0.434 837.6649 31.8806
0.444 837.6945 31.8801
0.454 837.6947 31.8802
0.464 837.6503 31.8805
0.474 837.6530 31.8791
0.484 837.6813 31.8798
0.494 837.6671 31.8817
0.504 837.6613 31.8833
0.514 837.6459 31.8837
0.524 837.6832 31.8844
0.534 837.6571 31.8857
0.544 837.6470 31.8870
0.554 837.6927 31.8864
0.564 837.6697 31.8857
0.574 837.6639 31.8864
0.584 837.7045 31.8870
0.594 837.6820 31.8910
0.604 837.6944 31.8918
0.614 837.6598 31.8871
0.624 837.6524 31.8879
0.634 837.7127 31.8893
0.644 837.6819 31.8901
0.654 837.6487 31.8924
0.664 837.6591 31.8913
0.674 837.6642 31.8929
0.684 837.6844 31.8949
0.694 837.7128 31.8938
0.704 837.6906 31.8963
0.714 837.7235 31.8966
0.724 837.6901 31.8933
0.734 837.6795 31.8925
0.744 837.6721 31.8924
0.754 837.6949 31.8948
0.764 837.6850 31.8961
0.774 837.6737 31.8968
0.784 837.6961 31.8972
0.794 837.6853 31.8972
0.804 837.6810 31.8978
0.814 837.6699 31.8967
0.824 837.6975 31.8988
0.834 837.6811 31.8997
0.844 837.7028 31.8970
0.854 837.6777 31.8952
0.864 837.6910 31.8974
0.874 837.7057 31.9011
0.884 837.6666 31.9005
0.894 837.6770 31.8994
0.904 837.6816 31.8990
0.914 837.6459 31.8991
0.924 837.6702 31.9005
0.934 837.6766 31.9001
0.944 837.6596 31.8997
0.954 837.6436 31.8998
0.964 837.6785 31.8993
0.974 837.6804 31.9002
0.984 837.7023 31.9003
0.994 837.6943 31.8999
1.004 837.6785 31.9020
1.014 837.7013 31.9007
1.024 837.6969 31.9013
1.034 837.6672 31.9053
1.044 837.6951 31.9040
1.054 837.6762 31.9026
1.064 837.6943 31.9036
1.074 837.6639 31.9028
1.084 837.6553 31.9038
1.094 837.6886 31.9061
1.104 837.6808 31.9049
1.114 837.6765 31.9055
1.124 837.6844 31.9049
1.134 837.7022 31.9021
1.144 837.6832 31.9025
1.154 837.6852 31.9026
1.164 837.6798 31.9026
1.174 837.6795 31.9052
1.184 837.6922 31.9061
1.194 837.6979 31.9063
1.204 837.6590 31.9057
1.214 837.6476 31.9045
1.224 837.6797 31.9044
1.234 837.6799 31.9036
1.244 837.6987 31.9040
1.254 837.6744 31.9053
1.264 837.6977 31.9071
1.274 837.6815 31.9071
1.284 837.6614 31.9060
1.294 837.6837 31.9064
1.304 837.6823 31.9075
1.314 837.6811 31.9060
1.324 837.6798 31.9053
1.334 837.6637 31.9063
1.344 837.6844 31.9076
1.354 837.6891 31.9091
1.364 837.6532 31.9074
1.374 837.6769 31.9075
1.384 837.6794 31.9097
1.394 837.6844 31.9086
1.404 837.6783 31.9091
1.414 837.6989 31.9095
1.424 837.6945 31.9091
1.434 837.6394 31.9113
1.444 837.6457 31.9099
1.454 837.6958 31.9088
1.464 837.6640 31.9101
1.474 837.6459 31.9082
1.484 837.6709 31.9090
1.494 837.6936 31.9105
1.504 837.6612 31.9105
1.514 837.6887 31.9134
1.524 837.6926 31.9136
1.534 837.7053 31.9118
1.544 837.7058 31.9121
1.554 837.6965 31.9120
1.564 837.6504 31.9105
1.574 837.7322 31.9118
1.584 837.6883 31.9124
1.594 837.6814 31.9125
1.604 837.7050 31.9117
1.614 837.6881 31.9132
1.624 837.7041 31.9140
1.634 837.6601 31.9099
1.644 837.6435 31.9106
1.654 837.6731 31.9110
1.664 837.6851 31.9107
1.674 837.6804 31.9129
1.684 837.6846 31.9141
1.694 837.6588 31.9129
1.704 837.6828 31.9132
1.714 837.6970 31.9140
1.724 837.6596 31.9124
1.734 837.6723 31.9115
1.744 837.7112 31.9121
1.754 837.6610 31.9140
1.764 837.6882 31.9141
1.774 837.6828 31.9141
1.784 837.6581 31.9134
1.794 837.7069 31.9126
1.804 837.6844 31.9149
1.814 837.6728 31.9136
1.824 837.6359 31.9122
1.834 837.6699 31.9130
1.844 837.7009 31.9151
1.854 837.6599 31.9171
1.864 837.6718 31.9149
1.874 837.6920 31.9133
1.884 837.7003 31.9138
1.894 837.6510 31.9144
1.904 837.7047 31.9142
1.914 837.6699 31.9130
1.924 837.6648 31.9141
1.934 837.6934 31.9149
1.944 837.6559 31.9141
1.954 837.6832 31.9152
1.964 837.6868 31.9152
1.974 837.6699 31.9157
1.984 837.6947 31.9174
1.994 837.6887 31.9171
2.004 837.6536 31.9175
2.014 837.6616 31.9152
2.024 837.6715 31.9138
2.034 837.6931 31.9175
2.044 837.6600 31.9180
2.054 837.6855 31.9182
2.064 837.6426 31.9192
2.074 837.6659 31.9174
2.084 837.6875 31.9174
2.094 837.7274 31.9184
2.104 837.6887 31.9171
2.114 837.7086 31.9180
2.124 837.7034 31.9172
2.134 837.7025 31.9159
2.144 837.6663 31.9167
2.154 837.7302 31.9180
2.164 837.7126 31.9228
2.174 837.6764 31.9236
2.184 837.6761 31.9198
2.194 837.6846 31.9205
2.204 837.6461 31.9237
2.214 837.7053 31.9245
2.224 837.7084 31.9225
2.234 837.6854 31.9209
2.244 837.6847 31.9214
2.254 837.6986 31.9211
2.264 837.6989 31.9222
2.274 837.6857 31.9247
2.284 837.6713 31.9237
2.294 837.7195 31.9226
2.304 837.6887 31.9234
2.314 837.7100 31.9233
2.324 837.7071 31.9218
2.334 837.6824 31.9211
2.344 837.7141 31.9226
2.354 837.7224 31.9232
2.364 837.7041 31.9230
2.374 837.7028 31.9224
2.384 837.6937 31.9241
2.394 837.6831 31.9233
2.404 837.7012 31.9225
2.414 837.6989 31.9249
2.424 837.6927 31.9245
2.434 837.7034 31.9236
2.444 837.6890 31.9236
2.454 837.6998 31.9236
2.464 837.7225 31.9251
2.474 837.7059 31.9257
2.484 837.6974 31.9224
2.494 837.6745 31.9226
2.504 837.6970 31.9240
2.514 837.6687 31.9233
2.524 837.6856 31.9228
2.534 837.6855 31.9218
2.544 837.7395 31.9218
2.554 837.6759 31.9233
2.564 837.7017 31.9245
2.574 837.6859 31.9238
2.584 837.6684 31.9232
2.594 837.6819 31.9218
2.604 837.6671 31.9225
2.614 837.6923 31.9234
2.624 837.6865 31.9214
2.634 837.6836 31.9236
2.644 837.7072 31.9237
2.654 837.6902 31.9224
2.664 837.6788 31.9248
2.674 837.6926 31.9272
2.684 837.7080 31.9268
2.694 837.6648 31.9232
2.704 837.6640 31.9228
2.714 837.6988 31.9240
2.724 837.6854 31.9263
2.734 837.7165 31.9275
2.744 837.6927 31.9255
2.754 837.6711 31.9245
2.764 837.6570 31.9247
2.774 837.7217 31.9247
2.784 837.7001 31.9247
2.794 837.6931 31.9238
2.804 837.6622 31.9264
2.814 837.6733 31.9265
2.824 837.6970 31.9240
2.834 837.6713 31.9237
2.844 837.6888 31.9244
2.854 837.6716 31.9248
2.864 837.6924 31.9244
2.874 837.6714 31.9256
2.884 837.6596 31.9251
2.894 837.7027 31.9251
2.904 837.6648 31.9268
2.914 837.6866 31.9260
2.924 837.6763 31.9253
2.934 837.6546 31.9244
2.944 837.6907 31.9253
2.954 837.6725 31.9288
2.964 837.6964 31.9291
2.974 837.6715 31.9265
2.984 837.6838 31.9264
2.994 837.6802 31.9264
3.004 837.6704 31.9251
3.014 837.6776 31.9260
3.024 837.6560 31.9251
3.034 837.6892 31.9264
3.044 837.6798 31.9280
3.054 837.7032 31.9271
3.064 837.6901 31.9278
3.074 837.6756 31.9295
3.084 837.6961 31.9290
3.094 837.6889 31.9290
3.104 837.6864 31.9295
3.114 837.6823 31.9292
3.124 837.6793 31.9305
3.134 837.6849 31.9306
3.144 837.6622 31.9291
3.154 837.7141 31.9263
3.164 837.6704 31.9251
3.174 837.6790 31.9267
3.184 837.6904 31.9288
3.194 837.6501 31.9284
3.204 837.6694 31.9291
3.214 837.6950 31.9311
3.224 837.6980 31.9299
3.234 837.6705 31.9306
3.244 837.6626 31.9311
3.254 837.7016 31.9299
3.264 837.7103 31.9298
3.274 837.6758 31.9324
3.284 837.7257 31.9330
3.294 837.6735 31.9321
3.304 837.6771 31.9348
3.314 837.7004 31.9348
3.324 837.7120 31.9342
3.334 837.6976 31.9342
3.344 837.6914 31.9348
3.354 837.6689 31.9361
3.364 837.6958 31.9342
3.374 837.6658 31.9318
3.384 837.6993 31.9296
3.394 837.6653 31.9288
3.404 837.6861 31.9294
3.414 837.6735 31.9294
3.424 837.6468 31.9295
3.434 837.6973 31.9305
3.444 837.6747 31.9345
3.454 837.6968 31.9338
3.464 837.7032 31.9334
3.474 837.6771 31.9357
3.484 837.6709 31.9353
3.494 837.7154 31.9351
3.504 837.6899 31.9349
3.514 837.6824 31.9338
3.524 837.6890 31.9336
3.534 837.7316 31.9351
3.544 837.6605 31.9337
3.554 837.7049 31.9361
3.564 837.6434 31.9378
3.574 837.6648 31.9359
3.584 837.7103 31.9388
3.594 837.7170 31.9395
3.604 837.7128 31.9383
3.614 837.7071 31.9382
3.624 837.6867 31.9369
3.634 837.6567 31.9345
3.644 837.6906 31.9344
3.654 837.6978 31.9371
3.664 837.6859 31.9356
3.674 837.6949 31.9329
3.684 837.6873 31.9345
3.694 837.6942 31.9371
3.704 837.6586 31.9382
3.714 837.6848 31.9387
3.724 837.6971 31.9376
3.734 837.7193 31.9361
3.744 837.6942 31.9371
3.754 837.7123 31.9390
3.764 837.7193 31.9398
3.774 837.6960 31.9407
3.784 837.6668 31.9378
3.794 837.6751 31.9365
3.804 837.6608 31.9375
3.814 837.6813 31.9369
3.824 837.6888 31.9371
3.834 837.6996 31.9344
3.844 837.6836 31.9336
3.854 837.6732 31.9374
3.864 837.6868 31.9379
3.874 837.7056 31.9383
3.884 837.7006 31.9394
3.894 837.7112 31.9375
3.904 837.6749 31.9364
3.914 837.7137 31.9369
3.924 837.6919 31.9368
3.934 837.6605 31.9364
3.944 837.6730 31.9382
3.954 837.6565 31.9380
3.964 837.6873 31.9382
3.974 837.7020 31.9410
3.984 837.6843 31.9421
3.994 837.6540 31.9422
4.004 837.6567 31.9409
4.014 837.6877 31.9392
4.024 837.7138 31.9379
4.034 837.6616 31.9379
4.044 837.6850 31.9406
4.054 837.6931 31.9429
4.064 837.6950 31.9438
4.074 837.6702 31.9422
4.084 837.6958 31.9406
4.094 837.6829 31.9405
4.104 837.7080 31.9422
4.114 837.7049 31.9425
4.124 837.6820 31.9418
4.134 837.6716 31.9402
4.144 837.6716 31.9402
4.154 837.6891 31.9409
4.164 837.6767 31.9401
4.174 837.6923 31.9425
4.184 837.6790 31.9430
4.194 837.7130 31.9438
4.204 837.7053 31.9436
4.214 837.6749 31.9428
4.224 837.6806 31.9438
4.234 837.6898 31.9430
4.244 837.7200 31.9419
4.254 837.6968 31.9411
4.264 837.7162 31.9418
4.274 837.6882 31.9422
4.284 837.6709 31.9417
4.294 837.6854 31.9426
4.304 837.7105 31.9444
4.314 837.6935 31.9449
4.324 837.6753 31.9448
4.334 837.7112 31.9438
4.344 837.7005 31.9421
4.354 837.6539 31.9413
4.364 837.7404 31.9432
4.374 837.6722 31.9451
4.384 837.6975 31.9423
4.394 837.6797 31.9415
4.404 837.6526 31.9442
4.414 837.6938 31.9451
4.424 837.6707 31.9452
4.434 837.6885 31.9460
4.444 837.6949 31.9456
4.454 837.6929 31.9428
4.464 837.6997 31.9444
4.474 837.6416 31.9478
4.484 837.7143 31.9472
4.494 837.6883 31.9468
4.504 837.6944 31.9463
4.514 837.6988 31.9457
4.524 837.7076 31.9475
4.534 837.7108 31.9482
4.544 837.6917 31.9476
4.554 837.6989 31.9476
4.564 837.7275 31.9484
4.574 837.7041 31.9484
4.584 837.7047 31.9460
4.594 837.7019 31.9464
4.604 837.6694 31.9455
4.614 837.7090 31.9455
4.624 837.6860 31.9465
4.634 837.6661 31.9456
4.644 837.6575 31.9467
4.654 837.7035 31.9472
4.664 837.7200 31.9473
4.674 837.7046 31.9487
4.684 837.6681 31.9511
4.694 837.7003 31.9492
4.704 837.7134 31.9486
4.714 837.6795 31.9487
4.724 837.7019 31.9491
4.734 837.7051 31.9517
4.744 837.6785 31.9500
4.754 837.6645 31.9484
4.764 837.6735 31.9475
4.774 837.6594 31.9449
4.784 837.6660 31.9446
4.794 837.7223 31.9476
4.804 837.7113 31.9484
4.814 837.6869 31.9479
4.824 837.6751 31.9483
4.834 837.6526 31.9469
4.844 837.6691 31.9471
4.854 837.6437 31.9479
4.864 837.6993 31.9496
4.874 837.6693 31.9499
4.884 837.6648 31.9486
4.894 837.6725 31.9488
4.904 837.6629 31.9503
4.914 837.6813 31.9523
4.924 837.6640 31.9509
4.934 837.6742 31.9506
4.944 837.6765 31.9499
4.954 837.6656 31.9490
4.964 837.6822 31.9473
4.974 837.6669 31.9487
4.984 837.6608 31.9502
4.994 837.6981 31.9472
5.004 837.6845 31.9476
5.014 837.6776 31.9505
5.024 837.6667 31.9495
5.034 837.6596 31.9478
5.044 837.6489 31.9487
5.054 837.6862 31.9494
5.064 837.7019 31.9500
5.074 837.6914 31.9502
5.084 837.6785 31.9500
5.094 837.6724 31.9506
5.104 837.7097 31.9503
5.114 837.6823 31.9492
5.124 837.6616 31.9506
5.134 837.6822 31.9510
5.144 837.6810 31.9513
5.154 837.6737 31.9503
5.164 837.6773 31.9503
5.174 837.6679 31.9519
5.184 837.6917 31.9513
5.194 837.6780 31.9534
5.204 837.7261 31.9532
5.214 837.6776 31.9505
5.224 837.6563 31.9515
5.234 837.6882 31.9522
5.244 837.6658 31.9518
5.254 837.7014 31.9525
5.264 837.6509 31.9515
5.274 837.6973 31.9495
5.284 837.6889 31.9507
5.294 837.6712 31.9509
5.304 837.6810 31.9513
5.314 837.6780 31.9525
5.324 837.6583 31.9507
5.334 837.6926 31.9517
5.344 837.6458 31.9517
5.354 837.6665 31.9540
5.364 837.7099 31.9559
5.374 837.6958 31.9542
5.384 837.7151 31.9540
5.394 837.6879 31.9548
5.404 837.6543 31.9550
5.414 837.6837 31.9536
5.424 837.7048 31.9533
5.434 837.6681 31.9538
5.444 837.7254 31.9546
5.454 837.6886 31.9533
5.464 837.7443 31.9533
5.474 837.6875 31.9555
5.484 837.6996 31.9561
5.494 837.7029 31.9560
5.504 837.6964 31.9545
5.514 837.6756 31.9549
5.524 837.6545 31.9542
5.534 837.6611 31.9540
5.544 837.7021 31.9556
5.554 837.6671 31.9542
5.564 837.6665 31.9540
5.574 837.6687 31.9560
5.584 837.7019 31.9591
5.594 837.6804 31.9573
5.604 837.6605 31.9528
5.614 837.6886 31.9542
5.624 837.6882 31.9576
5.634 837.6948 31.9573
5.644 837.6768 31.9573
5.654 837.6807 31.9575
5.664 837.6812 31.9578
5.674 837.6730 31.9572
5.684 837.6440 31.9553
5.694 837.6925 31.9571
5.704 837.6942 31.9598
5.714 837.6890 31.9590
5.724 837.6720 31.9586
5.734 837.7043 31.9603
5.744 837.6940 31.9569
5.754 837.6639 31.9536
5.764 837.6676 31.9545
5.774 837.6862 31.9557
5.784 837.6895 31.9583
5.794 837.6916 31.9584
5.804 837.6932 31.9565
5.814 837.6815 31.9552
5.824 837.6134 31.9553
5.834 837.6583 31.9571
5.844 837.6825 31.9575
5.854 837.6641 31.9591
5.864 837.6779 31.9606
5.874 837.6643 31.9583
5.884 837.6867 31.9587
5.894 837.6748 31.9609
5.904 837.6878 31.9602
5.914 837.6575 31.9594
5.924 837.6550 31.9582
5.934 837.7161 31.9572
5.944 837.7039 31.9583
5.954 837.6655 31.9598
5.964 837.6995 31.9615
5.974 837.6849 31.9623
5.984 837.6499 31.9610
5.994 837.6830 31.9605
6.004 837.6910 31.9609
6.014 837.6719 31.9603
6.024 837.6834 31.9598
6.034 837.6919 31.9595
6.044 837.6864 31.9586
6.054 837.6597 31.9587
6.064 837.6697 31.9610
6.074 837.6779 31.9606
6.084 837.7032 31.9588
6.094 837.6532 31.9609
6.104 837.6733 31.9610
6.114 837.6739 31.9595
6.124 837.8368 31.9618
6.134 837.8361 31.9633
6.144 837.8874 31.9619
6.154 836.5814 31.9610
6.164 838.0311 31.9627
6.174 837.5549 31.9621
6.184 837.6486 31.9613
6.194 837.7175 31.9642
6.204 837.3440 31.9637
6.214 837.2360 31.9618
6.224 836.9906 31.9623
6.234 836.7584 31.9632
6.294 836.5215 31.9618
6.304 836.5371 31.9622
6.314 836.5052 31.9618
6.324 836.5302 31.9614
6.334 836.5079 31.9621
6.344 836.5224 31.9607
6.354 836.4444 31.9605
6.364 836.4730 31.9625
6.374 836.4704 31.9642
6.384 836.4526 31.9638
6.394 836.4750 31.9630
6.404 836.5353 31.9636
6.414 836.5407 31.9653
6.424 836.5051 31.9649
6.434 836.5622 31.9641
6.444 836.5777 31.9645
6.454 836.5722 31.9659
6.464 836.5475 31.9668
6.474 836.6274 31.9652
6.484 836.6552 31.9649
6.494 836.6156 31.9664
6.504 836.6664 31.9655
6.514 836.6658 31.9648
6.524 836.7042 31.9642
6.534 836.6579 31.9646
6.544 836.6312 31.9646
6.554 836.6611 31.9640
6.564 836.6369 31.9664
6.574 836.6149 31.9676
6.584 836.5555 31.9669
6.594 836.5449 31.9671
6.604 836.5309 31.9676
6.614 836.4557 31.9682
6.624 836.4578 31.9688
6.634 836.4382 31.9679
6.984 836.4459 31.9671
6.994 836.4833 31.9664
7.004 836.4821 31.9638
7.014 836.4993 31.9640
7.024 836.4596 31.9668
7.034 836.4838 31.9667
7.044 836.5146 31.9663
7.054 836.4685 31.9668
7.064 836.4965 31.9660
7.074 836.4591 31.9656
7.084 836.4863 31.9650
7.094 836.4954 31.9653
7.104 836.4990 31.9661
7.114 836.4437 31.9660
7.124 836.4582 31.9667
7.134 836.4395 31.9680
7.154 836.4531 31.9687
7.164 836.4572 31.9691
7.804 836.4480 31.9675
7.814 836.4687 31.9677
7.824 836.4816 31.9677
7.834 836.4382 31.9664
7.844 836.4782 31.9673
7.854 836.4843 31.9687
7.864 836.4780 31.9702
7.874 836.4911 31.9700
7.884 836.4770 31.9707
7.894 836.5137 31.9704
7.904 836.5285 31.9692
7.914 836.4981 31.9694
7.924 836.5157 31.9669
7.934 836.4781 31.9669
7.944 836.5166 31.9688
7.954 836.5287 31.9691
7.964 836.5356 31.9722
7.974 836.5348 31.9725
7.984 836.5372 31.9729
7.994 836.5747 31.9732
8.004 836.5286 31.9710
8.014 836.5264 31.9698
8.024 836.5374 31.9687
8.034 836.5739 31.9699
8.044 836.5368 31.9695
8.054 836.5422 31.9676
8.064 836.5633 31.9690
8.074 836.5718 31.9718
8.084 836.5490 31.9730
8.094 836.5884 31.9726
8.104 836.5458 31.9710
8.114 836.5867 31.9702
8.124 836.5539 31.9694
8.134 836.5726 31.9684
8.144 836.5606 31.9714
8.154 836.5721 31.9733
8.164 836.5711 31.9738
8.174 836.5434 31.9746
8.184 836.5736 31.9734
8.194 836.5774 31.9737
8.204 836.5716 31.9741
8.214 836.5514 31.9736
8.224 836.5606 31.9733
8.234 836.5609 31.9723
8.244 836.5440 31.9740
8.254 836.5540 31.9765
8.264 836.5808 31.9763
8.274 836.5465 31.9765
8.284 836.5418 31.9764
8.294 836.5643 31.9752
8.304 836.5820 31.9748
8.314 836.5904 31.9765
8.324 836.6102 31.9746
8.334 836.5967 31.9726
8.344 836.6180 31.9753
8.354 836.5750 31.9730
8.364 836.6266 31.9729
8.374 836.6038 31.9767
8.384 836.6299 31.9771
8.394 836.6161 31.9764
8.404 836.6170 31.9771
8.414 836.6098 31.9765
8.424 836.6047 31.9740
8.434 836.6147 31.9742
8.444 836.5667 31.9757
8.454 836.5667 31.9742
8.464 836.6180 31.9737
8.474 836.6044 31.9745
8.484 836.6189 31.9734
8.494 836.6429 31.9741
8.504 836.6772 31.9745
8.514 836.6763 31.9746
8.524 836.6627 31.9761
8.534 836.6919 31.9767
8.544 836.7228 31.9756
8.554 836.7390 31.9753
8.564 836.7133 31.9768
8.574 836.7351 31.9772
8.584 836.7245 31.9775
8.594 836.7730 31.9781
8.604 836.7916 31.9776
8.614 836.7927 31.9761
8.624 836.8148 31.9775
8.634 836.8089 31.9781
8.644 836.8202 31.9779
8.654 836.8127 31.9777
8.664 836.7939 31.9794
8.674 836.8775 31.9811
8.684 836.8366 31.9791
8.694 836.8452 31.9790
8.704 836.8449 31.9776
8.714 836.8415 31.9761
8.724 836.8764 31.9771
8.734 836.8604 31.9764
8.744 836.8805 31.9776
8.754 836.8982 31.9783
8.764 836.8773 31.9752
8.774 836.9177 31.9772
8.784 836.8618 31.9800
8.794 836.9161 31.9800
8.804 836.9118 31.9802
8.814 836.8840 31.9807
8.824 836.8766 31.9803
8.834 836.8562 31.9799
8.844 836.8865 31.9795
8.854 836.8798 31.9769
8.864 836.8804 31.9768
8.874 836.8733 31.9788
8.884 836.8640 31.9819
8.894 836.9167 31.9833
8.904 836.9134 31.9799
8.914 836.9491 31.9800
8.924 836.9588 31.9822
8.934 836.9381 31.9815
8.944 836.9920 31.9807
8.954 837.0365 31.9814
8.964 837.0465 31.9842
8.974 837.0469 31.9837
8.984 837.0597 31.9807
8.994 837.0655 31.9796
9.004 837.0495 31.9802
9.014 837.0803 31.9804
9.024 837.1093 31.9803
9.034 837.1221 31.9798
9.044 837.1080 31.9804
9.054 837.1696 31.9806
9.064 837.1678 31.9772
9.074 837.1868 31.9794
9.084 837.1983 31.9821
9.094 837.2265 31.9827
9.104 837.2233 31.9825
9.114 837.2339 31.9800
9.124 837.2410 31.9818
9.134 837.2445 31.9821
9.144 837.2833 31.9827
9.154 837.2538 31.9844
9.164 837.2840 31.9838
9.174 837.2997 31.9841
9.184 837.2985 31.9836
9.194 837.2886 31.9840
9.204 837.2882 31.9845
9.214 838.5532 31.9834
9.234 836.6780 31.9826
9.244 837.4288 31.9833
9.254 838.6009 31.9849
9.264 837.8599 31.9841
9.274 837.7191 31.9815
9.284 837.6862 31.9821
9.294 837.7010 31.9853
9.304 837.7100 31.9861
9.314 837.7308 31.9842
9.324 837.7253 31.9837
9.334 837.7371 31.9860
9.344 837.7193 31.9886
9.354 837.7154 31.9873
9.364 837.7488 31.9873
9.374 837.7676 31.9887
9.384 837.7137 31.9859
9.394 837.7458 31.9850
9.404 837.6959 31.9865
9.414 837.7070 31.9850
9.424 837.7485 31.9837
9.434 837.7360 31.9840
9.444 837.7302 31.9853
9.454 837.7070 31.9853
9.464 837.7243 31.9827
9.474 837.7793 31.9833
9.484 837.7693 31.9836
9.494 837.7455 31.9836
9.504 837.7478 31.9849
9.514 837.7250 31.9853
9.524 837.7364 31.9872
9.534 837.7439 31.9857
9.544 837.6937 31.9840
9.554 837.7528 31.9853
9.564 837.7197 31.9848
9.574 837.7237 31.9868
9.584 837.7294 31.9879
9.594 837.7201 31.9888
9.604 837.7597 31.9913
9.614 837.7592 31.9877
9.624 837.7328 31.9869
9.634 837.7646 31.9896
9.644 837.7459 31.9899
9.654 837.7470 31.9914
9.664 837.7546 31.9917
9.674 837.7399 31.9887
9.684 837.7335 31.9880
9.694 837.7355 31.9879
9.704 837.7214 31.9865
9.714 837.7503 31.9879
9.724 837.7308 31.9881
9.734 837.7515 31.9888
9.744 837.7606 31.9914
9.754 837.7319 31.9915
9.764 837.7334 31.9900
9.774 837.7707 31.9892
9.784 837.7272 31.9903
9.794 837.7640 31.9892
9.804 837.7625 31.9860
9.814 837.7731 31.9864
9.824 837.7510 31.9881
9.834 837.7483 31.9892
9.844 837.7237 31.9898
9.854 837.7008 31.9894
9.864 837.7360 31.9892
9.874 837.7532 31.9880
9.884 837.7557 31.9879
9.894 837.7444 31.9881
9.904 837.7688 31.9884
9.914 837.7274 31.9903
9.924 837.7700 31.9892
9.934 837.7647 31.9895
9.944 837.7571 31.9906
9.954 837.7412 31.9895
9.964 837.7892 31.9890
9.974 837.7778 31.9876
9.984 837.8024 31.9903
9.994 837.7758 31.9937
10.004 837.7696 31.9933
10.014 837.7391 31.9917
10.024 837.7661 31.9908
10.034 837.7256 31.9902
10.044 837.7464 31.9921
10.054 837.7833 31.9949
10.064 837.7491 31.9950
10.074 837.7675 31.9933
10.084 837.7962 31.9917
10.094 837.8043 31.9927
10.104 837.7597 31.9927
10.114 837.7561 31.9933
10.124 837.7770 31.9927
10.134 837.7561 31.9915
10.144 837.7529 31.9936
10.154 837.8200 31.9934
10.164 837.7882 31.9925
10.174 837.8056 31.9915
10.184 837.7569 31.9911
10.194 837.7563 31.9953
10.204 837.7302 31.9969
10.214 837.7593 31.9940
10.224 837.7669 31.9925
10.234 837.7596 31.9938
10.244 837.7771 31.9945
10.254 837.7721 32.0029
10.264 837.7839 32.0100
10.274 837.7712 32.0071
10.284 837.7586 32.0083
10.294 837.7605 32.0106
10.304 837.8099 32.0125
10.314 837.7741 32.0131
10.324 837.7533 32.0102
10.334 837.7627 32.0085
10.344 837.7595 32.0085
10.354 837.7839 32.0081
10.364 837.7493 32.0099
10.374 837.7827 32.0104
10.384 837.8218 32.0096
10.394 837.7906 32.0085
10.404 837.8426 32.0081
10.414 837.7918 32.0095
10.424 837.7790 32.0104
10.434 837.7845 32.0094
10.444 837.7853 32.0087
10.454 837.7817 32.0098
10.464 837.7990 32.0107
10.474 837.7735 32.0090
10.484 837.7850 32.0069
10.494 837.7636 32.0071
10.504 837.8140 32.0049
10.514 837.7907 32.0072
10.524 837.7514 32.0112
10.534 837.7858 32.0092
10.544 837.7686 32.0085
10.554 837.7955 32.0098
10.564 837.7873 32.0083
10.574 837.7792 32.0084
10.584 837.7879 32.0103
10.594 837.7730 32.0102
10.604 837.7694 32.0080
10.614 837.7795 32.0091
10.624 837.7886 32.0102
10.634 837.7722 32.0100
10.644 837.7912 32.0127
10.654 837.7927 32.0134
10.664 837.7606 32.0110
10.674 837.7744 32.0107
10.684 837.7365 32.0103
10.694 837.7658 32.0091
10.704 837.7944 32.0102
10.714 837.7570 32.0100
10.724 837.7911 32.0104
10.734 837.7873 32.0123
10.744 837.7866 32.0125
10.754 837.7489 32.0117
10.764 837.7752 32.0118
10.774 837.7790 32.0104
10.784 837.7630 32.0087
10.794 837.7892 32.0096
10.804 837.7993 32.0122
10.814 837.7848 32.0129
10.824 837.7797 32.0091
10.834 837.8050 32.0085
10.844 837.7775 32.0123
10.854 837.7793 32.0141
10.864 837.7774 32.0138
10.874 837.7977 32.0125
10.884 837.7548 32.0100
10.894 837.7644 32.0121
10.904 837.7701 32.0153
10.914 837.7517 32.0149
10.924 837.7832 32.0144
10.934 837.8077 32.0141
10.944 837.7832 32.0146
10.954 837.7642 32.0137
10.964 837.7945 32.0161
10.974 837.7692 32.0180
10.984 837.7962 32.0160
10.994 837.7599 32.0161
11.004 837.7847 32.0158
11.014 837.7990 32.0173
11.024 837.8059 32.0198
11.034 837.7773 32.0181
11.044 837.7591 32.0150
11.054 837.7815 32.0160
11.064 837.7668 32.0187
11.074 837.7744 32.0173
11.084 837.7754 32.0169
11.094 837.7765 32.0192
11.104 837.7788 32.0183
11.114 837.7736 32.0176
11.124 837.7479 32.0194
11.134 837.7915 32.0207
11.144 837.7668 32.0191
11.154 837.7469 32.0200
11.164 837.7983 32.0206
11.174 837.8126 32.0191
11.184 837.7649 32.0211
11.194 837.7647 32.0214
11.204 837.7855 32.0189
11.214 837.7698 32.0177
11.224 837.7735 32.0204
11.234 837.7906 32.0192
11.244 837.7672 32.0169
11.254 837.8074 32.0180
11.264 837.7945 32.0191
11.274 837.7858 32.0181
11.284 837.7812 32.0188
11.294 837.7933 32.0208
11.304 837.7823 32.0204
11.314 837.7773 32.0185
11.324 837.7788 32.0185
11.334 837.7673 32.0204
11.344 837.7881 32.0208
11.354 837.7936 32.0200
11.364 837.7927 32.0204
11.374 837.7964 32.0215
11.384 837.7635 32.0199
11.394 837.7862 32.0204
11.404 837.7966 32.0211
11.414 837.7904 32.0207
11.424 837.7753 32.0214
11.434 837.7848 32.0229
11.444 837.7998 32.0210
11.454 837.8003 32.0189
11.464 837.7506 32.0225
11.474 837.8076 32.0244
11.484 837.7763 32.0248
11.494 837.7666 32.0248
11.504 837.7855 32.0253
11.514 837.7678 32.0252
11.524 837.7732 32.0237
11.534 837.8140 32.0238
11.544 837.7775 32.0238
11.554 837.8124 32.0221
11.564 837.7919 32.0212
11.574 837.7591 32.0214
11.584 837.7842 32.0218
11.594 837.7642 32.0235
11.604 837.7518 32.0239
11.614 837.7769 32.0226
11.624 837.7830 32.0225
11.634 837.7971 32.0249
11.644 837.8070 32.0249
11.654 837.7855 32.0264
11.664 837.7526 32.0246
11.674 837.7881 32.0218
11.684 837.7907 32.0250
11.694 837.7941 32.0276
11.704 837.7764 32.0277
11.714 837.7781 32.0265
11.724 837.7677 32.0246
11.734 837.7517 32.0222
11.744 837.7605 32.0257
11.754 837.7744 32.0277
11.764 837.7581 32.0268
11.774 837.7471 32.0276
11.784 837.8041 32.0281
11.794 837.7827 32.0291
11.804 837.7457 32.0269
11.814 837.7737 32.0261
11.824 837.8049 32.0280
11.834 837.8046 32.0285
11.844 837.7801 32.0264
11.854 837.7542 32.0254
11.864 837.7496 32.0283
11.874 837.7906 32.0302
11.884 837.7281 32.0299
11.894 837.7577 32.0262
11.904 837.7747 32.0253
11.914 837.8053 32.0292
11.924 837.7993 32.0294
11.934 837.8171 32.0269
11.944 837.7741 32.0244
11.954 837.7962 32.0260
11.964 837.7577 32.0300
11.974 837.8040 32.0315
11.984 837.7688 32.0310
11.994 837.7930 32.0304
12.004 837.8053 32.0303
12.014 837.7847 32.0294
12.024 837.8101 32.0294
12.034 837.7543 32.0319
12.044 837.7774 32.0326
12.054 837.7942 32.0316
12.064 837.7677 32.0315
12.074 837.7799 32.0307
12.084 837.8115 32.0315
12.094 837.8102 32.0319
12.104 837.7869 32.0308
12.114 837.8163 32.0292
12.124 837.7783 32.0288
12.134 837.7910 32.0303
12.144 837.8128 32.0296
12.154 837.7830 32.0288
12.164 837.7928 32.0295
12.174 837.7779 32.0288
12.184 837.7946 32.0281
12.194 837.7873 32.0299
12.204 837.7673 32.0295
12.214 837.7721 32.0312
12.224 837.7845 32.0335
12.234 837.8012 32.0344
12.244 837.8021 32.0339
12.254 837.7541 32.0296
12.264 837.7571 32.0315
12.274 837.8018 32.0329
12.284 837.7670 32.0302
12.294 837.7591 32.0314
12.304 837.7496 32.0339
12.314 837.7618 32.0341
12.324 837.7526 32.0345
12.334 837.7662 32.0342
12.344 837.7425 32.0350
12.354 837.7664 32.0334
12.364 837.7730 32.0306
12.374 837.7611 32.0338
12.384 837.7786 32.0344
12.394 837.7944 32.0326
12.404 837.7382 32.0339
12.414 837.7763 32.0349
12.424 837.7830 32.0346
12.434 837.8006 32.0325
12.444 837.7810 32.0314
12.454 837.7756 32.0337
12.464 837.7673 32.0352
12.474 837.7511 32.0345
12.484 837.8043 32.0321
12.494 837.8155 32.0296
12.504 837.7699 32.0308
12.514 837.8035 32.0333
12.524 837.7892 32.0348
12.534 837.7829 32.0353
12.544 837.7898 32.0366
12.554 837.7753 32.0377
12.564 837.7757 32.0377
12.574 837.7643 32.0365
12.584 837.7497 32.0362
12.594 837.7685 32.0357
12.604 837.7895 32.0335
12.614 837.7843 32.0342
12.624 837.7655 32.0360
12.634 837.7843 32.0368
12.644 837.7488 32.0360
12.654 837.7721 32.0387
12.664 837.7782 32.0381
12.674 837.7759 32.0371
12.684 837.7685 32.0393
12.694 837.8001 32.0366
12.704 837.7794 32.0364
12.714 837.7913 32.0398
12.724 837.7929 32.0411
12.734 837.7791 32.0410
12.744 837.7946 32.0384
12.754 837.7695 32.0375
12.764 837.7615 32.0385
12.774 837.7789 32.0387
12.784 837.7706 32.0385
12.794 837.7782 32.0392
12.804 837.7826 32.0383
12.814 837.7509 32.0381
12.824 837.8118 32.0406
12.834 837.8100 32.0407
12.844 837.7344 32.0402
12.854 837.7666 32.0398
12.864 837.7880 32.0383
12.874 837.7705 32.0381
12.884 837.7760 32.0393
12.894 837.7565 32.0372
12.904 837.7865 32.0339
12.914 837.7996 32.0365
12.924 837.7887 32.0395
12.934 837.7733 32.0362
12.944 837.7640 32.0366
12.954 837.7563 32.0403
12.964 837.7698 32.0427
12.974 837.7761 32.0426
12.984 837.7587 32.0418
12.994 837.7777 32.0421
13.004 837.7943 32.0426
13.014 837.7624 32.0433
13.024 837.7618 32.0427
13.034 837.7853 32.0431
13.044 837.7839 32.0430
13.054 837.7906 32.0426
13.064 837.7610 32.0427
13.074 837.7445 32.0418
13.084 837.7555 32.0416
13.094 837.7699 32.0429
13.104 837.7617 32.0422
13.114 837.8061 32.0411
13.124 837.7911 32.0434
13.134 837.7570 32.0464
13.144 837.7986 32.0446
13.154 837.7534 32.0422
13.164 837.7601 32.0430
13.174 837.7866 32.0439
13.184 837.7753 32.0404
13.194 837.7777 32.0408
13.204 837.8084 32.0449
13.214 837.7718 32.0419
13.224 837.7670 32.0412
13.234 837.7893 32.0430
13.244 837.7944 32.0438
13.254 837.8207 32.0462
13.264 837.8037 32.0461
13.274 837.7948 32.0464
13.284 837.8067 32.0477
13.294 837.7792 32.0462
13.304 837.7834 32.0450
13.314 837.7924 32.0449
13.324 837.7718 32.0437
13.334 837.8089 32.0442
13.344 837.7736 32.0439
13.354 837.7604 32.0429
13.364 837.7778 32.0427
13.374 837.7632 32.0433
13.384 837.7732 32.0449
13.394 837.7720 32.0452
13.404 837.8227 32.0439
13.414 837.7816 32.0434
13.424 837.8025 32.0468
13.434 837.7460 32.0484
13.444 837.7979 32.0464
13.454 837.7509 32.0475
13.464 837.7959 32.0472
13.474 837.7719 32.0452
13.484 837.7678 32.0443
13.494 837.7737 32.0453
13.504 837.7602 32.0475
13.514 837.7648 32.0465
13.524 837.7403 32.0470
13.534 837.7859 32.0481
13.544 837.7428 32.0479
13.554 837.7784 32.0466
13.564 837.7695 32.0449
13.574 837.8021 32.0462
13.584 837.7419 32.0461
13.594 837.7931 32.0469
13.604 837.7800 32.0462
13.614 837.7898 32.0450
13.624 837.7732 32.0458
13.634 837.7722 32.0462
13.644 837.7519 32.0477
13.654 837.7910 32.0469
13.664 837.7920 32.0465
13.674 837.7720 32.0469
13.684 837.7902 32.0472
13.694 837.7824 32.0453
13.704 837.8102 32.0448
13.714 837.7810 32.0481
13.724 837.7622 32.0489
13.734 837.7699 32.0495
13.744 837.8146 32.0508
13.754 837.7742 32.0514
13.764 837.7736 32.0495
13.774 837.7820 32.0498
13.784 837.7873 32.0512
13.794 837.7674 32.0485
13.804 837.8003 32.0481
13.814 837.8060 32.0506
13.824 837.7818 32.0527
13.834 837.8126 32.0520
13.844 837.8026 32.0515
13.854 837.7751 32.0510
13.864 837.7840 32.0508
13.874 837.7897 32.0508
13.884 837.7614 32.0499
13.894 837.8032 32.0507
13.904 837.7707 32.0525
13.914 837.7537 32.0518
13.924 837.7758 32.0527
13.934 837.7677 32.0538
13.944 837.7738 32.0526
13.954 837.7971 32.0519
13.964 837.7858 32.0537
13.974 837.7469 32.0541
13.984 837.7465 32.0503
13.994 837.7843 32.0510
14.004 837.8130 32.0523
14.014 837.7689 32.0510
14.024 837.8258 32.0522
14.034 837.7511 32.0545
14.044 837.7607 32.0538
14.054 837.7731 32.0531
14.064 837.7858 32.0556
14.074 837.7885 32.0565
14.084 837.7922 32.0549
14.094 837.7578 32.0556
14.104 837.7598 32.0552
14.114 837.8176 32.0541
14.124 837.7727 32.0542
14.134 837.7679 32.0542
14.144 837.7694 32.0546
14.154 837.7618 32.0561
14.164 837.7787 32.0549
14.174 837.7828 32.0531
14.184 837.7788 32.0533
14.194 837.7855 32.0531
14.204 837.7685 32.0538
14.214 837.8149 32.0535
14.224 837.7345 32.0533
14.234 837.7929 32.0554
14.244 837.7754 32.0564
14.254 837.7786 32.0579
14.264 837.7896 32.0591
14.274 837.7917 32.0585
14.284 837.7850 32.0575
14.294 837.7653 32.0589
14.304 837.7979 32.0612
14.314 837.7932 32.0595
14.324 837.7749 32.0573
14.334 837.7828 32.0580
14.344 837.7584 32.0583
14.354 837.7832 32.0583
14.364 837.8088 32.0579
14.374 837.7898 32.0566
14.384 837.8101 32.0579
14.394 837.7690 32.0576
14.404 837.7749 32.0591
14.414 837.7843 32.0599
14.424 837.7776 32.0595
14.434 837.7920 32.0570
14.444 837.7902 32.0554
14.454 837.7656 32.0592
14.464 837.7837 32.0597
14.474 837.7751 32.0566
14.484 837.7702 32.0565
14.494 837.8092 32.0610
14.504 837.7940 32.0637
14.514 837.7687 32.0625
14.524 837.7745 32.0595
14.534 837.7635 32.0597
14.544 837.8113 32.0611
14.554 837.7803 32.0607
14.564 837.7768 32.0602
14.574 837.7907 32.0604
14.584 837.7991 32.0623
14.594 837.7858 32.0603
14.604 837.7757 32.0585
14.614 837.7665 32.0604
14.624 837.8038 32.0600
14.634 837.7971 32.0614
14.644 837.8025 32.0647
14.654 837.7861 32.0642
14.664 837.7387 32.0631
14.674 837.7495 32.0635
14.684 837.7950 32.0633
14.694 837.7996 32.0639
14.704 837.8160 32.0635
14.714 837.8048 32.0607
14.724 837.7966 32.0599
14.734 837.8072 32.0623
14.744 837.8082 32.0654
14.754 837.7875 32.0643
14.764 837.7836 32.0630
14.774 837.7904 32.0660
14.784 837.7896 32.0658
14.794 837.8040 32.0627
14.804 837.7890 32.0642
14.814 837.7940 32.0666
14.824 837.7723 32.0657
14.834 837.7675 32.0638
14.844 837.7652 32.0641
14.854 837.7749 32.0652
14.864 837.7732 32.0674
14.874 837.7945 32.0666
14.884 837.8103 32.0643
14.894 837.7933 32.0641
14.904 837.7868 32.0631
14.914 837.7636 32.0633
14.924 837.7796 32.0635
14.934 837.7873 32.0646
14.944 837.7781 32.0673
14.954 837.7703 32.0660
14.964 837.7722 32.0635
14.974 837.7555 32.0676
14.984 837.7971 32.0697
14.994 837.7500 32.0688
15.004 837.7828 32.0695
15.014 837.7499 32.0680
15.024 837.8042 32.0660
15.034 837.8001 32.0669
15.044 837.7724 32.0687
15.054 837.7654 32.0700
15.064 837.8067 32.0679
15.074 837.7689 32.0665
15.084 837.7976 32.0704
15.094 837.7624 32.0712
15.104 837.7814 32.0695
15.114 837.7783 32.0708
15.124 837.8038 32.0691
15.134 837.7904 32.0662
15.144 837.8103 32.0691
15.154 837.7694 32.0719
15.164 837.7871 32.0692
15.174 837.8036 32.0677
15.184 837.7806 32.0693
15.194 837.7588 32.0683
15.204 837.8083 32.0704
15.214 837.7926 32.0734
15.224 837.7726 32.0714
15.234 837.7778 32.0693
15.244 837.7791 32.0689
15.254 837.7686 32.0696
15.264 837.7905 32.0708
15.274 837.7637 32.0712
15.284 837.7548 32.0715
15.294 837.7744 32.0722
15.304 837.7686 32.0723
15.314 837.8108 32.0724
15.324 837.7793 32.0727
15.334 837.7536 32.0727
15.344 837.7634 32.0729
15.354 837.7830 32.0714
15.364 837.7636 32.0712
15.374 837.7951 32.0707
15.384 837.8434 32.0702
15.394 837.7813 32.0727
15.404 837.7773 32.0738
15.414 837.8080 32.0742
15.424 837.7725 32.0745
15.434 837.7366 32.0746
15.444 837.7508 32.0739
15.454 837.7766 32.0733
15.464 837.7729 32.0726
15.474 837.7729 32.0726
15.484 837.8000 32.0726
15.494 837.7815 32.0711
15.504 837.8193 32.0720
15.514 837.7764 32.0741
15.524 837.7689 32.0734
15.534 837.8036 32.0731
15.544 837.8033 32.0727
15.554 837.8054 32.0735
15.564 837.7900 32.0756
15.574 837.7808 32.0737
15.584 837.7795 32.0733
15.594 837.7804 32.0749
15.604 837.7530 32.0758
15.614 837.7829 32.0765
15.624 837.7591 32.0753
15.634 837.7697 32.0731
15.644 837.7755 32.0743
15.654 837.7772 32.0761
15.664 837.7953 32.0758
15.674 837.7609 32.0761
15.684 837.7553 32.0761
15.694 837.7523 32.0760
15.704 837.7825 32.0747
15.714 837.7630 32.0747
15.724 837.7972 32.0750
15.734 837.7883 32.0746
15.744 837.7750 32.0747
15.754 837.7909 32.0754
15.764 837.7985 32.0758
15.774 837.7464 32.0766
15.784 837.7781 32.0789
15.794 837.7715 32.0776
15.804 837.7624 32.0774
15.814 837.8084 32.0791
15.824 837.7979 32.0787
15.834 837.7975 32.0787
15.844 837.7911 32.0801
15.854 837.7953 32.0781
15.864 837.7712 32.0772
15.874 837.7854 32.0784
15.884 837.7849 32.0791
15.894 837.8155 32.0803
15.904 837.8411 32.0785
15.914 837.7816 32.0784
15.924 837.7772 32.0800
15.934 837.7923 32.0796
15.944 837.8099 32.0791
15.954 837.7971 32.0783
15.964 837.7846 32.0791
15.974 837.7742 32.0784
15.984 837.7973 32.0765
15.994 837.7734 32.0780
16.004 837.7965 32.0789
16.014 837.7755 32.0796
16.024 837.7789 32.0788
16.034 837.8042 32.0777
16.044 837.7868 32.0770
16.054 837.7958 32.0795
16.064 837.7861 32.0806
16.074 837.7869 32.0776
16.084 837.7923 32.0781
16.094 837.7955 32.0810
16.104 837.7911 32.0800
16.114 837.7944 32.0800
16.124 837.7831 32.0818
16.134 837.7536 32.0822
16.144 837.7879 32.0818
16.154 837.7743 32.0820
16.164 837.7326 32.0822
16.174 837.7671 32.0818
16.184 837.7997 32.0837
16.194 837.7898 32.0830
16.204 837.7679 32.0829
16.214 837.7844 32.0830
16.224 837.7464 32.0841
16.234 837.7865 32.0849
16.244 837.7845 32.0835
16.254 837.7452 32.0838
16.264 837.8254 32.0837
16.274 837.7694 32.0818
16.284 837.7794 32.0815
16.294 837.8090 32.0826
16.304 837.7555 32.0837
16.314 837.7844 32.0829
16.324 837.7806 32.0801
16.334 837.7963 32.0810
16.344 837.7932 32.0826
16.354 837.7926 32.0830
16.364 837.7686 32.0816
16.374 837.7996 32.0841
16.384 837.7907 32.0845
16.394 837.7644 32.0826
16.404 837.7801 32.0837
16.414 837.7690 32.0823
16.424 837.7736 32.0858
16.434 837.7859 32.0899
16.444 837.7832 32.0878
16.454 837.7964 32.0870
16.464 837.7808 32.0864
16.474 837.7683 32.0837
16.484 837.7880 32.0845
16.494 837.7661 32.0866
16.504 837.7496 32.0874
16.514 837.8083 32.0884
16.524 837.7884 32.0893
16.534 837.7516 32.0891
16.544 837.7891 32.0864
16.554 837.7770 32.0865
16.564 837.7729 32.0891
16.574 837.7672 32.0893
16.584 837.7669 32.0892
16.594 837.8028 32.0893
16.604 837.7824 32.0897
16.614 837.7913 32.0906
16.624 837.7882 32.0908
16.634 837.7980 32.0912
16.644 837.7880 32.0901
16.654 837.7750 32.0880
16.664 837.7835 32.0896
16.674 837.7657 32.0904
16.684 837.7569 32.0915
16.694 837.7948 32.0933
16.704 837.7722 32.0915
16.714 837.7844 32.0887
16.724 837.7846 32.0868
16.734 837.7802 32.0870
16.744 837.7873 32.0887
16.754 837.7846 32.0897
16.764 837.7898 32.0897
16.774 837.7474 32.0907
16.784 837.7795 32.0912
16.794 837.8027 32.0911
16.804 837.7540 32.0895
16.814 837.7600 32.0904
16.824 837.8014 32.0919
16.834 837.7898 32.0904
16.844 837.7662 32.0922
16.854 837.7901 32.0918
16.864 837.7914 32.0892
16.874 837.7651 32.0899
16.884 837.7856 32.0939
16.894 837.7784 32.0951
16.904 837.7640 32.0930
16.914 837.7652 32.0928
16.924 837.7923 32.0908
16.934 837.7883 32.0935
16.944 837.7947 32.0955
16.954 837.7699 32.0937
16.964 837.7706 32.0933
16.974 837.7964 32.0927
16.984 837.7950 32.0943
16.994 837.7881 32.0951
17.004 837.7872 32.0924
17.014 837.8056 32.0918
17.024 837.7708 32.0943
17.034 837.7912 32.0941
17.044 837.7848 32.0939
17.054 837.7651 32.0951
17.064 837.7811 32.0950
17.074 837.7748 32.0942
17.084 837.7695 32.0945
17.094 837.7952 32.0945
17.104 837.7743 32.0950
17.114 837.7716 32.0954
17.124 837.7581 32.0964
17.134 837.7738 32.0943
17.144 837.7889 32.0939
17.154 837.7620 32.0938
17.164 837.7837 32.0935
17.174 837.7884 32.0977
17.184 837.7547 32.0960
17.194 837.7942 32.0927
17.204 837.7987 32.0953
17.214 837.7702 32.0991
17.224 837.7729 32.0955
17.234 837.7767 32.0933
17.244 837.7631 32.0958
17.254 837.7889 32.0942
17.264 837.7858 32.0941
17.274 837.7752 32.0970
17.284 837.8088 32.0978
17.294 837.7977 32.0980
17.304 837.8153 32.0985
17.314 837.7716 32.0984
17.324 837.7996 32.0980
17.334 837.7907 32.0993
17.344 837.7729 32.0987
17.354 837.7489 32.0969
17.364 837.7548 32.0977
17.374 837.8203 32.0984
17.384 837.7921 32.1004
17.394 837.7652 32.1001
17.404 837.7852 32.0989
17.414 837.8169 32.1010
17.424 837.7872 32.1019
17.434 837.7883 32.1004
17.444 837.7762 32.1011
17.454 837.7828 32.1000
17.464 837.7615 32.0996
17.474 837.7944 32.1022
17.484 837.7908 32.1008
17.494 837.7908 32.0993
17.504 837.7773 32.1005
17.514 837.7670 32.1015
17.524 837.7821 32.1005
17.534 837.8126 32.0995
17.544 837.7482 32.0984
17.554 837.7859 32.0999
17.564 837.7947 32.1016
17.574 837.7983 32.1012
17.584 837.7703 32.1011
17.594 837.7922 32.1014
17.604 837.7776 32.1011
17.614 837.7963 32.1010
17.624 837.7781 32.1026
17.634 837.8198 32.1016
17.644 837.7898 32.1014
17.654 837.7920 32.1022
17.664 837.7780 32.1024
17.674 837.7830 32.1065
17.684 837.7830 32.1069
17.694 837.7739 32.1049
17.704 837.7828 32.1046
17.714 837.8096 32.1038
17.724 837.7700 32.1039
17.734 837.7972 32.1049
17.744 837.7977 32.1053
17.754 837.7813 32.1033
17.764 837.7802 32.1024
17.774 837.8109 32.1057
17.784 837.7948 32.1074
17.794 837.8009 32.1061
17.804 837.7769 32.1033
17.814 837.7766 32.1000
17.824 837.7674 32.1026
17.834 837.7673 32.1043
17.844 837.8005 32.1051
17.854 837.8195 32.1073
17.864 837.8069 32.1064
17.874 837.7827 32.1060
17.884 837.7807 32.1041
17.894 837.7680 32.1043
17.904 837.7771 32.1068
17.914 837.7495 32.1062
17.924 837.7811 32.1057
17.934 837.7826 32.1084
17.944 837.7976 32.1084
17.954 837.7901 32.1045
17.964 837.7842 32.1054
17.974 837.8137 32.1070
17.984 837.7813 32.1066
17.994 837.8021 32.1087
18.004 837.7961 32.1072
18.014 837.8307 32.1057
18.024 837.7840 32.1068
18.034 837.8004 32.1078
18.044 837.7768 32.1092
18.054 837.7710 32.1076
18.064 837.7698 32.1073
18.074 837.7645 32.1085
18.084 837.7666 32.1089
18.094 837.7938 32.1089
18.104 837.7971 32.1070
18.114 837.7736 32.1084
18.124 837.7699 32.1103
18.134 837.7999 32.1096
18.144 837.7997 32.1091
18.154 837.7970 32.1077
18.164 837.7928 32.1081
18.174 837.8109 32.1088
18.184 837.7747 32.1082
18.194 837.7889 32.1092
18.204 837.7825 32.1101
18.214 837.7715 32.1089
18.224 837.7842 32.1082
18.234 837.7881 32.1100
18.244 837.7726 32.1123
18.254 837.7511 32.1124
18.264 837.8019 32.1138
18.274 837.7819 32.1103
18.284 837.7739 32.1070
18.294 837.7817 32.1110
18.304 837.7851 32.1112
18.314 837.7822 32.1104
18.324 837.8014 32.1128
18.334 837.7811 32.1118
18.344 837.8313 32.1107
18.354 837.8171 32.1131
18.364 837.7894 32.1137
18.374 837.7893 32.1119
18.384 837.8010 32.1111
18.394 837.7958 32.1126
18.404 837.8030 32.1119
18.414 837.7863 32.1114
18.424 837.7453 32.1126
18.434 837.8103 32.1135
18.444 837.8295 32.1127
18.454 837.7971 32.1115
18.464 837.7775 32.1128
18.474 837.7845 32.1134
18.484 837.7886 32.1100
18.494 837.7452 32.1088
18.504 837.7788 32.1126
18.514 837.7669 32.1155
18.524 837.7911 32.1155
18.534 837.7942 32.1155
18.544 837.8103 32.1169
18.554 837.7719 32.1172
18.564 837.7680 32.1166
18.574 837.7759 32.1147
18.584 837.7727 32.1131
18.594 837.7810 32.1122
18.604 837.7685 32.1103
18.614 837.8055 32.1130
18.624 837.7790 32.1170
18.634 837.7970 32.1172
18.644 837.8018 32.1153
18.654 837.7953 32.1138
18.664 837.7968 32.1146
18.674 837.7871 32.1147
18.684 837.7586 32.1159
18.694 837.7857 32.1180
18.704 837.7890 32.1164
18.714 837.7895 32.1143
18.724 837.7934 32.1153
18.734 837.7723 32.1170
18.744 837.8113 32.1161
18.754 837.7705 32.1169
18.764 837.7859 32.1196
18.774 837.7913 32.1188
18.784 837.7707 32.1181
18.794 837.7870 32.1189
18.804 837.7816 32.1184
18.814 837.7804 32.1166
18.824 837.7980 32.1176
18.834 837.8114 32.1197
18.844 837.7957 32.1185
18.854 837.7705 32.1184
18.864 837.8057 32.1192
18.874 837.7673 32.1182
18.884 837.7804 32.1177
18.894 837.7818 32.1182
18.904 837.7770 32.1182
18.914 837.7813 32.1178
18.924 837.8077 32.1177
18.934 837.8164 32.1168
18.944 837.7467 32.1177
18.954 837.8001 32.1174
18.964 837.7834 32.1170
18.974 837.7772 32.1196
18.984 837.7484 32.1208
18.994 837.7937 32.1197
19.004 837.7712 32.1204
19.014 837.7925 32.1199
19.024 837.7902 32.1189
19.034 837.7769 32.1195
19.044 837.7662 32.1209
19.054 837.7814 32.1230
19.064 837.7864 32.1203
19.074 837.7725 32.1204
19.084 837.7729 32.1212
19.094 837.8318 32.1219
19.104 837.7758 32.1204
19.114 837.7710 32.1187
19.124 837.7488 32.1215
19.134 837.7860 32.1216
19.144 837.7804 32.1205
19.154 837.7979 32.1223
19.164 837.7688 32.1241
19.174 837.7940 32.1238
19.184 837.7743 32.1246
19.194 837.7875 32.1223
19.204 837.7839 32.1220
19.214 837.8034 32.1257
19.224 837.7843 32.1265
19.234 837.7847 32.1246
19.244 837.7647 32.1241
19.254 837.7924 32.1249
19.264 837.7792 32.1231
19.274 837.7950 32.1242
19.284 837.7684 32.1264
19.294 837.7872 32.1246
19.304 837.7932 32.1203
19.314 837.7742 32.1201
19.324 837.7884 32.1234
19.334 837.8123 32.1209
19.344 837.8173 32.1218
19.354 837.7556 32.1239
19.364 837.8173 32.1236
19.374 837.7959 32.1261
19.384 837.7591 32.1269
19.394 837.7646 32.1261
19.404 837.7837 32.1239
19.414 837.7983 32.1230
19.424 837.8031 32.1243
19.434 837.7796 32.1272
19.444 837.7858 32.1308
19.454 837.7749 32.1305
19.464 837.7539 32.1289
19.474 837.7611 32.1281
19.484 837.7883 32.1269
19.494 837.7676 32.1269
19.504 837.7712 32.1261
19.514 837.7676 32.1269
19.524 837.7861 32.1272
19.534 837.7514 32.1243
19.544 837.8147 32.1231
19.554 837.7944 32.1253
19.564 837.8025 32.1257
19.574 837.7478 32.1264
19.584 837.8000 32.1254
19.594 837.7973 32.1232
19.604 837.8094 32.1268
19.614 837.7626 32.1289
19.624 837.7532 32.1273
19.634 837.7781 32.1278
19.644 837.7717 32.1297
19.654 837.8077 32.1293
19.664 837.7896 32.1286
19.674 837.7718 32.1286
19.684 837.7842 32.1311
19.694 837.7771 32.1305
19.704 837.7891 32.1295
19.714 837.8054 32.1309
19.724 837.7781 32.1311
19.734 837.7947 32.1320
19.744 837.7967 32.1319
19.754 837.7894 32.1312
19.764 837.7786 32.1323
19.774 837.7661 32.1326
19.784 837.7560 32.1314
19.794 837.7738 32.1316
19.804 837.7779 32.1312
19.814 837.7586 32.1312
19.824 837.7950 32.1308
19.834 837.7725 32.1327
19.844 837.7654 32.1327
19.854 837.7653 32.1303
19.864 837.8105 32.1319
19.874 837.7980 32.1323
19.884 837.8088 32.1316
19.894 837.7863 32.1326
19.904 837.7776 32.1322
19.914 837.8241 32.1309
19.924 837.7672 32.1339
19.934 837.7914 32.1355
19.944 837.8047 32.1358
19.954 837.7980 32.1353
19.964 837.7749 32.1341
19.974 837.7819 32.1339
19.984 837.7735 32.1332
19.994 837.7722 32.1330
20.004 837.8205 32.1327
20.014 837.7797 32.1323
20.024 837.7890 32.1323
20.034 837.7946 32.1334
20.044 837.7710 32.1347
20.054 837.7983 32.1346
20.064 837.7849 32.1343
20.074 837.8098 32.1349
20.084 837.7949 32.1358
20.094 837.7794 32.1362
20.104 837.7820 32.1378
20.114 837.8095 32.1381
20.124 837.7770 32.1365
20.134 837.7816 32.1372
20.144 837.7907 32.1370
20.154 837.7680 32.1355
20.164 837.7822 32.1343
20.174 837.8091 32.1358
20.184 837.8037 32.1376
20.194 837.7858 32.1373
20.204 837.7871 32.1372
20.214 837.7575 32.1372
20.224 837.7660 32.1381
20.234 837.7844 32.1393
20.244 837.7764 32.1393
20.254 837.7514 32.1382
20.264 837.7948 32.1377
20.274 837.7992 32.1388
20.284 837.8110 32.1396
20.294 837.7849 32.1391
20.304 837.7941 32.1378
20.314 837.7938 32.1368
20.324 837.7944 32.1378
20.334 837.7756 32.1382
20.344 837.7922 32.1368
20.354 837.8067 32.1372
20.364 837.8031 32.1380
20.374 837.7806 32.1373
20.384 837.7847 32.1389
20.394 837.7723 32.1413
20.404 837.7547 32.1416
20.414 837.7903 32.1418
20.424 837.7517 32.1404
20.434 837.7885 32.1386
20.444 837.7939 32.1392
20.454 837.8086 32.1393
20.464 837.7860 32.1381
20.474 837.7667 32.1399
20.484 837.7602 32.1403
20.494 837.7729 32.1384
20.504 837.8107 32.1369
20.514 837.8013 32.1369
20.524 837.7561 32.1397
20.534 837.7621 32.1411
20.544 837.7824 32.1411
20.554 837.7883 32.1411
20.564 837.7795 32.1404
20.574 837.7878 32.1411
20.584 837.7956 32.1449
20.594 837.7881 32.1446
20.604 837.7820 32.1405
20.614 837.7778 32.1411
20.624 837.7887 32.1411
20.634 837.7764 32.1424
20.644 837.7654 32.1431
20.654 837.7666 32.1422
20.664 837.8117 32.1438
20.674 837.7775 32.1436
20.684 837.7951 32.1440
20.694 837.8011 32.1440
20.704 837.7909 32.1422
20.714 837.7774 32.1423
20.724 837.7851 32.1431
20.734 837.8129 32.1404
20.744 837.7782 32.1428
20.754 837.7964 32.1447
20.764 837.7674 32.1436
20.774 837.7757 32.1457
20.784 837.7832 32.1449
20.794 837.7702 32.1439
20.804 837.8054 32.1439
20.814 837.7829 32.1449
20.824 837.7945 32.1443
20.834 837.7994 32.1451
20.844 837.7668 32.1445
20.854 837.7939 32.1438
20.864 837.7919 32.1458
20.874 837.7852 32.1445
20.884 837.7914 32.1454
20.894 837.7916 32.1472
20.904 837.8006 32.1473
20.914 837.7649 32.1482
20.924 837.7689 32.1482
20.934 837.7888 32.1469
20.944 837.7777 32.1470
20.954 837.7820 32.1469
20.964 837.7894 32.1454
20.974 837.8001 32.1458
20.984 837.7836 32.1480
20.994 837.7815 32.1482
21.004 837.7811 32.1457
21.014 837.7794 32.1455
21.024 837.8028 32.1477
21.034 837.7708 32.1497
21.044 837.7829 32.1496
21.054 837.7592 32.1472
21.064 837.7953 32.1482
21.074 837.7705 32.1511
21.084 837.7711 32.1509
21.094 837.8072 32.1493
21.104 837.7831 32.1480
21.114 837.7910 32.1478
21.124 837.8016 32.1485
21.134 837.7825 32.1497
21.144 837.7883 32.1511
21.154 837.7817 32.1504
21.164 837.7730 32.1495
21.174 837.7773 32.1490
21.184 837.7937 32.1500
21.194 837.7766 32.1495
21.204 837.7651 32.1493
21.214 837.7574 32.1493
21.224 837.7497 32.1493
21.234 837.7952 32.1503
21.244 837.7717 32.1500
21.254 837.7989 32.1496
21.264 837.7914 32.1493
21.274 837.8111 32.1513
21.284 837.7760 32.1519
21.294 837.7856 32.1501
21.304 837.7850 32.1503
21.314 837.7994 32.1507
21.324 837.8038 32.1503
21.334 837.7794 32.1516
21.344 837.7782 32.1535
21.354 837.7890 32.1534
21.364 837.7820 32.1519
21.374 837.7755 32.1515
21.384 837.7754 32.1526
21.394 837.7894 32.1545
21.404 837.7670 32.1545
21.414 837.7636 32.1522
21.424 837.7840 32.1524
21.434 837.7759 32.1516
21.444 837.7757 32.1527
21.454 837.7552 32.1543
21.464 837.7744 32.1512
21.474 837.7777 32.1516
21.484 837.7826 32.1543
21.494 837.7546 32.1554
21.504 837.7980 32.1558
21.514 837.7909 32.1561
21.524 837.7740 32.1546
21.534 837.7734 32.1555
21.544 837.7787 32.1565
21.554 837.8094 32.1545
21.564 837.7909 32.1553
21.574 837.7878 32.1555
21.584 837.7385 32.1558
21.594 837.8017 32.1551
21.604 837.7549 32.1543
21.614 837.7604 32.1558
21.624 837.8025 32.1570
21.634 837.7973 32.1559
21.644 837.7720 32.1538
21.654 837.7624 32.1562
21.664 837.7841 32.1572
21.674 837.7475 32.1573
21.684 837.7683 32.1581
21.694 837.7574 32.1569
21.704 837.7719 32.1561
21.714 837.7560 32.1561
21.724 837.7672 32.1567
21.734 837.7510 32.1553
21.744 837.7688 32.1555
21.754 837.8019 32.1569
21.764 837.7876 32.1572
21.774 837.7666 32.1576
21.784 837.7748 32.1582
21.794 837.7679 32.1574
21.804 837.7671 32.1573
21.814 837.7928 32.1588
21.824 837.7843 32.1599
21.834 837.7645 32.1578
21.844 837.7679 32.1538
21.854 837.7593 32.1561
21.864 837.7759 32.1565
21.874 837.7772 32.1562
21.884 837.7759 32.1570
21.894 837.7801 32.1580
21.904 837.7655 32.1588
21.914 837.7888 32.1581
21.924 837.7652 32.1595
21.934 837.7574 32.1586
21.944 837.7842 32.1586
21.954 837.7684 32.1588
21.964 837.7874 32.1572
21.974 837.7545 32.1581
21.984 837.7822 32.1607
21.994 837.7767 32.1601
22.004 837.7735 32.1593
22.014 837.7923 32.1611
22.024 837.7968 32.1609
22.034 837.8022 32.1608
22.044 837.7763 32.1615
22.054 837.7821 32.1634
22.064 837.7750 32.1661
22.074 837.7614 32.1644
22.084 837.7801 32.1624
22.094 837.7753 32.1613
22.104 837.7640 32.1632
22.114 837.7967 32.1643
22.124 837.7673 32.1628
22.134 837.8000 32.1638
22.144 837.7430 32.1643
22.154 837.7700 32.1638
22.164 837.7728 32.1646
22.174 837.7653 32.1640
22.184 837.7891 32.1624
22.194 837.7721 32.1627
22.204 837.7981 32.1638
22.214 837.7957 32.1632
22.224 837.7998 32.1624
22.234 837.7707 32.1638
22.244 837.7635 32.1643
22.254 837.7998 32.1650
22.264 837.7726 32.1647
22.274 837.7753 32.1650
22.284 837.7550 32.1667
22.294 837.7491 32.1659
22.304 837.7700 32.1649
22.314 837.7685 32.1649
22.324 837.8056 32.1662
22.334 837.7626 32.1665
22.344 837.7777 32.1662
22.354 837.7529 32.1662
22.364 837.7746 32.1666
22.374 837.7739 32.1670
22.384 837.7865 32.1646
22.394 837.7555 32.1646
22.404 837.7740 32.1665
22.414 837.7769 32.1659
22.424 837.7370 32.1650
22.434 837.7689 32.1657
22.444 837.7678 32.1653
22.454 837.7652 32.1644
22.464 837.7503 32.1666
22.474 837.7730 32.1680
22.484 837.7764 32.1651
22.494 837.7692 32.1657
22.504 837.7906 32.1681
22.514 837.7956 32.1680
22.524 837.7796 32.1677
22.534 837.7636 32.1681
22.544 837.7743 32.1682
22.554 837.7843 32.1692
22.564 837.7531 32.1697
22.574 837.7902 32.1685
22.584 837.7738 32.1676
22.594 837.7976 32.1685
22.604 837.7829 32.1692
22.614 837.7922 32.1685
22.624 837.7720 32.1663
22.634 837.7726 32.1655
22.644 837.8065 32.1692
22.654 837.7672 32.1701
22.664 837.7516 32.1696
22.674 837.7961 32.1688
22.684 837.7948 32.1669
22.694 837.7775 32.1693
22.704 837.7608 32.1712
22.714 837.7746 32.1690
22.724 837.7682 32.1686
22.734 837.7599 32.1677
22.744 837.7863 32.1686
22.754 837.7543 32.1697
22.764 837.7900 32.1681
22.774 837.7485 32.1681
22.784 837.7961 32.1689
22.794 837.7314 32.1720
22.804 837.7889 32.1730
22.814 837.7595 32.1705
22.824 837.7703 32.1701
22.834 837.7880 32.1712
22.844 837.7786 32.1708
22.854 837.7801 32.1701
22.864 837.7448 32.1704
22.874 837.7631 32.1694
22.884 837.7567 32.1703
22.894 837.8037 32.1723
22.904 837.7714 32.1716
22.914 837.7706 32.1713
22.924 837.8008 32.1716
22.934 837.7975 32.1719
22.944 837.7940 32.1727
22.954 837.7654 32.1717
22.964 837.7666 32.1716
22.974 837.7649 32.1740
22.984 837.7482 32.1749
22.994 837.7817 32.1742
23.004 837.7835 32.1738
23.014 837.7789 32.1735
23.024 837.7569 32.1730
23.034 837.7484 32.1747
23.044 837.7636 32.1767
23.054 837.7933 32.1762
23.064 837.7984 32.1749
23.074 837.7652 32.1749
23.084 837.7936 32.1763
23.094 837.7891 32.1747
23.104 837.7863 32.1730
23.114 837.7528 32.1734
23.124 837.7591 32.1755
23.134 837.7731 32.1767
23.144 837.7781 32.1765
23.154 837.7647 32.1776
23.164 837.7603 32.1763
23.174 837.7547 32.1738
23.184 837.7831 32.1740
23.194 837.7816 32.1750
23.204 837.7867 32.1746
23.214 837.7974 32.1762
23.224 837.7810 32.1755
23.234 837.7856 32.1751
23.244 837.7808 32.1755
23.254 837.7961 32.1743
23.264 837.7588 32.1746
23.274 837.7559 32.1762
23.284 837.7760 32.1771
23.294 837.7991 32.1773
23.304 837.7631 32.1781
23.314 837.7817 32.1794
23.324 837.7907 32.1792
23.334 837.7953 32.1771
23.344 837.7933 32.1777
23.354 837.7667 32.1788
23.364 837.7910 32.1793
23.374 837.7886 32.1785
23.384 837.7889 32.1780
23.394 837.7588 32.1790
23.404 837.7671 32.1800
23.414 837.7934 32.1788
23.424 837.7769 32.1788
23.434 837.7593 32.1794
23.444 837.8185 32.1797
23.454 837.7257 32.1803
23.464 837.7669 32.1792
23.474 837.7303 32.1799
23.484 837.7556 32.1793
23.494 837.7749 32.1789
23.504 837.7582 32.1823
23.514 837.7793 32.1828
23.524 837.7947 32.1809
23.534 837.7771 32.1809
23.544 837.7746 32.1817
23.554 837.7810 32.1824
23.564 837.7672 32.1816
23.574 837.7519 32.1817
23.584 837.8092 32.1835
23.594 837.7429 32.1831
23.604 837.7594 32.1819
23.614 837.7519 32.1834
23.624 837.7226 32.1832
23.634 837.7728 32.1826
23.644 837.7908 32.1842
23.654 837.7880 32.1826
23.664 837.7692 32.1832
23.674 837.7986 32.1844
23.684 837.7611 32.1843
23.694 837.7571 32.1844
23.704 837.7976 32.1820
23.714 837.7754 32.1827
23.724 837.7558 32.1830
23.734 837.7674 32.1815
23.744 837.7676 32.1821
23.754 837.7705 32.1809
23.764 837.7716 32.1804
23.774 837.7662 32.1835
23.784 837.7469 32.1859
23.794 837.7767 32.1834
23.804 837.7778 32.1805
23.814 837.7607 32.1823
23.824 837.7505 32.1827
23.834 837.7416 32.1809
23.844 837.7835 32.1827
23.854 837.7753 32.1842
23.864 837.7907 32.1842
23.874 837.7384 32.1840
23.884 837.7923 32.1830
23.894 837.7806 32.1846
23.904 837.7639 32.1867
23.914 837.7663 32.1878
23.924 837.7736 32.1855
23.934 837.7751 32.1874
23.944 837.8151 32.1893
23.954 837.7750 32.1880
23.964 837.7787 32.1869
23.974 837.7864 32.1870
23.984 837.7609 32.1889
23.994 837.7969 32.1871
24.004 837.7814 32.1869
24.014 837.7527 32.1851
24.024 837.7816 32.1848
24.034 837.7752 32.1863
24.044 837.7829 32.1863
24.054 837.7925 32.1867
24.064 837.7905 32.1874
24.074 837.7783 32.1877
24.084 837.7835 32.1881
24.094 837.7826 32.1894
24.104 837.7873 32.1893
24.114 837.7819 32.1880
24.124 837.7599 32.1869
24.134 837.8005 32.1882
24.144 837.7898 32.1886
24.154 837.8015 32.1881
24.164 837.7666 32.1867
24.174 837.7546 32.1874
24.184 837.7542 32.1917
24.194 837.8060 32.1913
24.204 837.7573 32.1909
24.214 837.8065 32.1917
24.224 837.7834 32.1907
24.234 837.7624 32.1908
24.244 837.7848 32.1934
24.254 837.7771 32.1924
24.264 837.7803 32.1905
24.274 837.7737 32.1928
24.284 837.8026 32.1940
24.294 837.7750 32.1927
24.304 837.7625 32.1920
24.314 837.7742 32.1915
24.324 837.7332 32.1916
24.334 837.7887 32.1915
24.344 837.7682 32.1915
24.354 837.7667 32.1917
24.364 837.7645 32.1917
24.374 837.7804 32.1923
24.384 837.7860 32.1931
24.394 837.7891 32.1942
24.404 837.7895 32.1928
24.414 837.7887 32.1916
24.424 837.7631 32.1927
24.434 837.7613 32.1920
24.444 837.7915 32.1898
24.454 837.7686 32.1904
24.464 837.7913 32.1930
24.474 837.7626 32.1950
24.484 837.7644 32.1958
24.494 837.7900 32.1962
24.504 837.7728 32.1934
24.514 837.7630 32.1931
24.524 837.7851 32.1940
24.534 837.8079 32.1938
24.544 837.7959 32.1944
24.554 837.7906 32.1942
24.564 837.7784 32.1947
24.574 837.7267 32.1958
24.584 837.7641 32.1973
24.594 837.7914 32.1959
24.604 837.7922 32.1944
24.614 837.7473 32.1958
24.624 837.7698 32.1957
24.634 837.7639 32.1958
24.644 837.7841 32.1959
24.654 837.7858 32.1958
24.664 837.7746 32.1965
24.674 837.7879 32.1963
24.684 837.8044 32.1973
24.694 837.7782 32.1977
24.704 837.7588 32.1973
24.714 837.7940 32.1975
24.724 837.7739 32.1986
24.734 837.7800 32.1966
24.744 837.7940 32.1953
24.754 837.7708 32.1967
24.764 837.7537 32.1969
24.774 837.7854 32.1973
24.784 837.7805 32.1955
24.794 837.7664 32.1943
24.804 837.7960 32.1948
24.814 837.7862 32.1985
24.824 837.7695 32.2015
24.834 837.7770 32.2011
24.844 837.7774 32.1989
24.854 837.7663 32.1966
24.864 837.7620 32.1978
24.874 837.7755 32.1988
24.884 837.7595 32.1990
24.894 837.7996 32.1994
24.904 837.7815 32.1990
24.914 837.7674 32.2008
24.924 837.7870 32.1998
24.934 837.7614 32.1975
24.944 837.7801 32.1982
24.954 837.7873 32.1994
24.964 837.7723 32.2004
24.974 837.7754 32.2003
24.984 837.7537 32.2013
24.994 837.7668 32.2020
25.004 837.7638 32.2030
25.014 837.7758 32.2032
25.024 837.7494 32.2021
25.034 837.7867 32.2031
25.044 837.7617 32.2016
25.054 837.7728 32.1989
25.064 837.7685 32.2008
25.074 837.7687 32.2012
25.084 837.7696 32.2015
25.094 837.7588 32.2027
25.104 837.7897 32.2025
25.114 837.7479 32.2019
25.124 837.7786 32.2027
25.134 837.7667 32.2040
25.144 837.7536 32.2009
25.154 837.7811 32.2009
25.164 837.7573 32.2025
25.174 837.8212 32.2021
25.184 837.7766 32.2040
25.194 837.7473 32.2054
25.204 837.7852 32.2059
25.214 837.7454 32.2044
25.224 837.7784 32.2024
25.234 837.7705 32.2040
25.244 837.7848 32.2058
25.254 837.7367 32.2070
25.264 837.7577 32.2071
25.274 837.7582 32.2057
25.284 837.7715 32.2051
25.294 837.8064 32.2058
25.304 837.7824 32.2074
25.314 837.8034 32.2077
25.324 837.8036 32.2059
25.334 837.7922 32.2057
25.344 837.7693 32.2066
25.354 837.7916 32.2052
25.364 837.7794 32.2063
25.374 837.7928 32.2089
25.384 837.7521 32.2067
25.394 837.7698 32.2042
25.404 837.7572 32.2058
25.414 837.8053 32.2084
25.424 837.7902 32.2075
25.434 837.7728 32.2073
25.444 837.7875 32.2093
25.454 837.7610 32.2089
25.464 837.7858 32.2078
25.474 837.7770 32.2078
25.484 837.7946 32.2085
25.494 837.7909 32.2088
25.504 837.8199 32.2102
25.514 837.7768 32.2112
25.524 837.7931 32.2112
25.534 837.7801 32.2123
25.544 837.8103 32.2100
25.554 837.7997 32.2096
25.564 837.7654 32.2098
25.574 837.7603 32.2086
25.584 837.7899 32.2098
25.594 837.7588 32.2108
25.604 837.7823 32.2119
25.614 837.7665 32.2121
25.624 837.7858 32.2101
25.634 837.7722 32.2112
25.644 837.7930 32.2116
25.654 837.7668 32.2089
25.664 837.7560 32.2075
25.674 837.7642 32.2073
25.684 837.7469 32.2102
25.694 837.7555 32.2120
25.704 837.7920 32.2127
25.714 837.7355 32.2121
25.724 837.7891 32.2123
25.734 837.7586 32.2127
25.744 837.7769 32.2111
25.754 837.7667 32.2116
25.764 837.7895 32.2105
25.774 837.7707 32.2100
25.784 837.7688 32.2116
25.794 837.7765 32.2144
25.804 837.7899 32.2148
25.814 837.7756 32.2136
25.824 837.7826 32.2129
25.834 837.7732 32.2131
25.844 837.7829 32.2144
25.854 837.8053 32.2140
25.864 837.8334 32.2138
25.874 837.7548 32.2148
25.884 837.7645 32.2159
25.894 837.7284 32.2148
25.904 837.7790 32.2127
25.914 837.7940 32.2150
25.924 837.7450 32.2169
25.934 837.7544 32.2144
25.944 837.7416 32.2152
25.954 837.7646 32.2163
25.964 837.7346 32.2144
25.974 837.7625 32.2151
25.984 837.7588 32.2146
25.994 837.7379 32.2146
26.004 837.7953 32.2161
26.014 837.7671 32.2140
26.024 837.7674 32.2148
26.034 837.8101 32.2188
26.044 837.7398 32.2163
26.054 837.7465 32.2124
26.064 837.7840 32.2136
26.074 837.7735 32.2161
26.084 837.7513 32.2162
26.094 837.7942 32.2163
26.104 837.7822 32.2169
26.114 837.7867 32.2161
26.124 837.7450 32.2184
26.134 837.7411 32.2184
26.144 837.7864 32.2158
26.154 837.7784 32.2174
26.164 837.7818 32.2184
26.174 837.7909 32.2169
26.184 837.7332 32.2175
26.194 837.7887 32.2178
26.204 837.7867 32.2185
26.214 837.7587 32.2198
26.224 837.7971 32.2192
26.234 837.7888 32.2189
26.244 837.7903 32.2208
26.254 837.7703 32.2206
26.264 837.7594 32.2192
26.274 837.7774 32.2197
26.284 837.7848 32.2188
26.294 837.7971 32.2181
26.304 837.7315 32.2205
26.314 837.7612 32.2198
26.324 837.7870 32.2193
26.334 837.7512 32.2224
26.344 837.7573 32.2212
26.354 837.8002 32.2200
26.364 837.7574 32.2228
26.374 837.7734 32.2243
26.384 837.7852 32.2236
26.394 837.7637 32.2231
26.404 837.7471 32.2224
26.414 837.7873 32.2228
26.424 837.7776 32.2213
26.434 837.7681 32.2202
26.444 837.7807 32.2212
26.454 837.7858 32.2209
26.464 837.7582 32.2215
26.474 837.7969 32.2227
26.484 837.7559 32.2238
26.494 837.7643 32.2231
26.504 837.7718 32.2220
26.514 837.7972 32.2212
26.524 837.7663 32.2219
26.534 837.7662 32.2246
26.544 837.7559 32.2265
26.554 837.7854 32.2247
26.564 837.7778 32.2229
26.574 837.7408 32.2246
26.584 837.7757 32.2262
26.594 837.7534 32.2244
26.604 837.7531 32.2235
26.614 837.7636 32.2246
26.624 837.7238 32.2240
26.634 837.7516 32.2247
26.644 837.7591 32.2256
26.654 837.7617 32.2240
26.664 837.7807 32.2220
26.674 837.7426 32.2251
26.684 837.7957 32.2274
26.694 837.7633 32.2251
26.704 837.7561 32.2251
26.714 837.7803 32.2247
26.724 837.7713 32.2242
26.734 837.8004 32.2258
26.744 837.7621 32.2251
26.754 837.7733 32.2229
26.764 837.7425 32.2236
26.774 837.7917 32.2255
26.784 837.7746 32.2256
26.794 837.7645 32.2269
26.804 837.7960 32.2266
26.814 837.7580 32.2262
26.824 837.7541 32.2270
26.834 837.7600 32.2273
26.844 837.7635 32.2277
26.854 837.7569 32.2259
26.864 837.7624 32.2267
26.874 837.7714 32.2284
26.884 837.7814 32.2269
26.894 837.7629 32.2273
26.904 837.7667 32.2278
26.914 837.7757 32.2263
26.924 837.7634 32.2258
26.934 837.7538 32.2266
26.944 837.7768 32.2294
26.954 837.7409 32.2306
26.964 837.7664 32.2286
26.974 837.7665 32.2279
26.984 837.7740 32.2288
26.994 837.7872 32.2294
27.004 837.8196 32.2279
27.014 837.7984 32.2256
27.024 837.7646 32.2284
27.034 837.7708 32.2305
27.044 837.7530 32.2313
27.054 837.7705 32.2316
27.064 837.7733 32.2300
27.074 837.7601 32.2297
27.084 837.7810 32.2288
27.094 837.7709 32.2285
27.104 837.7324 32.2311
27.114 837.7678 32.2321
27.124 837.7540 32.2309
27.134 837.7681 32.2308
27.144 837.7577 32.2311
27.154 837.7878 32.2324
27.164 837.7602 32.2323
27.174 837.7772 32.2312
27.184 837.7445 32.2323
27.194 837.7685 32.2319
27.204 837.7584 32.2327
27.214 837.7399 32.2346
27.224 837.7352 32.2327
27.234 837.7438 32.2316
27.244 837.7675 32.2333
27.254 837.7631 32.2338
27.264 837.7873 32.2340
27.274 837.7754 32.2335
27.284 837.7680 32.2333
27.294 837.7826 32.2332
27.304 837.7642 32.2323
27.314 837.7601 32.2323
27.324 837.7870 32.2315
27.334 837.7592 32.2340
27.344 837.8127 32.2346
27.354 837.7811 32.2323
27.364 837.7486 32.2335
27.374 837.7525 32.2363
27.384 837.7780 32.2348
27.394 837.7721 32.2347
27.404 837.7613 32.2358
27.414 837.7451 32.2366
27.424 837.7589 32.2362
27.434 837.7857 32.2344
27.444 837.7765 32.2361
27.454 837.7796 32.2373
27.464 837.7784 32.2351
27.474 837.7600 32.2348
27.484 837.7467 32.2385
27.494 837.7780 32.2374
27.504 837.7516 32.2362
27.514 837.7786 32.2348
27.524 837.8009 32.2332
27.534 837.7645 32.2356
27.544 837.7523 32.2358
27.554 837.7500 32.2359
27.564 837.7807 32.2385
27.574 837.7899 32.2375
27.584 837.7618 32.2369
27.594 837.7679 32.2390
27.604 837.7712 32.2379
27.614 837.7526 32.2383
27.624 837.7765 32.2396
27.634 837.7806 32.2383
27.644 837.7567 32.2373
27.654 837.7920 32.2371
27.664 837.7563 32.2370
27.674 837.7653 32.2374
27.684 837.7598 32.2385
27.694 837.7628 32.2389
27.704 837.7581 32.2385
27.714 837.7700 32.2383
27.724 837.7732 32.2397
27.734 837.7831 32.2397
27.744 837.7616 32.2424
27.754 837.7543 32.2428
27.764 837.8097 32.2401
27.774 837.7897 32.2402
27.784 837.7166 32.2400
27.794 837.7808 32.2393
27.804 837.7657 32.2401
27.814 837.7659 32.2413
27.824 837.8101 32.2427
27.834 837.8365 32.2412
27.844 837.7867 32.2398
27.854 837.7716 32.2406
27.864 837.7745 32.2405
27.874 837.7606 32.2398
27.884 837.7779 32.2389
27.894 837.7450 32.2401
27.904 837.7719 32.2410
27.914 837.7797 32.2410
27.924 837.7494 32.2406
27.934 837.7897 32.2404
27.944 837.7706 32.2432
27.954 837.7924 32.2432
27.964 837.7573 32.2406
27.974 837.7934 32.2394
27.984 837.7751 32.2410
27.994 837.7923 32.2429
28.004 837.7703 32.2431
28.014 837.7820 32.2440
28.024 837.7687 32.2451
28.034 837.7789 32.2463
28.044 837.7827 32.2454
28.054 837.7510 32.2447
28.064 837.7800 32.2458
28.074 837.7581 32.2462
28.084 837.7510 32.2454
28.094 837.7607 32.2460
28.104 837.7854 32.2456
28.114 837.7463 32.2444
28.124 837.7837 32.2450
28.134 837.7851 32.2444
28.144 837.7910 32.2450
28.154 837.7939 32.2447
28.164 837.7692 32.2450
28.174 837.8304 32.2475
28.184 837.7703 32.2469
28.194 837.7587 32.2466
28.204 837.7860 32.2454
28.214 837.7650 32.2458
28.224 837.7958 32.2456
28.234 837.7736 32.2432
28.244 837.7889 32.2454
28.254 837.7841 32.2460
28.264 837.7534 32.2455
28.274 837.7764 32.2462
28.284 837.7486 32.2473
28.294 837.7581 32.2469
28.304 837.7937 32.2473
28.314 837.7800 32.2494
28.324 837.7886 32.2466
28.334 837.7907 32.2467
28.344 837.7851 32.2510
28.354 837.7733 32.2508
28.364 837.7685 32.2471
28.374 837.7929 32.2467
28.384 837.7877 32.2501
28.394 837.8009 32.2496
28.404 837.7709 32.2486
28.414 837.7756 32.2488
28.424 837.7998 32.2498
28.434 837.7875 32.2496
28.444 837.7539 32.2496
28.454 837.7683 32.2505
28.464 837.7726 32.2493
28.474 837.7874 32.2492
28.484 837.7783 32.2509
28.494 837.7576 32.2533
28.504 837.7774 32.2519
28.514 837.8147 32.2498
28.524 837.7427 32.2513
28.534 837.7759 32.2525
28.544 837.7834 32.2537
28.554 837.7851 32.2537
28.564 837.7832 32.2532
28.574 837.7894 32.2512
28.584 837.7620 32.2496
28.594 837.7713 32.2502
28.604 837.7348 32.2512
28.614 837.7414 32.2513
28.624 837.7910 32.2535
28.634 837.7968 32.2556
28.644 837.7484 32.2546
28.654 837.7493 32.2543
28.664 837.7799 32.2536
28.674 837.7889 32.2529
28.684 837.7696 32.2536
28.694 837.7858 32.2542
28.704 837.8049 32.2552
28.714 837.7997 32.2552
28.724 837.7680 32.2533
28.734 837.7712 32.2558
28.744 837.7988 32.2552
28.754 837.7784 32.2531
28.764 837.7853 32.2547
28.774 837.7534 32.2560
28.784 837.7647 32.2570
28.794 837.7918 32.2560
28.804 837.7767 32.2577
28.814 837.7765 32.2575
28.824 837.8095 32.2533
28.834 837.7932 32.2531
28.844 837.7475 32.2563
28.854 837.7686 32.2592
28.864 837.7765 32.2587
28.874 837.8073 32.2575
28.884 837.7791 32.2560
28.894 837.7805 32.2566
28.904 837.7730 32.2581
28.914 837.7703 32.2574
28.924 837.7570 32.2579
28.934 837.7653 32.2586
28.944 837.7771 32.2567
28.954 837.7916 32.2579
28.964 837.7353 32.2590
28.974 837.7655 32.2585
28.984 837.8192 32.2606
28.994 837.7673 32.2598
29.004 837.7563 32.2585
29.014 837.7495 32.2594
29.024 837.7702 32.2583
29.034 837.7551 32.2589
29.044 837.7587 32.2596
29.054 837.7620 32.2582
29.064 837.7407 32.2587
29.074 837.7715 32.2575
29.084 837.7727 32.2567
29.094 837.7751 32.2598
29.104 837.7948 32.2617
29.114 837.8023 32.2616
29.124 837.7844 32.2598
29.134 837.7545 32.2593
29.144 837.7492 32.2617
29.154 837.7777 32.2620
29.164 837.7682 32.2636
29.174 837.7708 32.2643
29.184 837.7546 32.2646
29.194 837.7960 32.2651
29.204 837.7934 32.2627
29.214 837.7431 32.2617
29.224 837.7848 32.2632
29.234 837.7538 32.2628
29.244 837.7740 32.2629
29.254 837.7889 32.2642
29.264 837.7715 32.2633
29.274 837.7438 32.2631
29.284 837.7538 32.2644
29.294 837.7472 32.2647
29.304 837.7800 32.2637
29.314 837.7463 32.2627
29.324 837.7679 32.2623
29.334 837.7625 32.2652
29.344 837.7468 32.2659
29.354 837.7793 32.2654
29.364 837.7648 32.2670
29.374 837.7645 32.2671
29.384 837.7974 32.2652
29.394 837.7727 32.2647
29.404 837.7726 32.2669
29.414 837.7792 32.2664
29.424 837.7648 32.2656
29.434 837.7774 32.2669
29.444 837.7891 32.2671
29.454 837.7616 32.2686
29.464 837.7391 32.2690
29.474 837.7623 32.2655
29.484 837.7767 32.2640
29.494 837.7551 32.2677
29.504 837.7907 32.2698
29.514 837.7897 32.2682
29.524 837.7736 32.2673
29.534 837.7708 32.2686
29.544 837.7299 32.2686
29.554 837.7669 32.2683
29.564 837.7715 32.2683
29.574 837.7557 32.2687
29.584 837.7575 32.2689
29.594 837.7871 32.2679
29.604 837.8204 32.2706
29.614 837.8073 32.2710
29.624 837.7830 32.2690
29.634 837.7480 32.2691
29.644 837.8099 32.2698
29.654 837.7555 32.2713
29.664 837.7587 32.2709
29.674 837.7437 32.2693
29.684 837.7917 32.2685
29.694 837.7740 32.2671
29.704 837.7933 32.2681
29.714 837.7858 32.2708
29.724 837.7614 32.2710
29.734 837.7922 32.2701
29.744 837.7478 32.2716
29.754 837.7365 32.2708
29.764 837.7865 32.2702
29.774 837.7560 32.2709
29.784 837.7909 32.2694
29.794 837.7755 32.2719
29.804 837.7748 32.2735
29.814 837.7742 32.2710
29.824 837.7816 32.2704
29.834 837.7735 32.2713
29.844 837.7718 32.2728
29.854 837.7718 32.2736
29.864 837.8041 32.2739
29.874 837.8038 32.2729
29.884 837.7702 32.2708
29.894 837.7695 32.2705
29.904 837.7689 32.2727
29.914 837.7585 32.2728
29.924 837.7931 32.2731
29.934 837.7799 32.2720
29.944 837.7883 32.2719
29.954 837.7763 32.2732
29.964 837.7899 32.2710
29.974 837.7640 32.2716
29.984 837.7700 32.2712
29.994 837.7811 32.2721
