% 21-Jul-2025 13:09:20
% Time, s	 Pressure, mBar	 Temperature, degC
0.005 839.0632 34.5811
0.015 839.0714 34.5869
0.025 839.0674 34.5939
0.035 839.0963 34.6026
0.045 839.0877 34.6074
0.055 839.0729 34.6127
0.065 839.0150 34.6206
0.075 839.0765 34.6271
0.085 839.0784 34.6334
0.095 839.0752 34.6408
0.105 839.0883 34.6463
0.115 839.1085 34.6498
0.125 839.0628 34.6555
0.135 839.0955 34.6606
0.145 839.0650 34.6664
0.155 839.0908 34.6718
0.165 839.0675 34.6766
0.175 839.0851 34.6807
0.185 839.0876 34.6846
0.195 839.0907 34.6897
0.205 839.1043 34.6927
0.215 839.0913 34.6980
0.225 839.1334 34.7024
0.235 839.0849 34.7039
0.245 839.0618 34.7080
0.255 839.1037 34.7131
0.265 839.0832 34.7157
0.275 839.0957 34.7182
0.285 839.1030 34.7226
0.295 839.0854 34.7257
0.305 839.0965 34.7276
0.315 839.1188 34.7294
0.325 839.1046 34.7324
0.335 839.1257 34.7372
0.345 839.1136 34.7395
0.355 839.1187 34.7419
0.365 839.0760 34.7445
0.375 839.1051 34.7452
0.385 839.1296 34.7499
0.395 839.1339 34.7520
0.405 839.1362 34.7513
0.415 839.1266 34.7547
0.425 839.1304 34.7584
0.435 839.1494 34.7587
0.445 839.1204 34.7598
0.455 839.1393 34.7636
0.465 839.1161 34.7649
0.475 839.1143 34.7658
0.485 839.1191 34.7682
0.495 839.1543 34.7700
0.505 839.1444 34.7724
0.515 839.0984 34.7743
0.525 839.1254 34.7749
0.535 839.1125 34.7749
0.545 839.1297 34.7751
0.555 839.0777 34.7768
0.565 839.0970 34.7772
0.575 839.1070 34.7785
0.585 839.1164 34.7813
0.595 839.1067 34.7828
0.605 839.1104 34.7837
0.615 839.1093 34.7832
0.625 839.1390 34.7841
0.635 839.0915 34.7871
0.645 839.1235 34.7874
0.655 839.0981 34.7877
0.665 839.1204 34.7913
0.675 839.1046 34.7926
0.685 839.1651 34.7914
0.695 839.1093 34.7913
0.705 839.1037 34.7948
0.715 839.1056 34.7967
0.725 839.0828 34.7964
0.735 839.1315 34.7985
0.745 839.1072 34.7984
0.755 839.1276 34.7993
0.765 839.1025 34.8006
0.775 839.0981 34.8020
0.785 839.1301 34.8041
0.795 839.1024 34.8041
0.805 839.1013 34.8036
0.815 839.0831 34.8046
0.825 839.1009 34.8061
0.835 839.1231 34.8061
0.845 839.1185 34.8039
0.855 839.0921 34.8036
0.865 839.1310 34.8063
0.875 839.0917 34.8070
0.885 839.1152 34.8067
0.895 839.0938 34.8080
0.905 839.1087 34.8117
0.915 839.1486 34.8113
0.925 839.1164 34.8118
0.935 839.1458 34.8135
0.945 839.1243 34.8121
0.955 839.1338 34.8113
0.965 839.1106 34.8126
0.975 839.1334 34.8147
0.985 839.1199 34.8144
0.995 839.0800 34.8148
1.005 839.1117 34.8140
1.015 839.1657 34.8151
1.025 839.1284 34.8159
1.035 839.1398 34.8160
1.045 839.1206 34.8184
1.055 839.0947 34.8184
1.065 839.0796 34.8164
1.075 839.1062 34.8159
1.085 839.1142 34.8180
1.095 839.1380 34.8178
1.105 839.0928 34.8174
1.115 839.0855 34.8193
1.125 839.1215 34.8215
1.135 839.1125 34.8216
1.145 839.1246 34.8194
1.155 839.1423 34.8208
1.165 839.1054 34.8227
1.175 839.1036 34.8227
1.185 839.1271 34.8224
1.195 839.1119 34.8204
1.205 839.1109 34.8208
1.215 839.1128 34.8236
1.225 839.1327 34.8251
1.235 839.1348 34.8253
1.245 839.0936 34.8259
1.255 839.1425 34.8263
1.265 839.1274 34.8253
1.275 839.1105 34.8251
1.285 839.1343 34.8250
1.295 839.1158 34.8241
1.305 839.1428 34.8255
1.315 839.1254 34.8261
1.325 839.1208 34.8257
1.335 839.1243 34.8274
1.345 839.1371 34.8291
1.355 839.1471 34.8285
1.365 839.1339 34.8284
1.375 839.1305 34.8295
1.385 839.1424 34.8289
1.395 839.1212 34.8285
1.405 839.1350 34.8298
1.415 839.1102 34.8304
1.425 839.1302 34.8284
1.435 839.1244 34.8283
1.445 839.1125 34.8297
1.455 839.1017 34.8298
1.465 839.1292 34.8306
1.475 839.1121 34.8313
1.485 839.1141 34.8305
1.495 839.0869 34.8298
1.505 839.1179 34.8314
1.515 839.1377 34.8321
1.525 839.1174 34.8321
1.535 839.1412 34.8329
1.545 839.1129 34.8326
1.555 839.1475 34.8332
1.565 839.1251 34.8340
1.575 839.0990 34.8348
1.585 839.1412 34.8347
1.595 839.1045 34.8339
1.605 839.1431 34.8347
1.615 839.1048 34.8349
1.625 839.1465 34.8346
1.635 839.1378 34.8348
1.645 839.1426 34.8353
1.655 839.1223 34.8372
1.665 839.1239 34.8379
1.675 839.1482 34.8362
1.685 839.0953 34.8348
1.695 839.1188 34.8364
1.705 839.1252 34.8368
1.715 839.1057 34.8372
1.725 839.1218 34.8387
1.735 839.1065 34.8394
1.745 839.1485 34.8391
1.755 839.1192 34.8393
1.765 839.0918 34.8403
1.775 839.1229 34.8383
1.785 839.1062 34.8374
1.795 839.0840 34.8383
1.805 839.1107 34.8378
1.815 839.1577 34.8373
1.825 839.1221 34.8379
1.835 839.1300 34.8391
1.845 839.1306 34.8394
1.855 839.1380 34.8412
1.865 839.1333 34.8416
1.875 839.1219 34.8406
1.885 839.1180 34.8413
1.895 839.1081 34.8402
1.905 839.1222 34.8407
1.915 839.1280 34.8427
1.925 839.0860 34.8411
1.935 839.1166 34.8407
1.945 839.0889 34.8407
1.955 839.0910 34.8427
1.965 839.1273 34.8441
1.975 839.1153 34.8410
1.985 839.1288 34.8403
1.995 839.1233 34.8430
2.005 839.0861 34.8438
2.015 839.0969 34.8428
2.025 839.1225 34.8427
2.035 839.1262 34.8427
2.045 839.1199 34.8441
2.055 839.1231 34.8438
2.065 839.1159 34.8440
2.075 839.1223 34.8443
2.085 839.1276 34.8451
2.095 839.1273 34.8450
2.105 839.1471 34.8447
2.115 839.1424 34.8442
2.125 839.1371 34.8443
2.135 839.1223 34.8453
2.145 839.0969 34.8446
2.155 839.1252 34.8440
2.165 839.1128 34.8451
2.175 839.1025 34.8464
2.185 839.1260 34.8443
2.195 839.1268 34.8447
2.205 839.1171 34.8472
2.215 839.1247 34.8464
2.225 839.0901 34.8449
2.235 839.1144 34.8459
2.245 839.1163 34.8468
2.255 839.1031 34.8467
2.265 839.1387 34.8460
2.275 839.1083 34.8457
2.285 839.0980 34.8460
2.295 839.1010 34.8466
2.305 839.1123 34.8467
2.315 839.1166 34.8470
2.325 839.1533 34.8459
2.335 839.0919 34.8440
2.345 839.1252 34.8458
2.355 839.1454 34.8493
2.365 839.0860 34.8492
2.375 839.1274 34.8468
2.385 839.1092 34.8479
2.395 839.1209 34.8491
2.405 839.1034 34.8477
2.415 839.1103 34.8484
2.425 839.1037 34.8497
2.435 839.1362 34.8502
2.445 839.1370 34.8506
2.455 839.1153 34.8500
2.465 839.1584 34.8493
2.475 839.1267 34.8501
2.485 839.1301 34.8491
2.495 839.1219 34.8496
2.505 839.1466 34.8517
2.515 839.1135 34.8509
2.525 839.1449 34.8500
2.535 839.1021 34.8489
2.545 839.1122 34.8511
2.555 839.1099 34.8518
2.565 839.0950 34.8491
2.575 839.1383 34.8494
2.585 839.1048 34.8502
2.595 839.0960 34.8496
2.605 839.1061 34.8509
2.615 839.1382 34.8530
2.625 839.1490 34.8519
2.635 839.1257 34.8523
2.645 839.1175 34.8519
2.655 839.1347 34.8513
2.665 839.1147 34.8532
2.675 839.1218 34.8531
2.685 839.0985 34.8517
2.695 839.0972 34.8519
2.705 839.1487 34.8518
2.715 839.0929 34.8517
2.725 839.1212 34.8519
2.735 839.1109 34.8514
2.745 839.1035 34.8514
2.755 839.1244 34.8526
2.765 839.0882 34.8530
2.775 839.1078 34.8526
2.785 839.1028 34.8528
2.795 839.1017 34.8523
2.805 839.0906 34.8523
2.815 839.0607 34.8522
2.825 839.1390 34.8534
2.835 839.0753 34.8539
2.845 839.1136 34.8536
2.855 839.1422 34.8540
2.865 839.1200 34.8540
2.875 839.1165 34.8541
2.885 839.1057 34.8543
2.895 839.1142 34.8548
2.905 839.0920 34.8539
2.915 839.0917 34.8538
2.925 839.1242 34.8552
2.935 839.1192 34.8555
2.945 839.1103 34.8556
2.955 839.1306 34.8556
2.965 839.1071 34.8558
2.975 839.1142 34.8557
2.985 839.1393 34.8544
2.995 839.1007 34.8536
3.005 839.1142 34.8539
3.015 839.1203 34.8569
3.025 839.1344 34.8583
3.035 839.1079 34.8562
3.045 839.1152 34.8544
3.055 839.1417 34.8547
3.065 839.1225 34.8570
3.075 839.1315 34.8578
3.085 839.1280 34.8570
3.095 839.1349 34.8568
3.105 839.0976 34.8575
3.115 839.0976 34.8575
3.125 839.1568 34.8575
3.135 839.0979 34.8586
3.145 839.1452 34.8582
3.155 839.0972 34.8591
3.165 839.1302 34.8590
3.175 839.1513 34.8575
3.185 839.1355 34.8588
3.195 839.1009 34.8591
3.205 839.1341 34.8582
3.215 839.1442 34.8577
3.225 839.1413 34.8581
3.235 839.1434 34.8591
3.245 839.0824 34.8591
3.255 839.1246 34.8590
3.265 839.1049 34.8602
3.275 839.1384 34.8594
3.285 839.1183 34.8577
3.295 839.1209 34.8572
3.305 839.1148 34.8578
3.315 839.1503 34.8598
3.325 839.1487 34.8599
3.335 839.1064 34.8582
3.345 839.1370 34.8578
3.355 839.2256 34.8595
3.365 839.1944 34.8596
3.375 839.1019 34.8578
3.385 839.1811 34.8577
3.395 839.1846 34.8594
3.405 839.1394 34.8590
3.415 839.1315 34.8587
3.425 839.0657 34.8591
3.435 839.0871 34.8587
3.445 839.0821 34.8590
3.455 839.0525 34.8599
3.465 839.0756 34.8612
3.475 839.0800 34.8598
3.485 839.0504 34.8598
3.495 839.0092 34.8613
3.505 838.8979 34.8603
3.515 838.8472 34.8608
3.525 838.8126 34.8611
3.535 838.7454 34.8590
3.545 838.7134 34.8587
3.555 838.7277 34.8594
3.565 838.7171 34.8587
3.575 838.6643 34.8600
3.585 838.6163 34.8619
3.595 838.6178 34.8617
3.605 838.5896 34.8624
3.615 838.5767 34.8633
3.625 838.6020 34.8612
3.635 838.4677 34.8598
3.645 838.4624 34.8608
3.655 838.4746 34.8613
3.665 838.5433 34.8615
3.675 838.5185 34.8620
3.685 838.4323 34.8615
3.695 838.4727 34.8604
3.705 838.6231 34.8607
3.715 838.4859 34.8615
3.725 838.5914 34.8624
3.735 838.5129 34.8620
3.745 838.4677 34.8598
3.755 838.4632 34.8603
3.765 838.2962 34.8619
3.775 838.3808 34.8634
3.785 838.2696 34.8633
3.795 838.3316 34.8611
3.805 838.3007 34.8622
3.815 838.3113 34.8629
3.825 838.2545 34.8622
3.835 838.3386 34.8645
3.845 838.2989 34.8650
3.855 838.4009 34.8642
3.865 838.3758 34.8637
3.875 838.3047 34.8633
3.885 838.2249 34.8622
3.895 838.3364 34.8625
3.905 838.3045 34.8641
3.915 838.2551 34.8643
3.925 838.3846 34.8643
3.935 838.4068 34.8643
3.945 838.3296 34.8646
3.955 838.4242 34.8647
3.965 838.4551 34.8645
3.975 838.5220 34.8637
3.985 838.4683 34.8637
3.995 838.4707 34.8630
4.005 838.5386 34.8637
4.015 838.5230 34.8642
4.025 838.4992 34.8634
4.035 838.5062 34.8650
4.045 838.5249 34.8651
4.055 838.5159 34.8652
4.065 838.4591 34.8646
4.075 838.5343 34.8625
4.085 838.4887 34.8637
4.095 838.4790 34.8662
4.105 838.4021 34.8666
4.115 838.3455 34.8651
4.125 838.2326 34.8633
4.485 838.2123 34.8646
4.495 838.2258 34.8663
4.505 838.3328 34.8649
4.515 838.2620 34.8664
4.525 838.2930 34.8659
4.535 838.2953 34.8649
4.545 838.2541 34.8646
4.745 838.2362 34.8634
4.755 838.3179 34.8651
4.765 838.3179 34.8652
4.775 838.3226 34.8675
4.785 838.3591 34.8685
4.795 838.3277 34.8668
4.805 838.3136 34.8654
4.815 838.2935 34.8656
4.955 838.2268 34.8683
4.965 838.3018 34.8683
4.975 838.3988 34.8668
4.985 838.3819 34.8669
4.995 838.4377 34.8676
5.005 838.4474 34.8655
5.015 838.3816 34.8654
5.025 838.4390 34.8655
5.035 838.4446 34.8656
5.045 838.4065 34.8663
5.055 838.3425 34.8660
5.065 838.2596 34.8672
5.175 838.3426 34.8683
5.185 838.4343 34.8676
5.195 838.5638 34.8668
5.205 838.6177 34.8658
5.215 838.5440 34.8667
5.225 838.5963 34.8677
5.235 838.5318 34.8680
5.245 838.5662 34.8681
5.255 838.5076 34.8660
5.265 838.4795 34.8663
5.275 838.4629 34.8671
5.285 838.4124 34.8668
5.295 838.3592 34.8684
5.305 838.3045 34.8677
5.315 838.2353 34.8666
5.395 838.2348 34.8683
5.405 838.3828 34.8680
5.415 838.4631 34.8672
5.425 838.5681 34.8663
5.435 838.5906 34.8680
5.445 838.6147 34.8706
5.455 838.6636 34.8683
5.465 838.6181 34.8690
5.475 838.5777 34.8700
5.485 838.5145 34.8686
5.495 838.6078 34.8700
5.505 838.5221 34.8701
5.515 838.5277 34.8719
5.525 838.4185 34.8715
5.535 838.4071 34.8694
5.545 838.3643 34.8702
5.555 838.3032 34.8701
5.565 838.2494 34.8700
5.575 838.2182 34.8697
5.615 838.2511 34.8686
5.625 838.3760 34.8697
5.635 838.4973 34.8697
5.645 838.6900 34.8684
5.655 838.7285 34.8700
5.665 838.8057 34.8709
5.675 838.8668 34.8694
5.685 838.8359 34.8696
5.695 838.7363 34.8707
5.705 838.7294 34.8711
5.715 838.5716 34.8710
5.725 838.5859 34.8728
5.735 838.5434 34.8728
5.745 838.5536 34.8685
5.755 838.5877 34.8688
5.765 838.5209 34.8714
5.775 838.5148 34.8709
5.785 838.5803 34.8697
5.795 838.5831 34.8703
5.805 838.6081 34.8707
5.815 838.6509 34.8719
5.825 838.6958 34.8722
5.835 838.7220 34.8709
5.845 838.8011 34.8713
5.855 838.7797 34.8720
5.865 838.8719 34.8722
5.875 838.9667 34.8715
5.885 838.9887 34.8710
5.895 839.0360 34.8719
5.905 839.0291 34.8728
5.915 838.9644 34.8723
5.925 838.9975 34.8727
5.935 839.0687 34.8737
5.965 839.0569 34.8745
5.975 839.0398 34.8758
5.985 839.0615 34.8749
5.995 839.0572 34.8730
6.005 839.0657 34.8730
6.015 839.0823 34.8737
6.025 839.1087 34.8748
6.035 839.1109 34.8757
6.045 839.1122 34.8765
6.055 839.1096 34.8754
6.065 839.0976 34.8745
6.075 839.0997 34.8750
6.085 839.0731 34.8741
6.095 839.0707 34.8743
6.105 839.0831 34.8744
6.115 839.0719 34.8737
6.125 839.1012 34.8739
6.135 839.0828 34.8744
6.145 839.0458 34.8756
6.155 839.0466 34.8745
6.165 839.0559 34.8754
6.175 839.0345 34.8761
6.185 839.0374 34.8727
6.195 839.0572 34.8731
6.205 839.0542 34.8754
6.215 839.0994 34.8753
6.225 839.0976 34.8756
6.235 839.0884 34.8752
6.245 839.1333 34.8730
6.255 839.1017 34.8722
6.265 839.0629 34.8724
6.275 839.0268 34.8727
6.285 839.0113 34.8752
6.295 839.0308 34.8752
6.305 839.0257 34.8737
6.315 839.0521 34.8753
6.325 839.0844 34.8764
6.335 839.0863 34.8773
6.345 839.1053 34.8777
6.355 839.0443 34.8771
6.365 839.0768 34.8782
6.375 839.0421 34.8790
6.385 839.0480 34.8766
6.395 839.0589 34.8764
6.415 838.9611 34.8773
6.425 839.1321 34.8773
6.435 839.1416 34.8753
6.445 839.2105 34.8743
6.455 839.1524 34.8752
6.465 839.1440 34.8769
6.475 839.1353 34.8779
6.485 839.1286 34.8760
6.495 839.1046 34.8756
6.505 839.0874 34.8773
6.515 839.0993 34.8795
6.525 839.0853 34.8782
6.535 839.1041 34.8778
6.545 839.1448 34.8788
6.555 839.0996 34.8769
6.565 839.1118 34.8766
6.575 839.1078 34.8775
6.585 839.1437 34.8796
6.595 839.1461 34.8807
6.605 839.1707 34.8791
6.615 839.1030 34.8788
6.625 839.9568 34.8804
6.635 839.2340 34.8795
6.645 839.0709 34.8773
6.655 839.1007 34.8777
6.665 839.0996 34.8794
6.675 839.1030 34.8791
6.685 839.1070 34.8786
6.695 839.1443 34.8808
6.705 839.1319 34.8804
6.715 839.1171 34.8787
6.725 838.8607 34.8790
6.735 839.0983 34.8800
6.745 839.1057 34.8807
6.755 839.0915 34.8811
6.765 839.0968 34.8800
6.775 839.1005 34.8784
6.785 839.0843 34.8792
6.795 839.0854 34.8797
6.805 839.0897 34.8782
6.815 839.1036 34.8791
6.825 839.1152 34.8808
6.835 839.1010 34.8758
6.845 839.1073 34.8766
6.855 839.1213 34.8803
6.865 839.1311 34.8791
6.875 839.1352 34.8816
6.885 839.1280 34.8822
6.895 839.0899 34.8820
6.905 839.0897 34.8816
6.915 839.0556 34.8807
6.925 839.0777 34.8809
6.935 839.0960 34.8811
6.945 839.0649 34.8817
6.955 839.1333 34.8822
6.965 839.0960 34.8809
6.975 839.0770 34.8801
6.985 839.1013 34.8816
6.995 839.1309 34.8822
7.005 839.1257 34.8820
7.015 839.1114 34.8792
7.025 839.1275 34.8773
7.035 839.1362 34.8791
7.045 839.0965 34.8809
7.055 839.1446 34.8813
7.065 839.1513 34.8822
7.075 839.1142 34.8826
7.085 839.1595 34.8822
7.095 839.1648 34.8801
7.105 839.2075 34.8787
7.115 838.8111 34.8791
7.125 839.2276 34.8800
7.135 839.2036 34.8809
7.145 839.2221 34.8812
7.155 839.2124 34.8838
7.165 839.2002 34.8838
7.175 839.2010 34.8816
7.185 839.2440 34.8821
7.195 839.1837 34.8826
7.205 839.1661 34.8801
7.215 839.1902 34.8795
7.225 839.1592 34.8808
7.235 839.1989 34.8817
7.245 839.2053 34.8820
7.255 839.1994 34.8811
7.265 839.2375 34.8816
7.275 839.2333 34.8809
7.285 839.2066 34.8811
7.295 839.2335 34.8837
7.305 839.2021 34.8842
7.315 839.1994 34.8838
7.325 839.1508 34.8842
7.335 839.1968 34.8825
7.345 839.1580 34.8818
7.355 839.1915 34.8833
7.365 839.1812 34.8837
7.375 839.2190 34.8839
7.385 839.1746 34.8825
7.395 839.2045 34.8825
7.405 839.2095 34.8822
7.415 839.2211 34.8817
7.425 839.1789 34.8839
7.435 839.2082 34.8850
7.445 839.1616 34.8841
7.455 839.2238 34.8837
7.465 839.2135 34.8842
7.475 839.2222 34.8841
7.485 839.2177 34.8845
7.495 839.2224 34.8847
7.505 839.2056 34.8841
7.515 839.2291 34.8845
7.525 839.2144 34.8858
7.535 839.2380 34.8869
7.545 839.2061 34.8868
7.555 839.1984 34.8851
7.565 839.2151 34.8846
7.575 839.2137 34.8845
7.585 839.1694 34.8837
7.595 839.1982 34.8847
7.605 839.2019 34.8859
7.615 839.1950 34.8850
7.625 839.1831 34.8845
7.635 839.1894 34.8839
7.645 839.1717 34.8839
7.655 839.1817 34.8860
7.665 839.1989 34.8877
7.675 839.1739 34.8868
7.685 839.2088 34.8852
7.695 839.2188 34.8858
7.705 839.1916 34.8869
7.715 839.1987 34.8856
7.725 839.2183 34.8850
7.735 839.1934 34.8852
7.745 839.1781 34.8856
7.755 839.2098 34.8862
7.765 839.1995 34.8855
7.775 839.2171 34.8884
7.785 839.1957 34.8885
7.795 839.1968 34.8871
7.805 839.1937 34.8878
7.815 839.1865 34.8875
7.825 839.1995 34.8865
7.835 839.2138 34.8864
7.845 839.2013 34.8884
7.855 839.2281 34.8893
7.865 839.1763 34.8882
7.875 839.1930 34.8880
7.885 839.1964 34.8881
7.895 839.2273 34.8881
7.905 839.1694 34.8892
7.915 839.1900 34.8894
7.925 839.1877 34.8882
7.935 839.1721 34.8880
7.945 839.1932 34.8876
7.955 839.1834 34.8876
7.965 839.1958 34.8881
7.975 839.2188 34.8872
7.985 839.1850 34.8885
7.995 839.2045 34.8884
8.005 839.1926 34.8858
8.015 839.2025 34.8864
8.025 839.2025 34.8875
8.035 839.2352 34.8884
8.045 839.1950 34.8893
8.055 839.1829 34.8890
8.065 839.1803 34.8894
8.075 839.2514 34.8880
8.085 839.1885 34.8855
8.095 839.1795 34.8868
8.105 839.2086 34.8890
8.115 839.2059 34.8899
8.125 839.1879 34.8893
8.135 839.1724 34.8897
8.145 839.1806 34.8910
8.155 839.1888 34.8899
8.165 839.1975 34.8905
8.175 839.1843 34.8911
8.185 839.1792 34.8898
8.195 839.1995 34.8903
8.205 839.2062 34.8912
8.215 839.2117 34.8899
8.225 839.1708 34.8897
8.235 839.2425 34.8895
8.245 839.1827 34.8905
8.255 839.1993 34.8906
8.265 839.1994 34.8901
8.275 839.1949 34.8905
8.285 839.1576 34.8895
8.295 839.2026 34.8897
8.305 839.1811 34.8894
8.315 839.1870 34.8897
8.325 839.2012 34.8907
8.335 839.2210 34.8897
8.345 839.1843 34.8895
8.355 839.2139 34.8901
8.365 839.1964 34.8905
8.375 839.1957 34.8920
8.385 839.2242 34.8907
8.395 839.1853 34.8903
8.405 839.1957 34.8920
8.415 839.2011 34.8909
8.425 839.1947 34.8882
8.435 839.1884 34.8889
8.445 839.1762 34.8905
8.455 839.2229 34.8912
8.465 839.1983 34.8912
8.475 839.2063 34.8906
8.485 839.1749 34.8915
8.495 839.2108 34.8920
8.505 839.1860 34.8911
8.515 839.1984 34.8905
8.525 839.1973 34.8901
8.535 839.1944 34.8895
8.545 839.1944 34.8909
8.555 839.1902 34.8903
8.565 839.2015 34.8906
8.575 839.1918 34.8919
8.585 839.1944 34.8918
8.595 839.2237 34.8912
8.605 839.2211 34.8915
8.615 839.2150 34.8923
8.625 839.1994 34.8919
8.635 839.1828 34.8915
8.645 839.2148 34.8922
8.655 839.1926 34.8923
8.665 839.1662 34.8918
8.675 839.1865 34.8895
8.685 839.2121 34.8899
8.695 839.1987 34.8914
8.705 839.1913 34.8907
8.715 839.2175 34.8909
8.725 839.2074 34.8918
8.735 839.1867 34.8924
8.745 839.1827 34.8909
8.755 839.1896 34.8922
8.765 839.2036 34.8940
8.775 839.1841 34.8949
8.785 839.2315 34.8939
8.795 839.1974 34.8918
8.805 839.1881 34.8933
8.815 839.2140 34.8935
8.825 839.1952 34.8932
8.835 839.2164 34.8937
8.845 839.1998 34.8932
8.855 839.1770 34.8920
8.865 839.1855 34.8918
8.875 839.2114 34.8931
8.885 839.1704 34.8937
8.895 839.2122 34.8924
8.905 839.2146 34.8920
8.915 839.1949 34.8932
8.925 839.1905 34.8932
8.935 839.2061 34.8911
8.945 839.2217 34.8905
8.955 839.1974 34.8927
8.965 839.2249 34.8932
8.975 839.2007 34.8936
8.985 839.2152 34.8945
8.995 839.1977 34.8946
9.005 839.1699 34.8953
9.015 839.2044 34.8940
9.025 839.2078 34.8933
9.035 839.1800 34.8948
9.045 839.2098 34.8952
9.055 839.1852 34.8946
9.065 839.1687 34.8953
9.075 839.2142 34.8952
9.085 839.1993 34.8927
9.095 839.2157 34.8927
9.105 839.1954 34.8941
9.115 839.1668 34.8941
9.125 839.2012 34.8958
9.135 839.2139 34.8974
9.145 839.2155 34.8953
9.155 839.2192 34.8944
9.165 839.2221 34.8962
9.175 839.1774 34.8958
9.185 839.1938 34.8957
9.195 839.2118 34.8959
9.205 839.2078 34.8954
9.215 839.2163 34.8965
9.225 839.2020 34.8953
9.235 839.2464 34.8941
9.245 839.1856 34.8952
9.255 839.1742 34.8952
9.265 839.2458 34.8948
9.275 839.2313 34.8953
9.285 839.1928 34.8948
9.295 839.2221 34.8948
9.305 839.2113 34.8971
9.315 839.1959 34.8988
9.325 839.2049 34.8984
9.335 839.2020 34.8980
9.345 839.2093 34.8975
9.355 839.1642 34.8969
9.365 839.2173 34.8957
9.375 839.1883 34.8969
9.385 839.1909 34.8996
9.395 839.1985 34.8982
9.405 839.1858 34.8978
9.415 839.1840 34.8984
9.425 839.2319 34.8979
9.435 839.2097 34.8983
9.445 839.1796 34.8983
9.455 839.1910 34.8980
9.465 839.2070 34.8973
9.475 839.1964 34.8970
9.485 839.1814 34.8965
9.495 839.1954 34.8973
9.505 839.2001 34.8978
9.515 839.1486 34.8975
9.525 839.2041 34.8962
9.535 839.1648 34.8971
9.545 839.1942 34.8992
9.555 839.2079 34.8983
9.565 839.1982 34.8990
9.575 839.2007 34.8971
9.585 839.1922 34.8970
9.595 839.1946 34.8986
9.605 839.1918 34.9004
9.615 839.1941 34.9014
9.625 839.2171 34.8992
9.635 839.2132 34.8963
9.645 839.1978 34.8953
9.655 839.1735 34.8950
9.665 839.2203 34.8956
9.675 839.2079 34.8987
9.685 839.2204 34.9001
9.695 839.2286 34.8997
9.705 839.1849 34.8997
9.715 839.2142 34.8997
9.725 839.1878 34.8987
9.735 839.2068 34.8982
9.745 839.1964 34.9000
9.755 839.1780 34.8997
9.765 839.1962 34.8984
9.775 839.1904 34.8993
9.785 839.1965 34.8992
9.795 839.1886 34.8997
9.805 839.1815 34.8991
9.815 839.1849 34.8967
9.825 839.1791 34.8982
9.835 839.1907 34.9004
9.845 839.2108 34.9008
9.855 839.1871 34.9007
9.865 839.1918 34.9005
9.875 839.2023 34.9022
9.885 839.1645 34.9030
9.895 839.1999 34.9008
9.905 839.1743 34.8999
9.915 839.1643 34.9022
9.925 839.1863 34.9021
9.935 839.2042 34.9012
9.945 839.2082 34.8995
9.955 839.2087 34.8983
9.965 839.1987 34.9029
9.975 839.1889 34.9034
9.985 839.1876 34.9007
9.995 839.1997 34.9023
10.005 839.1860 34.9023
10.015 839.2241 34.9010
10.025 839.1953 34.9016
10.035 839.2246 34.9023
10.045 839.2137 34.9031
10.055 839.1757 34.9031
10.065 839.1836 34.9027
10.075 839.1728 34.9017
10.085 839.2130 34.9016
10.095 839.1913 34.9022
10.105 839.2101 34.9021
10.115 839.2006 34.9026
10.125 839.1522 34.9029
10.135 839.2130 34.9038
10.145 839.1651 34.9039
10.155 839.1805 34.9029
10.165 839.2241 34.9017
10.175 839.1995 34.9018
10.185 839.1922 34.9038
10.195 839.1794 34.9037
10.205 839.1760 34.9038
10.215 839.2278 34.9035
10.225 839.2075 34.9034
10.235 839.1958 34.9029
10.245 839.2088 34.9010
10.255 839.1831 34.9016
10.265 839.1567 34.9022
10.275 839.1776 34.9034
10.285 839.2109 34.9029
10.295 839.1789 34.9012
10.305 839.1884 34.9004
10.315 839.2130 34.9022
10.325 839.1998 34.9039
10.335 839.2010 34.9039
10.345 839.1791 34.9046
10.355 839.1945 34.9047
10.365 839.1805 34.9035
10.375 839.2006 34.9029
10.385 839.1684 34.9037
10.395 839.2003 34.9033
10.405 839.1734 34.9029
10.415 839.2121 34.9021
10.425 839.1786 34.9030
10.435 839.1766 34.9055
10.445 839.2118 34.9063
10.455 839.1589 34.9067
10.465 839.1929 34.9064
10.475 839.1871 34.9050
10.485 839.1663 34.9035
10.495 839.1843 34.9038
10.505 839.1706 34.9051
10.515 839.2197 34.9035
10.525 839.2030 34.9030
10.535 839.1985 34.9047
10.545 839.1617 34.9044
10.555 839.2424 34.9034
10.565 839.2051 34.9037
10.575 839.1549 34.9057
10.585 839.2186 34.9064
10.595 839.1874 34.9068
10.605 839.1702 34.9054
10.615 839.2025 34.9043
10.625 839.2014 34.9050
10.635 839.1999 34.9034
10.645 839.1774 34.9029
10.655 839.2002 34.9038
10.665 839.1909 34.9046
10.675 839.2298 34.9035
10.685 839.1851 34.9038
10.695 839.1816 34.9063
10.705 839.1834 34.9064
10.715 839.2340 34.9063
10.725 839.2168 34.9061
10.735 839.1694 34.9055
10.745 839.1858 34.9054
10.755 839.1654 34.9064
10.765 839.2220 34.9060
10.775 839.1782 34.9048
10.785 839.2054 34.9044
10.795 839.1886 34.9037
10.805 839.2036 34.9047
10.815 839.2152 34.9061
10.825 839.1898 34.9069
10.835 839.2021 34.9067
10.845 839.2116 34.9068
10.855 839.2092 34.9071
10.865 839.1870 34.9067
10.875 839.2025 34.9064
10.885 839.1939 34.9057
10.895 839.1846 34.9063
10.905 839.2013 34.9059
10.915 839.2119 34.9064
10.925 839.2164 34.9086
10.935 839.2140 34.9076
10.945 839.2103 34.9059
10.955 839.2010 34.9063
10.965 839.1690 34.9065
10.975 839.1672 34.9067
10.985 839.1836 34.9073
10.995 839.1926 34.9067
11.005 839.1929 34.9077
11.015 839.1934 34.9094
11.025 839.1786 34.9084
11.035 839.2103 34.9064
11.045 839.1823 34.9056
11.055 839.1963 34.9068
11.065 839.1926 34.9073
11.075 839.1894 34.9071
11.085 839.2103 34.9089
11.095 839.1961 34.9081
11.105 839.1990 34.9073
11.115 839.2016 34.9091
11.125 839.2047 34.9082
11.135 839.1999 34.9071
11.145 839.1806 34.9080
11.155 839.2117 34.9081
11.165 839.1834 34.9069
11.175 839.1804 34.9081
11.185 839.1695 34.9090
11.195 839.1894 34.9078
11.205 839.1884 34.9061
11.215 839.2039 34.9064
11.225 839.1899 34.9072
11.235 839.1585 34.9060
11.245 839.1986 34.9071
11.255 839.1855 34.9082
11.265 839.1783 34.9086
11.275 839.1905 34.9094
11.285 839.1852 34.9090
11.295 839.2048 34.9084
11.305 839.2053 34.9078
11.315 839.2092 34.9060
11.325 839.1775 34.9068
11.335 839.1849 34.9103
11.345 839.2022 34.9112
11.355 839.2099 34.9098
11.365 839.2106 34.9084
11.375 839.2000 34.9082
11.385 839.1654 34.9098
11.395 839.1823 34.9114
11.405 839.2447 34.9110
11.415 839.2268 34.9097
11.425 839.2125 34.9087
11.435 839.2027 34.9074
11.445 839.2143 34.9085
11.455 839.1768 34.9099
11.465 839.2048 34.9089
11.475 839.1935 34.9097
11.485 839.2035 34.9101
11.495 839.2204 34.9093
11.505 839.1905 34.9090
11.515 839.1961 34.9094
11.525 839.1858 34.9098
11.535 839.2271 34.9108
11.545 839.1832 34.9116
11.555 839.1800 34.9110
11.565 839.1911 34.9119
11.575 839.2038 34.9119
11.585 839.2147 34.9108
11.595 839.1959 34.9091
11.605 839.2059 34.9091
11.615 839.2138 34.9112
11.625 839.1887 34.9101
11.635 839.1938 34.9086
11.645 839.1715 34.9094
11.655 839.1876 34.9085
11.665 839.1844 34.9090
11.675 839.2019 34.9102
11.685 839.1998 34.9108
11.695 839.2103 34.9116
11.705 839.1768 34.9108
11.715 839.1954 34.9102
11.725 839.2347 34.9104
11.735 839.1861 34.9128
11.745 839.1985 34.9138
11.755 839.1926 34.9127
11.765 839.1879 34.9118
11.775 839.1914 34.9112
11.785 839.1727 34.9124
11.795 839.2395 34.9133
11.805 839.2260 34.9124
11.815 839.2016 34.9131
11.825 839.1615 34.9135
11.835 839.2160 34.9150
11.845 839.2236 34.9150
11.855 839.1993 34.9123
11.865 839.2146 34.9111
11.875 839.1747 34.9120
11.885 839.1967 34.9128
11.895 839.1695 34.9127
11.905 839.2121 34.9137
11.915 839.2004 34.9149
11.925 839.1869 34.9149
11.935 839.2191 34.9141
11.945 839.1967 34.9140
11.955 839.1784 34.9154
11.965 839.2036 34.9154
11.975 839.2169 34.9138
11.985 839.2282 34.9132
11.995 839.1851 34.9153
12.005 839.1673 34.9158
12.015 839.2033 34.9135
12.025 839.1851 34.9132
12.035 839.1758 34.9118
12.045 839.1883 34.9114
12.055 839.1846 34.9148
12.065 839.2070 34.9154
12.075 839.2075 34.9131
12.085 839.1832 34.9114
12.095 839.1917 34.9129
12.105 839.1758 34.9142
12.115 839.1988 34.9128
12.125 839.1907 34.9132
12.135 839.2137 34.9132
12.145 839.1994 34.9129
12.155 839.1734 34.9146
12.165 839.1842 34.9148
12.175 839.1771 34.9135
12.185 839.1761 34.9145
12.195 839.2255 34.9150
12.205 839.2116 34.9144
12.215 839.1838 34.9136
12.225 839.1965 34.9125
12.235 839.2039 34.9144
12.245 839.1825 34.9174
12.255 839.2066 34.9175
12.265 839.2205 34.9161
12.275 839.2012 34.9154
12.285 839.1844 34.9148
12.295 839.2124 34.9149
12.305 839.1531 34.9146
12.315 839.2049 34.9158
12.325 839.2129 34.9161
12.335 839.1846 34.9149
12.345 839.1600 34.9152
12.355 839.2089 34.9149
12.365 839.2200 34.9159
12.375 839.1938 34.9158
12.385 839.1978 34.9153
12.395 839.1898 34.9154
12.405 839.2367 34.9153
12.415 839.1963 34.9171
12.425 839.2161 34.9175
12.435 839.1878 34.9168
12.445 839.1838 34.9171
12.455 839.1838 34.9165
12.465 839.2071 34.9165
12.475 839.1984 34.9172
12.485 839.1830 34.9180
12.495 839.1965 34.9170
12.505 839.1782 34.9165
12.515 839.1806 34.9167
12.525 839.1852 34.9171
12.535 839.2238 34.9168
12.545 839.1868 34.9150
12.555 839.1899 34.9148
12.565 839.1876 34.9150
12.575 839.2383 34.9154
12.585 839.2348 34.9162
12.595 839.1727 34.9141
12.605 839.2161 34.9149
12.615 839.2085 34.9176
12.625 839.1817 34.9161
12.635 839.1910 34.9167
12.645 839.1664 34.9174
12.655 839.1990 34.9154
12.665 839.1852 34.9158
12.675 839.1667 34.9184
12.685 839.1907 34.9192
12.695 839.2108 34.9184
12.705 839.1773 34.9172
12.715 839.1906 34.9153
12.725 839.2042 34.9155
12.735 839.2028 34.9178
12.745 839.2254 34.9170
12.755 839.1921 34.9168
12.765 839.2029 34.9171
12.775 839.1739 34.9175
12.785 839.1503 34.9192
12.795 839.2000 34.9195
12.805 839.1943 34.9195
12.815 839.2331 34.9183
12.825 839.1906 34.9171
12.835 839.1847 34.9166
12.845 839.1998 34.9174
12.855 839.1750 34.9175
12.865 839.2181 34.9180
12.875 839.1934 34.9200
12.885 839.1974 34.9201
12.895 839.1837 34.9180
12.905 839.1884 34.9175
12.915 839.2080 34.9179
12.925 839.2228 34.9180
12.935 839.1623 34.9189
12.945 839.2162 34.9187
12.955 839.1813 34.9196
12.965 839.2218 34.9188
12.975 839.1919 34.9172
12.985 839.1813 34.9189
12.995 839.1887 34.9195
13.005 839.1977 34.9180
13.015 839.2075 34.9184
13.025 839.2040 34.9189
13.035 839.2051 34.9193
13.045 839.2112 34.9187
13.055 839.2157 34.9168
13.065 839.2115 34.9167
13.075 839.2141 34.9168
13.085 839.2051 34.9172
13.095 839.1979 34.9188
13.105 839.1696 34.9201
13.115 839.1868 34.9192
13.125 839.2001 34.9191
13.135 839.1695 34.9191
13.145 839.1874 34.9204
13.155 839.1868 34.9204
13.165 839.2035 34.9191
13.175 839.2196 34.9196
13.185 839.2053 34.9204
13.195 839.1882 34.9214
13.205 839.1573 34.9196
13.215 839.1832 34.9187
13.225 839.2179 34.9208
13.235 839.2403 34.9205
13.245 839.2167 34.9184
13.255 839.1980 34.9188
13.265 839.2233 34.9197
13.275 839.1919 34.9196
13.285 839.2088 34.9179
13.295 839.1954 34.9185
13.305 839.2085 34.9206
13.315 839.1908 34.9217
13.325 839.2136 34.9223
13.335 839.2004 34.9212
13.345 839.2305 34.9210
13.355 839.1924 34.9210
13.365 839.2446 34.9206
13.375 839.2316 34.9200
13.385 839.2064 34.9206
13.395 839.1882 34.9209
13.405 839.2173 34.9192
13.415 839.2311 34.9195
13.425 839.2031 34.9208
13.435 839.2211 34.9216
13.445 839.1980 34.9216
13.455 839.2252 34.9213
13.465 839.2052 34.9219
13.475 839.2398 34.9205
13.485 839.2187 34.9206
13.495 839.1624 34.9210
13.505 839.2026 34.9214
13.515 839.2184 34.9222
13.525 839.2184 34.9209
13.535 839.2039 34.9209
13.545 839.1901 34.9216
13.555 839.1901 34.9221
13.565 839.1631 34.9208
13.575 839.1774 34.9208
13.585 839.1999 34.9217
13.595 839.2020 34.9216
13.605 839.2007 34.9223
13.615 839.2174 34.9243
13.625 839.1843 34.9219
13.635 839.1981 34.9195
13.645 839.1930 34.9214
13.655 839.1914 34.9223
13.665 839.2036 34.9222
13.675 839.1903 34.9225
13.685 839.1935 34.9227
13.695 839.1933 34.9226
13.705 839.2139 34.9243
13.715 839.2214 34.9243
13.725 839.1910 34.9243
13.735 839.2026 34.9242
13.745 839.1994 34.9234
13.755 839.2382 34.9248
13.765 839.2044 34.9242
13.775 839.2153 34.9230
13.785 839.2055 34.9240
13.795 839.1695 34.9236
13.805 839.1883 34.9214
13.815 839.1788 34.9229
13.825 839.1989 34.9238
13.835 839.2158 34.9240
13.845 839.1595 34.9251
13.855 839.1989 34.9243
13.865 839.2251 34.9242
13.875 839.1661 34.9240
13.885 839.2020 34.9234
13.895 839.1904 34.9225
13.905 839.1937 34.9232
13.915 839.1744 34.9235
13.925 839.1913 34.9236
13.935 839.2029 34.9251
13.945 839.1968 34.9253
13.955 839.2055 34.9248
13.965 839.2081 34.9255
13.975 839.1777 34.9259
13.985 839.1740 34.9242
13.995 839.2216 34.9234
14.005 839.1908 34.9231
14.015 839.2116 34.9234
14.025 839.1836 34.9253
14.035 839.2264 34.9257
14.045 839.2019 34.9246
14.055 839.2270 34.9234
14.065 839.1926 34.9234
14.075 839.2190 34.9231
14.085 839.2180 34.9225
14.095 839.1786 34.9240
14.105 839.1931 34.9243
14.115 839.2161 34.9252
14.125 839.2219 34.9268
14.135 839.1997 34.9242
14.145 839.1928 34.9235
14.155 839.2217 34.9243
14.165 839.1863 34.9240
14.175 839.2336 34.9240
14.185 839.2577 34.9251
14.195 839.2402 34.9257
14.205 839.1955 34.9240
14.215 839.2068 34.9244
14.225 839.2079 34.9247
14.235 839.2348 34.9246
14.245 839.2105 34.9257
14.255 839.2264 34.9252
14.265 839.1997 34.9263
14.275 839.1640 34.9263
14.285 839.2011 34.9248
14.295 839.2242 34.9249
14.305 839.1972 34.9256
14.315 839.2191 34.9269
14.325 839.2151 34.9277
14.335 839.1871 34.9274
14.345 839.1318 34.9261
14.355 839.2168 34.9259
14.365 839.2194 34.9260
14.375 839.2138 34.9257
14.385 839.1921 34.9263
14.395 839.1860 34.9277
14.405 839.2069 34.9283
14.415 839.1818 34.9280
14.425 839.2016 34.9270
14.435 839.1934 34.9263
14.445 839.2027 34.9259
14.455 839.1810 34.9259
14.465 839.1879 34.9263
14.475 839.1842 34.9269
14.485 839.1823 34.9270
14.495 839.1918 34.9263
14.505 839.1927 34.9265
14.515 839.2273 34.9274
14.525 839.1974 34.9276
14.535 839.1554 34.9270
14.545 839.2201 34.9246
14.555 839.2392 34.9247
14.565 839.2336 34.9261
14.575 839.2220 34.9242
14.585 839.1794 34.9248
14.595 839.1937 34.9265
14.605 839.1855 34.9266
14.615 839.2278 34.9285
14.625 839.1919 34.9290
14.635 839.1557 34.9293
14.645 839.2049 34.9286
14.655 839.2054 34.9268
14.665 839.1753 34.9274
14.675 839.2075 34.9273
14.685 839.2245 34.9270
14.695 839.2313 34.9266
14.705 839.1958 34.9268
14.715 839.1942 34.9285
14.725 839.1911 34.9293
14.735 839.1935 34.9276
14.745 839.2088 34.9272
14.755 839.2107 34.9293
14.765 839.2324 34.9294
14.775 839.1874 34.9277
14.785 839.1491 34.9263
14.795 839.2001 34.9278
14.805 839.1827 34.9303
14.815 839.2110 34.9308
14.825 839.2121 34.9300
14.835 839.2025 34.9294
14.845 839.2239 34.9282
14.855 839.1708 34.9280
14.865 839.1999 34.9274
14.875 839.1980 34.9261
14.885 839.1795 34.9270
14.895 839.2221 34.9286
14.905 839.2131 34.9298
14.915 839.1795 34.9300
14.925 839.2186 34.9290
14.935 839.2215 34.9282
14.945 839.1753 34.9298
14.955 839.1846 34.9303
14.965 839.1978 34.9298
14.975 839.2161 34.9291
14.985 839.1923 34.9295
14.995 839.2039 34.9293
15.005 839.1952 34.9282
15.015 839.1891 34.9286
15.025 839.2044 34.9287
15.035 839.1875 34.9287
15.045 839.2338 34.9281
15.055 839.1788 34.9295
15.065 839.2332 34.9312
15.075 839.2092 34.9308
15.085 839.2219 34.9308
15.095 839.2091 34.9313
15.105 839.2017 34.9303
15.115 839.1962 34.9286
15.125 839.2044 34.9282
15.135 839.1854 34.9278
15.145 839.2063 34.9286
15.155 839.1772 34.9300
15.165 839.2078 34.9297
15.175 839.1948 34.9294
15.185 839.1947 34.9312
15.195 839.1542 34.9325
15.205 839.2131 34.9329
15.215 839.1902 34.9319
15.225 839.2460 34.9308
15.235 839.1796 34.9298
15.245 839.2002 34.9299
15.255 839.1717 34.9325
15.265 839.1627 34.9329
15.275 839.2237 34.9311
15.285 839.1697 34.9295
15.295 839.1743 34.9311
15.305 839.1957 34.9313
15.315 839.1775 34.9308
15.325 839.2037 34.9315
15.335 839.2399 34.9311
15.345 839.2259 34.9311
15.355 839.2171 34.9313
15.365 839.2295 34.9320
15.375 839.1859 34.9320
15.385 839.2062 34.9311
15.395 839.1806 34.9303
15.405 839.1949 34.9316
15.415 839.2208 34.9323
15.425 839.1801 34.9312
15.435 839.2145 34.9306
15.445 839.1905 34.9306
15.455 839.2282 34.9317
15.465 839.2005 34.9317
15.475 839.2068 34.9306
15.485 839.1566 34.9315
15.495 839.2094 34.9312
15.505 839.1970 34.9308
15.515 839.2277 34.9316
15.525 839.1952 34.9312
15.535 839.1958 34.9325
15.545 839.2317 34.9330
15.555 839.2033 34.9333
15.565 839.1811 34.9330
15.575 839.1643 34.9325
15.585 839.1767 34.9336
15.595 839.1923 34.9333
15.605 839.1735 34.9313
15.615 839.2344 34.9315
15.625 839.2323 34.9317
15.635 839.2227 34.9320
15.645 839.1820 34.9323
15.655 839.1966 34.9332
15.665 839.1907 34.9338
15.675 839.1973 34.9336
15.685 839.1973 34.9338
15.695 839.2132 34.9334
15.705 839.1773 34.9330
15.715 839.2016 34.9333
15.725 839.2288 34.9347
15.735 839.2108 34.9346
15.745 839.2513 34.9333
15.755 839.2267 34.9336
15.765 839.2068 34.9333
15.775 839.2262 34.9333
15.785 839.2000 34.9333
15.795 839.1963 34.9333
15.805 839.2032 34.9334
15.815 839.2268 34.9333
15.825 839.1863 34.9334
15.835 839.1846 34.9330
15.845 839.1997 34.9340
15.855 839.1908 34.9340
15.865 839.2127 34.9341
15.875 839.2289 34.9358
15.885 839.1953 34.9359
15.895 839.1583 34.9353
15.905 839.1964 34.9355
15.915 839.2183 34.9353
15.925 839.2045 34.9346
15.935 839.2021 34.9354
15.945 839.1649 34.9363
15.955 839.2040 34.9357
15.965 839.1881 34.9351
15.975 839.1834 34.9361
15.985 839.2024 34.9359
15.995 839.1912 34.9342
16.005 839.1788 34.9333
16.015 839.1880 34.9351
16.025 839.2000 34.9346
16.035 839.1924 34.9344
16.045 839.1887 34.9355
16.055 839.2148 34.9349
16.065 839.2307 34.9327
16.075 839.1776 34.9327
16.085 839.2087 34.9362
16.095 839.1900 34.9354
16.105 839.2114 34.9344
16.115 839.2006 34.9358
16.125 839.2405 34.9368
16.135 839.1934 34.9361
16.145 839.1947 34.9362
16.155 839.2051 34.9367
16.165 839.2156 34.9359
16.175 839.1665 34.9341
16.185 839.1904 34.9340
16.195 839.2043 34.9353
16.205 839.2080 34.9358
16.215 839.1784 34.9368
16.225 839.2182 34.9370
16.235 839.2056 34.9357
16.245 839.1842 34.9361
16.255 839.1858 34.9354
16.265 839.1842 34.9342
16.275 839.1734 34.9355
16.285 839.2402 34.9346
16.295 839.1916 34.9347
16.305 839.1737 34.9363
16.315 839.2031 34.9354
16.325 839.1909 34.9354
16.335 839.2067 34.9368
16.345 839.2126 34.9377
16.355 839.1965 34.9363
16.365 839.2080 34.9354
16.375 839.1679 34.9358
16.385 839.2115 34.9347
16.395 839.1937 34.9344
16.405 839.1927 34.9346
16.415 839.2168 34.9361
16.425 839.2225 34.9374
16.435 839.1660 34.9376
16.445 839.2101 34.9362
16.455 839.1985 34.9341
16.465 839.2031 34.9341
16.475 839.2207 34.9358
16.485 839.2041 34.9374
16.495 839.2007 34.9368
16.505 839.1665 34.9358
16.515 839.1689 34.9375
16.525 839.1890 34.9383
16.535 839.1847 34.9372
16.545 839.2141 34.9372
16.555 839.1948 34.9371
16.565 839.1792 34.9361
16.575 839.2033 34.9357
16.585 839.1864 34.9366
16.595 839.2020 34.9380
16.605 839.1922 34.9376
16.615 839.1824 34.9368
16.625 839.1937 34.9384
16.635 839.1948 34.9377
16.645 839.2203 34.9376
16.655 839.1890 34.9374
16.665 839.1641 34.9367
16.675 839.2042 34.9371
16.685 839.2074 34.9370
16.695 839.1899 34.9379
16.705 839.1753 34.9385
16.715 839.2181 34.9392
16.725 839.2141 34.9393
16.735 839.1985 34.9367
16.745 839.1695 34.9368
16.755 839.1784 34.9388
16.765 839.1544 34.9387
16.775 839.2113 34.9393
16.785 839.1727 34.9383
16.795 839.2105 34.9383
16.805 839.2098 34.9406
16.815 839.1899 34.9387
16.825 839.1864 34.9364
16.835 839.1951 34.9380
16.845 839.2166 34.9388
16.855 839.1891 34.9380
16.865 839.1746 34.9366
16.875 839.2015 34.9388
16.885 839.2187 34.9391
16.895 839.1898 34.9363
16.905 839.2058 34.9357
16.915 839.1756 34.9357
16.925 839.1930 34.9370
16.935 839.1653 34.9387
16.945 839.2124 34.9405
16.955 839.1883 34.9388
16.965 839.2076 34.9384
16.975 839.1746 34.9387
16.985 839.1730 34.9367
16.995 839.2186 34.9375
17.005 839.1861 34.9389
17.015 839.1817 34.9391
17.025 839.1732 34.9387
17.035 839.1922 34.9374
17.045 839.1780 34.9380
17.055 839.1650 34.9385
17.065 839.2004 34.9374
17.075 839.1738 34.9396
17.085 839.1547 34.9413
17.095 839.1986 34.9400
17.105 839.1960 34.9400
17.115 839.2047 34.9391
17.125 839.1873 34.9377
17.135 839.1932 34.9388
17.145 839.2119 34.9401
17.155 839.1870 34.9391
17.165 839.2039 34.9392
17.175 839.2080 34.9393
17.185 839.2058 34.9394
17.195 839.2019 34.9401
17.205 839.1874 34.9404
17.215 839.2109 34.9430
17.225 839.1921 34.9415
17.235 839.1958 34.9402
17.245 839.2030 34.9422
17.255 839.1929 34.9425
17.265 839.2084 34.9400
17.275 839.1812 34.9411
17.285 839.1997 34.9417
17.295 839.1516 34.9384
17.305 839.2101 34.9397
17.315 839.1818 34.9406
17.325 839.2106 34.9398
17.335 839.1690 34.9402
17.345 839.1682 34.9401
17.355 839.1624 34.9408
17.365 839.1799 34.9421
17.375 839.1894 34.9408
17.385 839.2156 34.9408
17.395 839.2267 34.9418
17.405 839.2098 34.9405
17.415 839.2267 34.9408
17.425 839.1852 34.9415
17.435 839.1688 34.9394
17.445 839.2132 34.9393
17.455 839.2003 34.9408
17.465 839.1535 34.9404
17.475 839.1855 34.9422
17.485 839.1973 34.9430
17.495 839.2063 34.9425
17.505 839.2179 34.9422
17.515 839.1833 34.9410
17.525 839.1942 34.9393
17.535 839.2178 34.9398
17.545 839.1943 34.9423
17.555 839.1948 34.9397
17.565 839.2117 34.9393
17.575 839.2019 34.9444
17.585 839.2318 34.9451
17.595 839.2114 34.9438
17.605 839.1791 34.9430
17.615 839.1953 34.9422
17.625 839.1842 34.9411
17.635 839.2072 34.9408
17.645 839.2103 34.9419
17.655 839.2024 34.9409
17.665 839.2167 34.9418
17.675 839.1962 34.9434
17.685 839.2263 34.9417
17.695 839.2024 34.9421
17.705 839.1882 34.9453
17.715 839.1945 34.9438
17.725 839.1845 34.9402
17.735 839.1797 34.9418
17.745 839.1866 34.9432
17.755 839.1914 34.9443
17.765 839.1699 34.9435
17.775 839.1951 34.9422
17.785 839.2168 34.9425
17.795 839.2038 34.9419
17.805 839.2141 34.9434
17.815 839.2083 34.9440
17.825 839.1953 34.9426
17.835 839.2101 34.9435
17.845 839.1602 34.9457
17.855 839.2072 34.9439
17.865 839.1935 34.9434
17.875 839.1900 34.9444
17.885 839.1850 34.9427
17.895 839.2157 34.9415
17.905 839.1852 34.9410
17.915 839.1968 34.9425
17.925 839.1591 34.9419
17.935 839.2014 34.9413
17.945 839.1773 34.9434
17.955 839.2147 34.9425
17.965 839.2104 34.9426
17.975 839.2130 34.9431
17.985 839.1835 34.9419
17.995 839.2050 34.9435
18.005 839.1721 34.9449
18.015 839.2176 34.9447
18.025 839.2071 34.9452
18.035 839.2084 34.9462
18.045 839.2353 34.9464
18.055 839.1962 34.9441
18.065 839.2094 34.9443
18.075 839.2152 34.9472
18.085 839.1663 34.9461
18.095 839.2163 34.9460
18.105 839.1814 34.9479
18.115 839.1887 34.9477
18.125 839.1787 34.9466
18.135 839.2150 34.9466
18.145 839.2078 34.9465
18.155 839.1957 34.9452
18.165 839.2076 34.9447
18.175 839.2049 34.9449
18.185 839.2028 34.9449
18.195 839.2150 34.9458
18.205 839.2535 34.9473
18.215 839.2318 34.9470
18.225 839.2138 34.9457
18.235 839.2461 34.9435
18.245 839.2171 34.9422
18.255 839.2155 34.9439
18.265 839.1645 34.9452
18.275 839.1854 34.9444
18.285 839.2105 34.9445
18.295 839.2115 34.9445
18.305 839.1743 34.9453
18.315 839.1954 34.9464
18.325 839.1989 34.9451
18.335 839.2108 34.9443
18.345 839.1698 34.9452
18.355 839.1444 34.9452
18.365 839.1838 34.9458
18.375 839.2252 34.9470
18.385 839.2028 34.9447
18.395 839.1592 34.9436
18.405 839.1571 34.9439
18.415 839.1941 34.9441
18.425 839.1788 34.9458
18.435 839.1762 34.9474
18.445 839.2002 34.9477
18.455 839.1899 34.9470
18.465 839.2031 34.9472
18.475 839.1857 34.9478
18.485 839.1994 34.9489
18.495 839.1706 34.9470
18.505 839.2084 34.9439
18.515 839.2105 34.9464
18.525 839.2341 34.9482
18.535 839.1738 34.9458
18.545 839.1997 34.9447
18.555 839.1608 34.9453
18.565 839.2355 34.9478
18.575 839.2192 34.9495
18.585 839.1933 34.9489
18.595 839.1835 34.9472
18.605 839.1679 34.9474
18.615 839.2296 34.9478
18.625 839.2235 34.9474
18.635 839.1799 34.9469
18.645 839.1892 34.9466
18.655 839.1823 34.9481
18.665 839.2060 34.9475
18.675 839.2102 34.9481
18.685 839.2171 34.9487
18.695 839.2298 34.9478
18.705 839.1582 34.9483
18.715 839.1624 34.9482
18.725 839.1851 34.9473
18.735 839.2073 34.9473
18.745 839.1844 34.9473
18.755 839.1994 34.9477
18.765 839.2193 34.9482
18.775 839.1838 34.9474
18.785 839.1896 34.9477
18.795 839.1767 34.9473
18.805 839.1921 34.9460
18.815 839.1915 34.9453
18.825 839.2216 34.9468
18.835 839.1819 34.9475
18.845 839.1915 34.9475
18.855 839.1678 34.9486
18.865 839.1603 34.9474
18.875 839.2248 34.9469
18.885 839.1854 34.9496
18.895 839.1711 34.9511
18.905 839.2042 34.9486
18.915 839.1979 34.9491
18.925 839.1881 34.9512
18.935 839.1865 34.9500
18.945 839.1902 34.9496
18.955 839.1767 34.9504
18.965 839.2135 34.9496
18.975 839.1822 34.9489
18.985 839.2101 34.9494
18.995 839.1931 34.9512
19.005 839.2301 34.9504
19.015 839.1947 34.9486
19.025 839.2002 34.9491
19.035 839.1738 34.9496
19.045 839.2028 34.9498
19.055 839.1987 34.9502
19.065 839.1971 34.9506
19.075 839.2476 34.9492
19.085 839.1781 34.9491
19.095 839.1976 34.9496
19.105 839.1994 34.9495
19.115 839.2045 34.9489
19.125 839.2127 34.9473
19.135 839.2137 34.9477
19.145 839.1817 34.9507
19.155 839.1886 34.9508
19.165 839.1897 34.9494
19.175 839.1963 34.9506
19.185 839.1794 34.9502
19.195 839.1928 34.9498
19.205 839.2047 34.9506
19.215 839.2140 34.9509
19.225 839.2186 34.9508
19.235 839.2017 34.9512
19.245 839.1742 34.9511
19.255 839.1856 34.9504
19.265 839.2070 34.9498
19.275 839.2183 34.9492
19.285 839.1908 34.9500
19.295 839.2201 34.9504
19.305 839.2387 34.9494
19.315 839.2011 34.9494
19.325 839.1857 34.9509
19.335 839.2013 34.9524
19.345 839.2101 34.9524
19.355 839.1908 34.9509
19.365 839.1858 34.9511
19.375 839.1905 34.9525
19.385 839.2257 34.9520
19.395 839.1774 34.9515
19.405 839.1830 34.9509
19.415 839.1943 34.9502
19.425 839.1845 34.9517
19.435 839.2003 34.9530
19.445 839.1858 34.9530
19.455 839.1723 34.9503
19.465 839.2202 34.9489
19.475 839.2045 34.9508
19.485 839.2038 34.9517
19.495 839.1980 34.9487
19.505 839.2142 34.9492
19.515 839.1663 34.9522
19.525 839.1665 34.9520
19.535 839.2405 34.9524
19.545 839.1771 34.9533
19.555 839.2065 34.9536
19.565 839.1660 34.9516
19.575 839.2120 34.9500
19.585 839.2197 34.9498
19.595 839.1845 34.9506
19.605 839.1832 34.9517
19.615 839.1935 34.9520
19.625 839.1718 34.9513
19.635 839.1821 34.9513
19.645 839.1914 34.9519
19.655 839.2041 34.9520
19.665 839.1977 34.9517
19.675 839.1612 34.9507
19.685 839.1945 34.9508
19.695 839.2125 34.9517
19.705 839.1811 34.9529
19.715 839.1734 34.9526
19.725 839.1829 34.9511
19.735 839.2009 34.9507
19.745 839.1941 34.9517
19.755 839.2120 34.9537
19.765 839.1792 34.9528
19.775 839.1817 34.9517
19.785 839.2068 34.9515
19.795 839.1825 34.9508
19.805 839.2242 34.9516
19.815 839.1824 34.9539
19.825 839.1885 34.9537
19.835 839.1838 34.9520
19.845 839.1738 34.9520
19.855 839.2168 34.9526
19.865 839.1890 34.9525
19.875 839.1657 34.9517
19.885 839.2118 34.9536
19.895 839.1843 34.9534
19.905 839.2092 34.9525
19.915 839.1971 34.9524
19.925 839.2176 34.9524
19.935 839.2221 34.9512
19.945 839.1880 34.9509
19.955 839.2237 34.9525
19.965 839.1865 34.9526
19.975 839.1914 34.9538
19.985 839.1694 34.9542
19.995 839.1835 34.9529
20.005 839.2261 34.9520
20.015 839.1954 34.9526
20.025 839.1901 34.9530
20.035 839.1957 34.9517
20.045 839.1957 34.9524
20.055 839.2408 34.9530
20.065 839.2227 34.9536
20.075 839.2002 34.9541
20.085 839.1768 34.9530
20.095 839.2144 34.9524
20.105 839.1642 34.9528
20.115 839.1885 34.9537
20.125 839.1946 34.9550
20.135 839.1959 34.9558
20.145 839.1843 34.9550
20.155 839.2205 34.9560
20.165 839.1798 34.9566
20.175 839.2145 34.9549
20.185 839.1814 34.9532
20.195 839.2168 34.9530
20.205 839.2025 34.9549
20.215 839.2139 34.9555
20.225 839.1911 34.9534
20.235 839.2155 34.9520
20.245 839.2008 34.9536
20.255 839.1965 34.9550
20.265 839.2303 34.9553
20.275 839.2023 34.9549
20.285 839.2083 34.9558
20.295 839.1931 34.9575
20.305 839.2129 34.9575
20.315 839.2076 34.9567
20.325 839.2552 34.9546
20.335 839.1957 34.9542
20.345 839.2086 34.9553
20.355 839.1912 34.9559
20.365 839.2052 34.9558
20.375 839.1597 34.9545
20.385 839.1777 34.9550
20.395 839.1571 34.9567
20.405 839.2026 34.9573
20.415 839.2008 34.9566
20.425 839.2105 34.9558
20.435 839.1825 34.9558
20.445 839.2184 34.9564
20.455 839.2023 34.9563
20.465 839.1936 34.9564
20.475 839.1939 34.9572
20.485 839.2095 34.9564
20.495 839.2034 34.9564
20.505 839.2040 34.9567
20.515 839.2079 34.9554
20.525 839.1581 34.9547
20.535 839.1973 34.9553
20.545 839.1752 34.9562
20.555 839.2140 34.9560
20.565 839.2151 34.9556
20.575 839.2111 34.9550
20.585 839.2213 34.9559
20.595 839.2074 34.9566
20.605 839.2393 34.9556
20.615 839.2046 34.9546
20.625 839.1720 34.9547
20.635 839.1783 34.9572
20.645 839.1965 34.9584
20.655 839.1651 34.9563
20.665 839.2113 34.9556
20.675 839.2172 34.9577
20.685 839.2090 34.9583
20.695 839.1855 34.9581
20.705 839.2148 34.9577
20.715 839.2179 34.9572
20.725 839.1680 34.9556
20.735 839.1871 34.9579
20.745 839.1845 34.9593
20.755 839.2027 34.9568
20.765 839.1918 34.9559
20.775 839.1807 34.9563
20.785 839.2257 34.9580
20.795 839.2022 34.9581
20.805 839.2062 34.9585
20.815 839.1826 34.9598
20.825 839.1771 34.9581
20.835 839.1937 34.9576
20.845 839.1751 34.9581
20.855 839.2177 34.9584
20.865 839.1952 34.9592
20.875 839.1916 34.9571
20.885 839.2237 34.9563
20.895 839.2143 34.9577
20.905 839.1977 34.9596
20.915 839.1871 34.9590
20.925 839.1902 34.9583
20.935 839.1869 34.9592
20.945 839.1937 34.9573
20.955 839.1976 34.9568
20.965 839.1807 34.9588
20.975 839.2306 34.9577
20.985 839.1974 34.9563
20.995 839.1652 34.9575
21.005 839.2101 34.9583
21.015 839.2056 34.9584
21.025 839.2032 34.9577
21.035 839.1844 34.9566
21.045 839.2207 34.9572
21.055 839.2131 34.9577
21.065 839.2011 34.9586
21.075 839.1770 34.9593
21.085 839.1741 34.9576
21.095 839.1976 34.9577
21.105 839.2264 34.9571
21.115 839.1763 34.9563
21.125 839.2231 34.9570
21.135 839.2011 34.9589
21.145 839.2138 34.9598
21.155 839.1954 34.9586
21.165 839.1790 34.9580
21.175 839.1792 34.9579
21.185 839.2241 34.9572
21.195 839.1996 34.9588
21.205 839.2139 34.9603
21.215 839.1977 34.9596
21.225 839.1874 34.9593
21.235 839.2029 34.9592
21.245 839.2178 34.9583
21.255 839.2138 34.9579
21.265 839.1800 34.9584
21.275 839.1655 34.9588
21.285 839.2075 34.9585
21.295 839.2151 34.9584
21.305 839.2241 34.9598
21.315 839.1974 34.9598
21.325 839.1734 34.9592
21.335 839.2075 34.9590
21.345 839.2041 34.9585
21.355 839.1949 34.9579
21.365 839.1985 34.9590
21.375 839.1917 34.9601
21.385 839.2208 34.9614
21.395 839.1953 34.9611
21.405 839.1990 34.9605
21.415 839.2030 34.9597
21.425 839.2125 34.9580
21.435 839.1798 34.9590
21.445 839.1739 34.9609
21.455 839.1810 34.9618
21.465 839.1861 34.9614
21.475 839.1840 34.9594
21.485 839.1943 34.9590
21.495 839.1739 34.9594
21.505 839.2257 34.9597
21.515 839.2224 34.9626
21.525 839.2057 34.9630
21.535 839.2165 34.9606
21.545 839.1917 34.9596
21.555 839.2348 34.9596
21.565 839.1858 34.9596
21.575 839.2044 34.9606
21.585 839.2026 34.9620
21.595 839.2094 34.9614
21.605 839.2046 34.9603
21.615 839.2012 34.9601
21.625 839.2141 34.9610
21.635 839.1853 34.9622
21.645 839.1835 34.9627
21.655 839.2047 34.9617
21.665 839.1719 34.9609
21.675 839.1874 34.9618
21.685 839.1861 34.9630
21.695 839.2148 34.9632
21.705 839.1965 34.9634
21.715 839.2020 34.9627
21.725 839.1801 34.9627
21.735 839.1965 34.9609
21.745 839.2182 34.9600
21.755 839.1785 34.9618
21.765 839.1981 34.9607
21.775 839.2280 34.9635
21.785 839.2028 34.9647
21.795 839.2078 34.9628
21.805 839.2084 34.9628
21.815 839.1995 34.9613
21.825 839.1754 34.9610
21.835 839.2097 34.9639
21.845 839.1923 34.9636
21.855 839.1971 34.9610
21.865 839.2047 34.9609
21.875 839.1989 34.9600
21.885 839.1648 34.9609
21.895 839.1780 34.9623
21.905 839.2028 34.9626
21.915 839.2158 34.9631
21.925 839.2024 34.9628
21.935 839.1963 34.9618
21.945 839.2174 34.9623
21.955 839.2109 34.9640
21.965 839.2043 34.9627
21.975 839.2032 34.9618
21.985 839.2417 34.9622
21.995 839.2159 34.9610
22.005 839.1828 34.9606
22.015 839.2134 34.9623
22.025 839.2116 34.9635
22.035 839.1994 34.9618
22.045 839.1941 34.9617
22.055 839.2193 34.9644
22.065 839.1997 34.9645
22.075 839.2081 34.9619
22.085 839.2111 34.9613
22.095 839.1978 34.9637
22.105 839.2131 34.9644
22.115 839.1909 34.9637
22.125 839.1967 34.9623
22.135 839.1949 34.9618
22.145 839.2158 34.9627
22.155 839.2132 34.9617
22.165 839.2018 34.9632
22.175 839.2082 34.9643
22.185 839.1809 34.9640
22.195 839.2079 34.9632
22.205 839.2018 34.9613
22.215 839.1828 34.9627
22.225 839.1944 34.9636
22.235 839.2407 34.9631
22.245 839.1897 34.9641
22.255 839.2045 34.9651
22.265 839.2010 34.9641
22.275 839.2002 34.9653
22.285 839.2270 34.9651
22.295 839.1714 34.9635
22.305 839.2304 34.9635
22.315 839.1950 34.9627
22.325 839.1714 34.9637
22.335 839.1815 34.9649
22.345 839.2282 34.9639
22.355 839.2047 34.9628
22.365 839.1894 34.9635
22.375 839.1706 34.9643
22.385 839.2000 34.9639
22.395 839.2072 34.9630
22.405 839.2283 34.9639
22.415 839.1929 34.9658
22.425 839.2010 34.9658
22.435 839.1865 34.9648
22.445 839.2074 34.9662
22.455 839.2321 34.9656
22.465 839.2054 34.9634
22.475 839.2022 34.9652
22.485 839.2351 34.9661
22.495 839.1992 34.9649
22.505 839.2119 34.9644
22.515 839.2053 34.9645
22.525 839.2362 34.9636
22.535 839.1815 34.9649
22.545 839.1881 34.9667
22.555 839.2114 34.9662
22.565 839.1794 34.9656
22.575 839.2156 34.9641
22.585 839.1953 34.9653
22.595 839.1929 34.9675
22.605 839.1923 34.9667
22.615 839.1680 34.9658
22.625 839.1519 34.9660
22.635 839.2048 34.9658
22.645 839.2104 34.9665
22.655 839.2300 34.9670
22.665 839.2006 34.9666
22.675 839.1847 34.9667
22.685 839.1940 34.9662
22.695 839.1958 34.9660
22.705 839.2038 34.9681
22.715 839.1921 34.9691
22.725 839.1992 34.9673
22.735 839.1974 34.9651
22.745 839.2241 34.9665
22.755 839.2006 34.9688
22.765 839.1934 34.9681
22.775 839.1696 34.9670
22.785 839.2214 34.9666
22.795 839.1958 34.9658
22.805 839.1818 34.9653
22.815 839.1950 34.9671
22.825 839.2270 34.9687
22.835 839.1905 34.9675
22.845 839.1976 34.9679
22.855 839.2037 34.9692
22.865 839.2114 34.9696
22.875 839.2077 34.9682
22.885 839.2003 34.9681
22.895 839.2006 34.9699
22.905 839.1937 34.9691
22.915 839.1937 34.9678
22.925 839.1889 34.9678
22.935 839.1670 34.9673
22.945 839.1844 34.9665
22.955 839.1783 34.9688
22.965 839.1635 34.9683
22.975 839.1670 34.9670
22.985 839.2103 34.9684
22.995 839.1836 34.9674
23.005 839.1910 34.9667
23.015 839.2117 34.9658
23.025 839.2019 34.9660
23.035 839.2164 34.9669
23.045 839.2035 34.9662
23.055 839.1974 34.9677
23.065 839.1807 34.9684
23.075 839.1961 34.9679
23.085 839.1918 34.9682
23.095 839.2165 34.9678
23.105 839.1914 34.9666
23.115 839.2022 34.9682
23.125 839.1903 34.9684
23.135 839.1684 34.9684
23.145 839.1811 34.9698
23.155 839.1728 34.9688
23.165 839.2085 34.9671
23.175 839.1845 34.9677
23.185 839.2101 34.9690
23.195 839.1945 34.9681
23.205 839.1747 34.9679
23.215 839.1779 34.9687
23.225 839.1823 34.9681
23.235 839.1951 34.9675
23.245 839.2091 34.9669
23.255 839.2220 34.9671
23.265 839.2247 34.9687
23.275 839.1901 34.9677
23.285 839.2089 34.9675
23.295 839.1835 34.9692
23.305 839.2276 34.9696
23.315 839.2038 34.9695
23.325 839.1882 34.9681
23.335 839.1774 34.9673
23.345 839.1843 34.9694
23.355 839.1777 34.9715
23.365 839.1758 34.9720
23.375 839.2186 34.9704
23.385 839.2089 34.9684
23.395 839.1957 34.9681
23.405 839.1911 34.9688
23.415 839.1948 34.9692
23.425 839.1732 34.9690
23.435 839.2006 34.9684
23.445 839.2196 34.9681
23.455 839.2028 34.9686
23.465 839.1933 34.9692
23.475 839.1882 34.9698
23.485 839.2100 34.9707
23.495 839.2184 34.9686
23.505 839.2065 34.9674
23.515 839.2060 34.9691
23.525 839.1584 34.9694
23.535 839.1769 34.9699
23.545 839.1933 34.9717
23.555 839.1867 34.9722
23.565 839.1991 34.9705
23.575 839.1861 34.9700
23.585 839.1965 34.9700
23.595 839.1944 34.9691
23.605 839.1782 34.9703
23.615 839.1665 34.9709
23.625 839.2208 34.9699
23.635 839.2036 34.9699
23.645 839.2232 34.9703
23.655 839.2065 34.9696
23.665 839.2009 34.9698
23.675 839.1737 34.9699
23.685 839.1816 34.9681
23.695 839.2187 34.9682
23.705 839.2023 34.9695
23.715 839.1655 34.9696
23.725 839.1867 34.9699
23.735 839.2176 34.9692
23.745 839.1975 34.9691
23.755 839.2102 34.9694
23.765 839.1885 34.9695
23.775 839.1933 34.9704
23.785 839.1758 34.9704
23.795 839.1930 34.9696
23.805 839.2063 34.9699
23.815 839.2071 34.9699
23.825 839.1712 34.9703
23.835 839.2300 34.9695
23.845 839.2205 34.9681
23.855 839.1746 34.9687
23.865 839.1817 34.9696
23.875 839.2104 34.9704
23.885 839.1993 34.9699
23.895 839.1563 34.9695
23.905 839.1950 34.9695
23.915 839.1950 34.9696
23.925 839.1838 34.9694
23.935 839.2018 34.9692
23.945 839.2042 34.9711
23.955 839.1857 34.9708
23.965 839.1801 34.9690
23.975 839.1632 34.9692
23.985 839.2428 34.9699
23.995 839.1891 34.9711
24.005 839.2237 34.9715
24.015 839.1809 34.9713
24.025 839.1950 34.9718
24.035 839.2090 34.9720
24.045 839.2085 34.9718
24.055 839.1990 34.9705
24.065 839.2058 34.9708
24.075 839.2081 34.9726
24.085 839.1955 34.9716
24.095 839.1862 34.9712
24.105 839.2028 34.9724
24.115 839.1880 34.9712
24.125 839.1635 34.9698
24.135 839.1513 34.9715
24.145 839.1971 34.9711
24.155 839.2264 34.9711
24.165 839.2021 34.9733
24.175 839.2042 34.9735
24.185 839.2120 34.9737
24.195 839.2037 34.9730
24.205 839.1889 34.9720
24.215 839.2010 34.9721
24.225 839.1986 34.9726
24.235 839.1907 34.9728
24.245 839.1855 34.9743
24.255 839.2082 34.9738
24.265 839.2180 34.9720
24.275 839.1585 34.9730
24.285 839.1794 34.9746
24.295 839.1786 34.9735
24.305 839.2058 34.9713
24.315 839.1907 34.9722
24.325 839.1899 34.9734
24.335 839.2225 34.9715
24.345 839.2016 34.9699
24.355 839.1815 34.9725
24.365 839.1947 34.9733
24.375 839.2124 34.9726
24.385 839.2090 34.9742
24.395 839.1678 34.9738
24.405 839.1978 34.9743
24.415 839.1820 34.9741
24.425 839.2095 34.9725
24.435 839.1940 34.9734
24.445 839.2297 34.9742
24.455 839.1950 34.9746
24.465 839.2210 34.9725
24.475 839.1964 34.9716
24.485 839.2156 34.9739
24.495 839.2035 34.9747
24.505 839.1876 34.9722
24.515 839.1982 34.9720
24.525 839.1958 34.9741
24.535 839.2077 34.9738
24.545 839.1773 34.9743
24.555 839.1961 34.9734
24.565 839.1894 34.9716
24.575 839.2212 34.9718
24.585 839.2051 34.9730
24.595 839.2096 34.9739
24.605 839.2217 34.9741
24.615 839.1931 34.9733
24.625 839.1794 34.9728
24.635 839.2101 34.9734
24.645 839.1892 34.9735
24.655 839.1990 34.9734
24.665 839.1896 34.9737
24.675 839.2121 34.9742
24.685 839.2003 34.9738
24.695 839.2146 34.9741
24.705 839.1850 34.9751
24.715 839.1832 34.9764
24.725 839.1937 34.9760
24.735 839.1913 34.9731
24.745 839.1973 34.9739
24.755 839.1984 34.9750
24.765 839.2119 34.9739
24.775 839.1680 34.9726
24.785 839.2107 34.9717
24.795 839.2337 34.9733
24.805 839.2432 34.9768
24.815 839.1747 34.9759
24.825 839.1713 34.9731
24.835 839.1945 34.9747
24.845 839.1956 34.9759
24.855 839.1879 34.9759
24.865 839.2027 34.9759
24.875 839.1974 34.9748
24.885 839.2021 34.9748
24.895 839.1873 34.9748
24.905 839.2265 34.9728
24.915 839.1853 34.9754
24.925 839.1963 34.9786
24.935 839.1961 34.9764
24.945 839.1625 34.9771
24.955 839.1961 34.9769
24.965 839.1961 34.9748
24.975 839.2173 34.9751
24.985 839.2099 34.9752
24.995 839.2170 34.9752
25.005 839.2189 34.9743
25.015 839.1594 34.9743
25.025 839.2093 34.9750
25.035 839.2107 34.9754
25.045 839.2008 34.9760
25.055 839.1898 34.9768
25.065 839.2073 34.9758
25.075 839.2284 34.9768
25.085 839.2202 34.9788
25.095 839.1985 34.9775
25.105 839.2223 34.9765
25.115 839.2191 34.9762
25.125 839.2191 34.9750
25.135 839.2479 34.9756
25.145 839.2149 34.9776
25.155 839.1443 34.9779
25.165 839.1858 34.9772
25.175 839.2125 34.9780
25.185 839.1909 34.9773
25.195 839.1864 34.9760
25.205 839.1932 34.9767
25.215 839.2094 34.9765
25.225 839.1969 34.9762
25.235 839.2202 34.9767
25.245 839.2160 34.9764
25.255 839.2073 34.9765
25.265 839.2258 34.9776
25.275 839.2104 34.9772
25.285 839.2226 34.9773
25.295 839.1922 34.9771
25.305 839.2147 34.9755
25.315 839.1859 34.9759
25.325 839.2009 34.9776
25.335 839.2049 34.9790
25.345 839.1930 34.9793
25.355 839.1793 34.9786
25.365 839.1838 34.9796
25.375 839.2110 34.9793
25.385 839.1811 34.9779
25.395 839.2208 34.9773
25.405 839.1788 34.9777
25.415 839.1988 34.9784
25.425 839.1993 34.9772
25.435 839.2093 34.9767
25.445 839.1737 34.9772
25.455 839.1811 34.9773
25.465 839.1670 34.9768
25.475 839.1904 34.9779
25.485 839.1988 34.9790
25.495 839.1785 34.9785
25.505 839.1972 34.9781
25.515 839.2014 34.9768
25.525 839.2030 34.9773
25.535 839.2009 34.9779
25.545 839.2086 34.9785
25.555 839.1887 34.9769
25.565 839.1827 34.9751
25.575 839.1779 34.9762
25.585 839.1991 34.9776
25.595 839.1862 34.9782
25.605 839.2105 34.9792
25.615 839.2187 34.9792
25.625 839.1679 34.9789
25.635 839.2046 34.9777
25.645 839.2269 34.9762
25.655 839.2221 34.9776
25.665 839.1875 34.9769
25.675 839.1793 34.9772
25.685 839.1754 34.9799
25.695 839.1968 34.9794
25.705 839.1991 34.9786
25.715 839.2013 34.9796
25.725 839.2076 34.9797
25.735 839.1952 34.9793
25.745 839.2171 34.9789
25.755 839.2044 34.9788
25.765 839.2195 34.9788
25.775 839.2309 34.9789
25.785 839.1857 34.9776
25.795 839.1788 34.9776
25.805 839.1967 34.9796
25.815 839.2145 34.9793
25.825 839.1925 34.9775
25.835 839.1599 34.9782
25.845 839.1816 34.9790
25.855 839.1806 34.9792
25.865 839.1812 34.9792
25.875 839.1888 34.9796
25.885 839.1798 34.9796
25.895 839.1941 34.9785
25.905 839.1597 34.9794
25.915 839.1621 34.9793
25.925 839.1896 34.9793
25.935 839.1528 34.9790
25.945 839.1922 34.9769
25.955 839.1859 34.9788
25.965 839.2274 34.9810
25.975 839.2306 34.9814
25.985 839.1976 34.9810
25.995 839.1883 34.9785
26.005 839.2116 34.9784
26.015 839.1862 34.9796
26.025 839.2119 34.9786
26.035 839.1931 34.9792
26.045 839.2034 34.9802
26.055 839.1945 34.9782
26.065 839.1781 34.9777
26.075 839.2174 34.9790
26.085 839.2021 34.9802
26.095 839.1950 34.9798
26.105 839.2264 34.9786
26.115 839.1659 34.9802
26.125 839.1815 34.9796
26.135 839.2098 34.9792
26.145 839.1973 34.9816
26.155 839.2224 34.9819
26.165 839.2074 34.9810
26.175 839.2048 34.9807
26.185 839.1952 34.9803
26.195 839.1897 34.9809
26.205 839.2114 34.9819
26.215 839.1911 34.9814
26.225 839.1863 34.9806
26.235 839.2095 34.9798
26.245 839.2069 34.9794
26.255 839.2095 34.9809
26.265 839.2066 34.9822
26.275 839.1966 34.9819
26.285 839.1875 34.9809
26.295 839.1851 34.9812
26.305 839.2042 34.9824
26.315 839.2042 34.9814
26.325 839.1913 34.9798
26.335 839.1908 34.9793
26.345 839.1963 34.9818
26.355 839.1583 34.9818
26.365 839.2180 34.9794
26.375 839.2217 34.9809
26.385 839.2265 34.9814
26.395 839.1995 34.9805
26.405 839.1971 34.9797
26.415 839.1992 34.9799
26.425 839.1892 34.9807
26.435 839.1955 34.9806
26.445 839.1881 34.9807
26.455 839.2151 34.9801
26.465 839.2180 34.9798
26.475 839.1704 34.9802
26.485 839.1934 34.9815
26.495 839.1976 34.9824
26.505 839.2225 34.9826
26.515 839.2095 34.9811
26.525 839.1862 34.9798
26.535 839.2034 34.9806
26.545 839.2048 34.9824
26.555 839.1736 34.9828
26.565 839.2129 34.9812
26.575 839.1757 34.9818
26.585 839.2016 34.9835
26.595 839.2218 34.9831
26.605 839.1718 34.9824
26.615 839.1988 34.9826
26.625 839.2046 34.9820
26.635 839.2003 34.9823
26.645 839.2093 34.9822
26.655 839.1832 34.9823
26.665 839.1755 34.9824
26.675 839.2114 34.9826
26.685 839.2099 34.9831
26.695 839.2115 34.9824
26.705 839.2098 34.9822
26.715 839.2238 34.9836
26.725 839.1966 34.9828
26.735 839.1808 34.9805
26.745 839.2053 34.9793
26.755 839.2265 34.9806
26.765 839.2143 34.9827
26.775 839.1651 34.9828
26.785 839.1791 34.9820
26.795 839.2175 34.9809
26.805 839.2160 34.9812
26.815 839.2207 34.9815
26.825 839.1822 34.9805
26.835 839.2016 34.9815
26.845 839.1860 34.9818
26.855 839.2104 34.9814
26.865 839.2165 34.9827
26.875 839.2220 34.9833
26.885 839.1607 34.9835
26.895 839.1605 34.9835
26.905 839.2128 34.9831
26.915 839.2157 34.9843
26.925 839.1750 34.9850
26.935 839.1734 34.9831
26.945 839.1832 34.9827
26.955 839.2059 34.9846
26.965 839.2151 34.9857
26.975 839.2016 34.9841
26.985 839.1897 34.9839
26.995 839.1641 34.9840
27.005 839.1969 34.9840
27.015 839.1795 34.9843
27.025 839.2072 34.9846
27.035 839.1921 34.9840
27.045 839.1742 34.9833
27.055 839.1903 34.9839
27.065 839.1861 34.9846
27.075 839.1938 34.9852
27.085 839.1898 34.9841
27.095 839.2065 34.9841
27.105 839.2308 34.9857
27.115 839.1932 34.9866
27.125 839.2032 34.9852
27.135 839.1848 34.9848
27.145 839.1959 34.9853
27.155 839.1954 34.9839
27.165 839.2028 34.9843
27.175 839.1785 34.9848
27.185 839.1922 34.9831
27.195 839.1979 34.9828
27.205 839.2056 34.9831
27.215 839.1568 34.9831
27.225 839.1988 34.9840
27.235 839.1905 34.9846
27.245 839.1731 34.9856
27.255 839.2334 34.9869
27.265 839.1779 34.9862
27.275 839.2052 34.9862
27.285 839.1793 34.9867
27.295 839.1991 34.9853
27.305 839.1668 34.9841
27.315 839.1721 34.9843
27.325 839.1708 34.9848
27.335 839.1980 34.9843
27.345 839.1551 34.9833
27.355 839.2062 34.9857
27.365 839.2007 34.9862
27.375 839.2083 34.9846
27.385 839.1975 34.9860
27.395 839.2390 34.9853
27.405 839.2102 34.9848
27.415 839.1748 34.9848
27.425 839.2210 34.9833
27.435 839.1753 34.9836
27.445 839.1774 34.9852
27.455 839.1845 34.9844
27.465 839.2086 34.9837
27.475 839.2025 34.9854
27.485 839.2210 34.9863
27.495 839.2059 34.9880
27.505 839.2028 34.9880
27.515 839.1751 34.9876
27.525 839.2285 34.9878
27.535 839.1928 34.9866
27.545 839.2002 34.9865
27.555 839.1930 34.9873
27.565 839.1848 34.9871
27.575 839.1943 34.9866
27.585 839.2033 34.9867
27.595 839.2065 34.9875
27.605 839.2203 34.9858
27.615 839.2036 34.9854
27.625 839.1869 34.9866
27.635 839.1594 34.9861
27.645 839.1832 34.9863
27.655 839.2171 34.9858
27.665 839.1978 34.9862
27.675 839.1682 34.9857
27.685 839.2145 34.9853
27.695 839.2057 34.9869
27.705 839.1969 34.9879
27.715 839.1909 34.9857
27.725 839.2015 34.9832
27.735 839.1997 34.9836
27.745 839.2065 34.9841
27.755 839.1968 34.9861
27.765 839.2159 34.9873
27.775 839.2159 34.9854
27.785 839.2029 34.9862
27.795 839.2163 34.9879
27.805 839.1888 34.9873
27.815 839.1954 34.9869
27.825 839.2036 34.9869
27.835 839.2015 34.9870
27.845 839.1808 34.9873
27.855 839.1943 34.9866
27.865 839.2018 34.9857
27.875 839.2036 34.9854
27.885 839.1943 34.9860
27.895 839.1946 34.9861
27.905 839.1782 34.9876
27.915 839.1724 34.9873
27.925 839.1793 34.9854
27.935 839.2084 34.9862
27.945 839.2028 34.9865
27.955 839.2081 34.9862
27.965 839.2139 34.9878
27.975 839.2015 34.9879
27.985 839.1888 34.9887
27.995 839.2129 34.9887
28.005 839.2045 34.9879
28.015 839.1883 34.9876
28.025 839.1862 34.9862
28.035 839.2107 34.9880
28.045 839.1829 34.9880
28.055 839.2374 34.9887
28.065 839.1880 34.9896
28.075 839.2052 34.9895
28.085 839.2204 34.9880
28.095 839.2285 34.9854
28.105 839.1902 34.9865
28.115 839.1907 34.9879
28.125 839.2113 34.9867
28.135 839.2140 34.9863
28.145 839.1965 34.9878
28.155 839.2262 34.9874
28.165 839.1904 34.9874
28.175 839.1828 34.9890
28.185 839.1939 34.9890
28.195 839.1902 34.9887
28.205 839.1986 34.9874
28.215 839.2165 34.9882
28.225 839.2084 34.9893
28.235 839.1997 34.9882
28.245 839.1722 34.9871
28.255 839.2026 34.9886
28.265 839.2188 34.9904
28.275 839.1862 34.9887
28.285 839.1976 34.9879
28.295 839.1929 34.9892
28.305 839.1765 34.9887
28.315 839.2023 34.9886
28.325 839.2050 34.9895
28.335 839.1844 34.9897
28.345 839.2034 34.9890
28.355 839.1886 34.9888
28.365 839.1749 34.9888
28.375 839.2071 34.9886
28.385 839.2211 34.9895
28.395 839.2148 34.9884
28.405 839.2011 34.9887
28.415 839.1857 34.9896
28.425 839.2230 34.9895
28.435 839.2024 34.9901
28.445 839.1820 34.9901
28.455 839.1566 34.9893
28.465 839.1720 34.9890
28.475 839.1863 34.9882
28.485 839.1712 34.9890
28.495 839.2151 34.9905
28.505 839.1868 34.9909
28.515 839.2080 34.9900
28.525 839.1971 34.9882
28.535 839.2450 34.9874
28.545 839.1805 34.9891
28.555 839.1911 34.9893
28.565 839.1741 34.9890
28.575 839.2040 34.9899
28.585 839.1799 34.9899
28.595 839.1923 34.9892
28.605 839.1964 34.9876
28.615 839.2087 34.9883
28.625 839.1987 34.9908
28.635 839.1998 34.9908
28.645 839.1982 34.9887
28.655 839.1720 34.9903
28.665 839.1606 34.9924
28.675 839.1802 34.9924
28.685 839.1797 34.9914
28.695 839.2024 34.9908
28.705 839.2122 34.9909
28.715 839.1564 34.9905
28.725 839.1892 34.9900
28.735 839.1972 34.9899
28.745 839.1657 34.9888
28.755 839.1974 34.9891
28.765 839.1845 34.9909
28.775 839.2062 34.9900
28.785 839.1824 34.9891
28.795 839.1958 34.9901
28.805 839.1828 34.9893
28.815 839.2135 34.9892
28.825 839.1987 34.9908
28.835 839.2048 34.9896
28.845 839.2043 34.9887
28.855 839.2082 34.9895
28.865 839.1578 34.9896
28.875 839.2324 34.9899
28.885 839.2284 34.9900
28.895 839.1948 34.9900
28.905 839.2214 34.9913
28.915 839.2360 34.9916
28.925 839.1988 34.9896
28.935 839.2151 34.9880
28.945 839.1903 34.9871
28.955 839.2083 34.9884
28.965 839.2017 34.9896
28.975 839.1851 34.9908
28.985 839.1932 34.9927
28.995 839.2120 34.9913
29.005 839.1898 34.9907
29.015 839.1940 34.9900
29.025 839.2141 34.9901
29.035 839.2088 34.9914
29.045 839.2110 34.9920
29.055 839.1742 34.9920
29.065 839.1903 34.9908
29.075 839.2167 34.9907
29.085 839.1943 34.9916
29.095 839.2033 34.9916
29.105 839.1736 34.9903
29.115 839.1717 34.9891
29.125 839.1884 34.9914
29.135 839.2218 34.9926
29.145 839.1964 34.9909
29.155 839.2090 34.9922
29.165 839.1897 34.9929
29.175 839.1800 34.9914
29.185 839.1993 34.9916
29.195 839.1972 34.9929
29.205 839.2022 34.9921
29.215 839.1744 34.9903
29.225 839.1715 34.9907
29.235 839.2003 34.9914
29.245 839.1638 34.9908
29.255 839.1932 34.9917
29.265 839.1900 34.9922
29.275 839.1850 34.9917
29.285 839.2030 34.9922
29.295 839.2001 34.9918
29.305 839.1885 34.9924
29.315 839.1893 34.9921
29.325 839.2146 34.9931
29.335 839.2249 34.9939
29.345 839.1964 34.9921
29.355 839.2231 34.9914
29.365 839.2040 34.9926
29.375 839.1932 34.9933
29.385 839.2113 34.9941
29.395 839.2356 34.9947
29.405 839.2202 34.9935
29.415 839.2234 34.9930
29.425 839.2426 34.9941
29.435 839.1988 34.9939
29.445 839.2052 34.9931
29.455 839.1903 34.9938
29.465 839.2226 34.9927
29.475 839.2266 34.9929
29.485 839.2046 34.9920
29.495 839.1818 34.9926
29.505 839.1908 34.9946
29.515 839.1876 34.9925
29.525 839.1868 34.9930
29.535 839.1927 34.9935
29.545 839.1670 34.9937
29.555 839.2151 34.9926
29.565 839.2276 34.9907
29.575 839.1713 34.9930
29.585 839.1824 34.9937
29.595 839.1887 34.9921
29.605 839.1824 34.9924
29.615 839.2125 34.9941
29.625 839.1874 34.9947
29.635 839.1869 34.9950
29.645 839.2068 34.9950
29.655 839.1965 34.9951
29.665 839.1817 34.9951
29.675 839.1851 34.9948
29.685 839.1895 34.9950
29.695 839.1697 34.9943
29.705 839.1779 34.9934
29.715 839.1834 34.9921
29.725 839.1774 34.9930
29.735 839.1777 34.9942
29.745 839.1930 34.9939
29.755 839.1867 34.9941
29.765 839.1944 34.9947
29.775 839.2399 34.9968
29.785 839.1896 34.9957
29.795 839.1747 34.9938
29.805 839.1969 34.9933
29.815 839.1986 34.9931
29.825 839.1730 34.9948
29.835 839.2255 34.9947
29.845 839.1885 34.9952
29.855 839.1946 34.9950
29.865 839.2034 34.9954
29.875 839.2031 34.9963
29.885 839.1920 34.9948
29.895 839.1803 34.9941
29.905 839.2157 34.9950
29.915 839.1755 34.9952
29.925 839.2136 34.9951
29.935 839.1756 34.9961
29.945 839.1556 34.9963
29.955 839.2037 34.9955
29.965 839.1944 34.9943
29.975 839.2079 34.9946
29.985 839.1902 34.9954
